START 459 459 459 458 459 459 END
START 459 459 459 459 459 459 END
START 468 468 468 468 468 468 END
START 482 481 482 481 482 481 END
START 488 488 488 487 488 488 END
START 488 488 488 487 487 487 END
START 479 479 479 479 479 478 END
START 458 458 458 457 458 457 END
START 426 426 426 425 425 425 END
START 398 398 397 397 397 396 END
START 376 376 376 375 375 375 END
START 364 364 364 364 364 364 END
START 357 357 357 356 357 357 END
START 352 351 352 351 352 352 END
START 346 346 346 346 346 346 END
START 341 342 342 341 341 341 END
START 341 341 341 341 341 340 END
START 347 346 346 346 346 346 END
START 350 350 350 350 350 350 END
START 357 357 357 357 358 357 END
START 357 358 357 357 358 357 END
START 358 358 358 357 358 357 END
START 357 358 357 357 357 357 END
START 362 362 362 362 362 362 END
START 363 363 363 363 363 363 END
START 365 365 365 365 366 366 END
START 366 366 366 365 365 365 END
START 372 371 371 371 371 370 END
START 359 359 359 358 359 358 END
START 339 339 339 339 339 338 END
START 327 327 326 326 326 326 END