START 553 553 553 553 553 553 END
START 554 554 554 554 554 554 END
START 575 575 575 574 575 574 END
START 600 600 600 600 600 600 END
START 601 601 601 600 601 600 END
START 576 576 576 575 575 575 END
START 538 538 538 537 538 537 END
START 491 491 491 490 490 489 END
START 431 431 431 430 431 430 END
START 383 383 383 383 383 382 END
START 356 356 356 355 356 356 END
START 344 344 343 343 343 343 END
START 339 338 338 338 337 337 END
START 334 334 334 333 334 334 END
START 329 329 329 329 329 329 END
START 325 326 325 325 326 325 END
START 330 330 330 330 330 330 END
START 332 332 332 332 333 332 END
START 345 346 345 345 346 345 END
START 343 344 344 343 343 343 END
START 346 346 346 346 346 346 END
START 346 346 346 346 346 346 END
START 344 343 343 342 343 343 END