START 474 474 473 473 474 474 END
START 475 475 476 475 476 475 END
START 513 513 513 513 513 513 END
START 565 565 566 565 565 565 END
START 587 587 587 587 587 587 END
START 600 600 600 600 600 599 END
START 588 588 588 587 588 587 END
START 560 560 560 559 560 559 END
START 518 518 518 517 517 516 END
START 454 454 454 453 453 453 END
START 386 386 386 385 385 385 END
START 353 353 353 352 353 352 END
START 328 328 328 327 327 328 END
START 321 321 321 321 321 320 END
START 313 313 313 313 313 313 END
START 298 299 299 298 299 298 END
START 309 309 309 309 310 309 END
START 313 313 313 313 313 313 END
START 323 323 323 323 323 323 END
START 333 333 333 332 333 333 END
START 329 329 330 329 330 330 END
START 333 333 333 332 333 332 END
START 340 340 340 339 340 340 END