START 426 426 425 426 427 427 END
START 429 429 429 429 430 429 END
START 471 471 471 471 472 472 END
START 524 524 524 524 525 524 END
START 569 569 569 569 570 569 END
START 588 588 588 587 588 587 END
START 593 593 593 592 593 592 END
START 560 560 560 559 559 558 END
START 534 535 534 533 533 533 END
START 490 490 489 489 489 488 END
START 428 428 428 427 428 427 END
START 362 363 363 361 362 361 END
START 343 342 342 342 342 342 END
START 329 329 329 328 328 328 END
START 320 321 321 320 321 320 END
START 320 320 320 319 319 319 END
START 276 276 276 276 277 276 END
START 315 315 315 315 316 316 END
START 320 320 320 320 320 320 END
START 324 323 324 324 324 324 END
START 334 334 334 333 334 334 END
START 334 334 334 333 334 334 END
START 342 342 342 342 342 342 END
START 354 354 354 353 353 353 END
START 361 361 361 360 361 360 END
START 360 360 360 360 360 360 END