START 430 431 430 429 430 430 END
START 429 429 429 428 428 428 END
START 452 452 452 452 453 452 END
START 475 476 476 476 476 476 END
START 488 488 487 487 487 487 END
START 485 485 485 485 485 485 END
START 470 470 470 469 470 469 END
START 448 448 448 447 447 447 END
START 431 431 431 430 431 430 END
START 385 385 385 385 385 384 END
START 385 384 384 384 384 384 END
START 377 377 377 377 377 377 END
START 368 368 368 367 368 368 END
START 362 363 362 362 362 362 END
START 364 364 364 363 364 364 END
START 363 363 363 362 362 362 END
START 367 367 367 366 367 366 END
START 359 359 359 359 359 359 END
START 362 362 362 362 362 362 END
START 356 355 356 355 355 355 END
START 358 358 358 357 358 358 END
START 364 364 364 364 364 364 END
START 363 363 363 363 363 363 END
START 335 335 336 335 335 335 END
START 319 319 319 319 319 318 END
START 298 298 298 298 298 298 END