START 465 465 464 465 466 466 END
START 468 469 469 468 470 469 END
START 492 493 492 492 493 493 END
START 533 533 533 533 533 533 END
START 552 552 552 551 552 551 END
START 559 559 559 558 559 558 END
START 537 537 537 536 536 536 END
START 501 501 500 500 500 499 END
START 462 462 462 461 461 461 END
START 414 414 414 413 413 413 END
START 373 373 373 372 372 372 END
START 353 353 353 352 353 353 END
START 344 343 344 343 343 343 END
START 328 328 328 328 328 328 END
START 333 333 332 332 332 332 END
START 310 310 310 309 309 308 END
START 329 329 329 328 329 328 END
START 335 335 336 335 335 335 END
START 334 334 334 333 334 334 END
START 342 342 342 341 342 342 END
START 341 341 341 341 341 341 END
START 344 344 344 344 344 344 END
START 349 349 349 348 349 349 END