START 436 437 436 436 437 436 END
START 435 435 435 435 435 435 END
START 450 451 450 450 450 450 END
START 461 461 461 460 461 461 END
START 462 462 462 461 462 461 END
START 463 464 464 463 464 464 END
START 447 447 446 446 446 446 END
START 438 438 437 437 437 437 END
START 408 408 408 407 408 407 END
START 391 391 391 390 390 390 END
START 380 380 381 380 381 380 END
START 372 372 372 371 372 372 END
START 372 372 372 372 372 372 END
START 368 369 368 368 368 368 END
START 370 370 370 370 370 370 END
START 371 371 371 370 371 371 END
START 371 372 372 371 372 372 END
START 372 372 373 372 373 373 END