START 506 506 506 506 506 506 END
START 507 507 508 507 507 507 END
START 542 543 542 542 543 543 END
START 585 586 586 585 586 585 END
START 614 614 614 613 614 613 END
START 616 616 616 615 616 615 END
START 601 601 601 600 600 600 END
START 571 571 571 570 570 570 END
START 493 493 493 493 493 493 END
START 441 441 440 440 440 439 END
START 378 378 377 376 377 376 END
START 339 338 338 337 338 338 END
START 320 320 320 320 320 320 END
START 308 309 309 308 308 308 END
START 311 311 311 310 310 310 END
START 308 308 308 308 308 308 END
START 307 307 307 307 308 308 END
START 312 312 312 311 312 312 END
START 320 320 320 320 320 320 END
START 326 326 326 325 326 325 END
START 330 331 331 330 331 330 END