START 403 403 402 402 403 402 END
START 402 402 402 401 401 401 END
START 424 424 424 424 424 424 END
START 443 443 443 442 443 442 END
START 458 458 458 457 458 458 END
START 463 464 463 463 464 463 END
START 491 491 491 490 491 491 END
START 509 509 509 509 509 509 END
START 503 503 504 504 504 504 END
START 510 510 509 509 509 509 END
START 490 490 490 489 490 489 END
START 457 457 457 456 456 456 END
START 422 422 422 421 422 421 END
START 394 393 394 393 393 392 END
START 378 378 378 377 377 377 END
START 373 373 373 372 373 372 END
START 366 365 366 365 366 366 END
START 360 360 360 360 360 360 END
START 357 358 358 357 358 357 END
START 354 354 354 354 354 354 END
START 359 359 359 359 359 359 END