START 430 431 430 430 431 430 END
START 432 432 432 431 432 431 END
START 463 463 463 463 464 463 END
START 502 502 502 502 502 502 END
START 523 523 523 523 523 523 END
START 527 527 527 526 527 526 END
START 519 519 519 518 518 518 END
START 494 495 494 494 494 493 END
START 460 460 460 459 460 459 END
START 420 420 419 419 419 419 END
START 390 390 390 390 390 390 END
START 381 381 381 380 381 380 END
START 364 364 363 362 362 362 END
START 364 364 364 363 364 363 END
START 359 359 359 359 359 359 END
START 359 359 359 358 359 359 END
START 354 354 354 353 354 354 END
START 350 350 350 350 350 350 END
START 355 355 355 355 355 355 END
START 356 356 356 356 356 356 END