START 440 440 439 439 440 439 END
START 438 438 437 436 437 437 END
START 461 462 462 462 463 463 END
START 517 517 517 516 517 517 END
START 553 553 553 553 554 553 END
START 580 580 580 579 580 579 END
START 561 561 561 560 561 561 END
START 545 545 545 545 545 544 END
START 500 500 500 499 499 499 END
START 458 458 457 457 457 456 END
START 401 401 401 400 401 400 END
START 364 364 364 363 363 363 END
START 334 333 333 333 333 333 END
START 321 321 321 320 320 320 END
START 322 322 322 322 322 322 END
START 302 302 302 302 303 302 END
START 319 319 319 319 319 319 END
START 320 319 320 319 320 320 END
START 326 326 326 326 327 327 END
START 325 325 325 324 325 325 END
START 333 332 332 331 331 331 END
START 339 339 339 339 339 339 END
START 347 346 347 346 347 346 END
START 349 349 349 347 348 347 END
START 348 348 348 347 348 348 END
START 353 353 353 352 353 352 END
START 365 365 365 364 365 364 END