START 451 452 451 452 452 453 END
START 457 457 458 457 459 458 END
START 482 482 482 482 483 483 END
START 520 521 521 520 520 520 END
START 531 531 531 530 531 531 END
START 527 527 527 527 527 527 END
START 502 502 502 502 502 502 END
START 476 476 476 476 476 476 END
START 443 442 442 442 442 441 END
START 410 410 410 409 410 409 END
START 373 373 373 372 372 372 END
START 361 361 361 360 361 361 END
START 350 350 350 350 350 350 END
START 342 342 342 341 341 342 END
START 340 340 340 339 340 339 END
START 336 337 337 336 337 336 END
START 341 341 341 341 341 340 END
START 342 342 342 341 341 341 END
START 345 345 345 344 345 345 END
START 349 349 349 349 349 349 END
START 357 357 357 357 357 357 END
START 352 352 352 351 351 352 END
START 364 364 364 363 364 363 END
START 359 359 359 358 359 358 END
START 366 366 366 365 366 366 END
START 364 364 364 363 364 364 END
START 363 363 363 362 363 362 END
START 369 369 369 368 369 368 END
START 356 356 356 355 356 355 END