START 485 485 485 485 486 486 END
START 487 487 487 487 488 487 END
START 516 516 517 516 517 516 END
START 562 562 562 562 562 562 END
START 581 582 582 581 582 581 END
START 584 584 585 584 585 584 END
START 576 576 576 575 575 575 END
START 540 540 539 539 539 538 END
START 493 493 493 492 492 492 END
START 432 432 432 431 431 431 END
START 378 378 377 376 377 376 END
START 349 349 349 349 349 349 END
START 331 331 330 330 330 330 END
START 308 308 308 307 307 306 END
START 312 312 312 311 312 312 END
START 323 323 323 323 323 323 END
START 318 319 319 318 319 318 END
START 322 322 322 321 322 322 END
START 322 322 322 321 322 321 END
START 331 330 330 330 330 330 END
START 333 333 333 333 333 333 END
START 339 339 339 338 339 338 END