START 414 415 414 414 415 415 END
START 415 415 416 414 416 415 END
START 443 444 444 444 444 444 END
START 493 493 493 493 494 493 END
START 527 528 528 528 528 527 END
START 547 547 548 547 548 547 END
START 543 543 543 543 543 542 END
START 530 530 530 529 529 528 END
START 500 500 499 498 498 498 END
START 465 465 465 465 465 465 END
START 424 424 424 423 423 422 END
START 395 395 395 394 395 394 END
START 374 374 374 373 373 373 END
START 361 361 361 360 360 360 END
START 358 358 358 357 358 357 END
START 358 358 358 358 359 358 END
START 354 355 355 354 355 355 END
START 358 357 358 357 357 357 END
START 357 357 357 356 356 356 END
START 356 357 357 356 356 356 END
START 360 360 361 360 360 360 END