START 406 406 405 405 405 405 END
START 404 404 404 403 404 403 END
START 426 425 426 425 425 425 END
START 468 468 468 468 468 468 END
START 508 508 508 508 508 508 END
START 529 529 529 528 529 529 END
START 535 535 535 535 535 534 END
START 529 529 529 529 529 529 END
START 511 511 511 510 510 509 END
START 476 475 475 474 475 474 END
START 439 438 438 438 438 438 END
START 403 402 402 402 402 402 END
START 375 375 375 374 375 374 END
START 366 366 366 365 365 365 END
START 359 359 359 359 359 359 END
START 356 356 356 356 356 356 END
START 354 354 354 353 354 353 END
START 352 351 352 351 351 351 END