START 465 466 465 465 466 465 END
START 465 465 465 464 465 464 END
START 486 487 487 486 487 487 END
START 509 509 509 508 508 508 END
START 508 508 508 507 508 507 END
START 507 507 507 506 507 506 END
START 485 485 484 483 484 483 END
START 455 455 455 454 454 454 END
START 425 425 425 424 424 424 END
START 399 399 399 398 398 398 END
START 377 377 377 377 377 377 END
START 368 368 368 367 368 368 END
START 341 341 341 340 340 340 END
START 352 352 352 351 351 351 END
START 356 356 356 355 356 355 END
START 354 353 354 353 354 354 END
START 347 348 348 348 348 348 END
START 350 350 350 350 351 350 END
START 350 350 350 349 350 350 END
START 360 360 360 359 360 359 END