START 459 459 459 459 459 459 END
START 461 461 461 461 462 461 END
START 490 490 491 490 491 491 END
START 522 522 522 522 522 522 END
START 537 537 537 537 537 537 END
START 534 533 533 533 534 533 END
START 517 516 516 516 516 516 END
START 464 464 464 463 463 463 END
START 440 440 440 439 439 439 END
START 412 412 411 411 411 411 END
START 389 389 389 388 388 388 END
START 373 373 373 373 373 373 END
START 371 372 372 371 372 372 END
START 360 360 360 359 360 360 END
START 359 359 359 358 359 358 END
START 358 358 359 358 359 358 END
START 359 358 358 358 358 358 END
START 354 354 354 354 354 354 END