START 455 455 455 455 456 456 END
START 458 458 458 458 458 458 END
START 496 496 496 496 497 497 END
START 542 542 542 542 543 542 END
START 553 553 553 553 553 553 END
START 578 578 578 578 578 578 END
START 575 575 575 574 575 574 END
START 554 555 554 553 553 553 END
START 507 506 507 506 506 505 END
START 445 445 445 444 444 444 END
START 391 391 391 390 390 390 END
START 356 356 357 356 356 356 END
START 334 334 334 333 333 333 END
START 326 325 325 325 325 324 END
START 315 315 315 315 315 316 END
START 312 312 312 312 312 312 END
START 316 315 316 315 316 315 END
START 318 318 318 317 318 318 END
START 310 310 310 310 310 310 END
START 327 327 327 327 327 327 END
START 330 330 331 330 331 330 END
START 336 336 336 336 336 336 END
START 346 346 346 346 346 347 END
START 356 355 355 354 355 354 END
START 358 358 358 358 358 358 END
START 352 352 352 352 352 352 END
START 334 333 333 333 333 333 END
START 323 323 323 322 323 323 END