START 515 515 514 515 515 515 END
START 517 517 517 517 517 517 END
START 544 544 544 544 545 544 END
START 576 576 576 576 576 576 END
START 578 578 578 578 579 578 END
START 576 576 575 575 575 575 END
START 542 542 542 541 541 541 END
START 497 497 497 496 496 496 END
START 446 446 446 445 445 445 END
START 399 399 399 398 399 398 END
START 368 368 368 368 368 368 END
START 354 353 354 353 353 353 END
START 346 346 346 346 346 346 END
START 343 343 343 343 344 343 END
START 344 344 344 343 343 343 END
START 344 345 345 344 345 344 END
START 349 349 349 348 349 348 END
START 343 343 343 343 343 343 END
START 349 349 349 349 349 349 END
START 352 352 352 352 353 352 END
START 356 357 356 356 357 357 END
START 355 355 355 354 355 355 END
START 352 352 351 351 351 351 END