START 444 445 444 444 445 444 END
START 445 445 445 444 445 444 END
START 454 454 454 454 454 454 END
START 464 464 464 463 464 463 END
START 465 465 465 464 464 464 END
START 455 454 454 454 454 454 END
START 434 434 434 433 434 433 END
START 414 414 414 414 414 413 END
START 398 398 398 397 397 397 END
START 387 387 387 386 387 386 END
START 379 379 380 379 379 379 END
START 361 361 361 361 361 361 END
START 367 367 367 367 367 367 END
START 366 366 366 366 366 366 END
START 363 363 363 362 363 363 END
START 366 366 366 366 366 366 END