START 469 469 468 468 469 469 END
START 470 470 471 470 471 471 END
START 501 501 501 501 501 501 END
START 547 547 547 547 547 547 END
START 559 559 559 558 559 558 END
START 562 561 561 561 561 560 END
START 548 548 548 547 548 547 END
START 507 507 506 506 506 505 END
START 464 464 463 463 463 462 END
START 409 409 408 407 408 407 END
START 370 370 370 369 369 369 END
START 346 345 345 345 345 345 END
START 334 335 335 334 335 334 END
START 327 327 327 327 327 327 END
START 329 329 329 328 329 329 END
START 327 327 327 327 327 327 END
START 324 324 324 323 324 324 END
START 331 331 331 331 332 332 END
START 332 332 332 332 332 332 END
START 338 338 337 337 338 337 END
START 342 343 342 342 342 342 END
START 345 345 345 344 345 344 END
START 337 337 338 337 338 338 END