START 499 499 498 498 499 498 END
START 498 498 498 497 497 496 END
START 505 505 505 505 505 505 END
START 511 511 511 511 511 511 END
START 510 510 510 510 510 510 END
START 495 495 495 494 495 494 END
START 466 465 465 465 465 464 END
START 438 438 438 437 438 437 END
START 407 407 407 407 407 406 END
START 383 383 383 383 383 383 END
START 371 371 371 370 371 370 END
START 368 368 368 367 368 367 END
START 351 351 351 350 350 350 END
START 360 360 360 360 360 360 END
START 358 358 358 358 358 358 END
START 357 358 358 357 358 357 END
START 360 360 360 360 360 360 END
START 360 359 360 359 359 359 END
START 365 365 365 365 365 365 END
START 348 348 348 347 347 347 END