START 468 468 468 468 469 468 END
START 470 470 470 469 470 469 END
START 486 486 486 486 486 486 END
START 502 502 503 502 502 502 END
START 505 504 505 504 504 504 END
START 496 496 496 495 496 495 END
START 474 473 473 472 472 472 END
START 448 448 448 447 447 447 END
START 417 417 416 416 416 415 END
START 394 394 394 393 393 393 END
START 379 379 379 379 379 378 END
START 373 373 373 372 372 372 END
START 367 367 367 367 367 367 END
START 367 367 367 367 367 367 END
START 364 364 364 364 364 364 END
START 366 366 366 365 366 365 END
START 366 366 366 365 366 366 END
START 357 358 358 357 357 357 END
START 341 341 341 340 340 340 END
START 321 321 321 321 321 321 END
START 320 320 320 319 320 320 END