START 538 539 538 539 539 539 END
START 542 542 542 542 543 543 END
START 570 570 571 570 571 571 END
START 600 600 600 599 600 599 END
START 602 602 602 602 602 602 END
START 581 581 581 580 580 579 END
START 540 540 540 539 540 539 END
START 488 488 487 486 487 486 END
START 440 440 440 439 439 438 END
START 391 391 391 391 391 391 END
START 358 358 358 357 358 357 END
START 339 339 339 339 339 339 END
START 330 330 330 329 329 330 END
START 328 328 328 327 328 328 END
START 330 330 330 329 330 330 END
START 336 337 337 336 337 337 END
START 330 330 330 329 330 329 END
START 337 337 337 337 337 337 END
START 339 339 339 338 339 338 END
START 341 341 341 340 341 340 END
START 346 346 346 345 346 345 END
START 343 343 343 342 343 342 END