START 421 421 420 420 421 421 END
START 423 423 423 423 423 423 END
START 454 455 455 455 455 455 END
START 504 504 504 504 505 504 END
START 533 533 533 533 533 533 END
START 541 541 542 541 541 540 END
START 536 535 535 535 535 534 END
START 512 511 511 511 511 511 END
START 481 481 481 480 481 480 END
START 440 440 440 440 440 439 END
START 405 405 405 404 405 404 END
START 390 390 390 390 390 389 END
START 376 376 376 376 376 376 END
START 368 368 368 368 368 368 END
START 356 355 356 355 355 354 END
START 360 360 360 359 360 360 END
START 359 359 359 358 359 358 END