START 438 439 438 438 439 438 END
START 440 440 440 440 440 440 END
START 472 472 473 472 473 472 END
START 512 512 512 511 512 511 END
START 539 539 539 539 539 539 END
START 543 543 543 542 543 542 END
START 528 528 528 527 528 527 END
START 506 506 506 505 505 505 END
START 470 470 470 470 470 470 END
START 437 437 437 436 436 436 END
START 404 404 404 404 404 403 END
START 383 383 383 382 383 382 END
START 368 368 369 368 368 368 END
START 361 361 361 360 361 360 END
START 345 345 344 343 344 344 END
START 356 356 356 355 356 356 END
START 353 353 354 353 353 352 END
START 354 355 355 354 355 354 END
START 356 357 356 356 356 356 END
START 356 356 356 356 356 356 END