START 434 435 434 434 435 434 END
START 436 436 436 435 436 436 END
START 454 454 455 454 455 455 END
START 473 473 473 472 473 473 END
START 493 493 493 493 493 493 END
START 487 487 487 487 487 487 END
START 470 469 469 469 469 468 END
START 449 448 449 448 448 448 END
START 430 430 430 429 430 429 END
START 408 408 408 407 407 406 END
START 390 391 391 390 391 390 END
START 385 385 384 383 384 383 END
START 370 370 370 370 370 370 END
START 367 367 367 366 367 367 END
START 362 362 362 361 361 361 END
START 357 357 357 356 357 356 END
START 352 352 352 352 352 352 END
START 364 364 364 364 365 364 END
START 353 353 352 352 353 352 END
START 355 356 356 355 356 356 END
START 354 354 354 354 354 354 END
START 362 362 362 362 362 361 END
START 362 362 362 361 362 361 END
START 368 368 368 368 368 368 END