START 483 484 483 482 483 483 END
START 483 484 484 483 484 483 END
START 485 485 485 484 484 484 END
START 509 509 509 509 509 509 END
START 508 508 509 508 508 508 END
START 497 497 497 496 496 496 END
START 469 469 469 468 468 468 END
START 438 438 437 437 437 437 END
START 403 403 403 402 403 402 END
START 391 391 391 391 391 391 END
START 377 376 376 375 376 376 END
START 370 370 370 369 370 370 END
START 365 365 365 364 364 364 END
START 357 357 357 356 357 357 END
START 361 361 361 361 361 361 END
START 361 362 362 361 362 361 END
START 357 358 357 358 358 358 END
START 361 361 361 360 361 361 END
START 363 363 363 362 363 362 END
START 352 352 352 351 352 352 END
START 328 328 328 327 327 327 END