START 478 478 478 477 478 477 END
START 478 478 478 477 477 477 END
START 501 501 502 501 502 501 END
START 536 536 536 536 536 536 END
START 544 544 544 543 544 543 END
START 539 539 539 538 539 538 END
START 513 513 513 512 512 512 END
START 482 482 482 481 481 481 END
START 445 445 444 443 443 443 END
START 400 400 399 399 399 399 END
START 386 386 386 385 386 385 END
START 367 368 367 367 367 367 END
START 360 360 359 359 359 359 END
START 354 354 354 354 355 354 END
START 352 352 352 351 352 351 END
START 351 351 351 351 351 351 END
START 356 356 356 356 356 356 END
START 340 340 340 339 339 339 END