START 482 482 482 482 482 482 END
START 484 484 484 484 485 485 END
START 511 511 511 511 512 511 END
START 548 548 548 548 548 548 END
START 569 569 570 569 570 569 END
START 575 575 575 574 575 574 END
START 563 563 562 561 562 561 END
START 524 524 523 523 523 522 END
START 475 475 474 474 474 473 END
START 423 423 423 423 423 422 END
START 364 364 364 364 364 364 END
START 344 344 344 343 344 343 END
START 330 330 330 329 330 330 END
START 318 318 318 318 318 318 END
START 312 312 312 311 311 312 END
START 310 311 310 310 311 310 END
START 312 312 312 312 312 312 END
START 323 323 323 322 322 322 END
START 328 328 328 327 328 327 END
START 331 331 331 330 331 330 END
START 338 338 338 338 338 338 END
START 338 338 338 337 338 338 END
START 337 337 337 336 337 336 END