START 536 536 535 535 536 536 END
START 536 536 536 535 536 535 END
START 550 550 550 550 550 549 END
START 553 553 554 553 553 553 END
START 538 538 538 537 538 537 END
START 511 511 511 510 510 509 END
START 476 475 475 475 475 475 END
START 432 432 432 431 431 431 END
START 399 399 399 398 399 398 END
START 371 370 371 370 370 370 END
START 357 357 357 356 357 356 END
START 352 352 352 351 352 352 END
START 349 349 349 348 348 348 END
START 348 349 349 348 349 349 END
START 350 350 350 350 350 350 END
START 338 338 338 338 338 338 END
START 354 354 354 354 354 354 END
START 358 358 358 356 357 356 END
START 331 331 331 330 331 330 END
START 317 317 317 316 316 316 END
START 291 291 291 290 290 290 END
START 287 287 287 286 286 286 END