START 475 476 475 475 476 475 END
START 476 476 476 475 476 475 END
START 479 479 479 478 479 478 END
START 487 487 487 486 486 486 END
START 484 484 483 483 483 483 END
START 461 462 462 461 461 461 END
START 443 443 443 442 442 442 END
START 417 417 417 416 416 416 END
START 395 395 395 394 394 394 END
START 379 379 379 378 378 378 END
START 367 366 366 365 366 365 END
START 368 368 367 367 367 367 END
START 364 364 364 363 363 363 END
START 358 358 358 357 358 357 END
START 348 348 348 347 348 347 END
START 345 344 344 344 344 343 END
START 347 347 347 346 347 346 END
START 352 351 352 351 352 352 END
START 358 358 358 357 357 357 END
START 358 358 358 358 358 358 END
START 363 363 363 362 363 363 END
START 349 349 349 348 348 348 END
START 332 332 331 331 331 331 END
START 318 318 319 318 319 318 END