START 441 441 440 440 441 440 END
START 441 441 441 440 441 440 END
START 472 472 472 472 472 472 END
START 523 524 524 524 524 523 END
START 554 554 555 554 555 555 END
START 559 559 559 558 559 558 END
START 547 546 546 546 546 546 END
START 522 522 521 520 520 520 END
START 482 482 481 480 480 479 END
START 441 441 441 440 441 440 END
START 400 400 400 399 400 400 END
START 377 378 378 377 378 378 END
START 360 359 360 359 359 359 END
START 355 355 355 354 354 354 END
START 351 351 351 351 351 351 END
START 353 352 353 352 353 352 END
START 352 352 351 351 352 352 END
START 350 350 350 349 350 350 END