START 487 487 487 487 487 487 END
START 488 488 488 488 488 488 END
START 490 490 489 488 489 488 END
START 481 482 482 481 482 482 END
START 459 458 458 458 458 458 END
START 416 416 416 416 416 415 END
START 418 418 418 417 418 417 END
START 395 395 395 394 394 394 END
START 385 385 386 386 386 386 END
START 382 383 383 383 383 383 END
START 372 373 373 373 373 373 END
START 378 378 378 377 377 377 END
START 383 383 383 382 383 382 END
START 378 378 377 377 378 377 END
START 380 380 380 380 381 380 END
START 380 380 381 380 381 380 END
START 378 378 378 377 378 377 END
START 378 378 378 378 378 378 END
START 365 365 365 364 364 364 END