START 476 477 476 476 477 476 END
START 478 478 478 477 478 477 END
START 500 501 501 501 501 501 END
START 527 528 528 528 528 527 END
START 539 539 539 538 539 538 END
START 538 538 538 538 538 538 END
START 514 514 514 514 514 514 END
START 484 484 484 484 484 483 END
START 447 447 447 446 446 446 END
START 416 416 416 415 415 415 END
START 387 387 387 386 386 386 END
START 371 371 371 371 371 371 END
START 361 361 362 361 361 361 END
START 352 352 352 352 353 353 END
START 356 356 356 355 356 355 END
START 356 356 356 355 356 356 END
START 354 354 354 354 355 354 END
START 349 349 349 349 349 349 END
START 355 355 356 355 356 356 END
START 355 355 355 355 355 355 END