START 437 438 437 438 439 438 END
START 442 442 443 442 443 442 END
START 467 467 467 467 468 467 END
START 516 516 516 516 517 516 END
START 545 546 545 545 546 545 END
START 562 562 562 561 562 561 END
START 554 554 553 553 553 553 END
START 530 530 530 529 529 529 END
START 498 498 498 497 497 497 END
START 452 451 451 451 451 450 END
START 401 401 401 400 401 400 END
START 368 368 368 367 367 366 END
START 348 348 348 347 347 346 END
START 339 339 339 338 339 338 END
START 336 336 336 335 336 336 END
START 308 308 308 308 309 308 END
START 320 321 321 320 321 321 END
START 322 322 322 321 322 322 END
START 333 333 333 333 333 332 END
START 335 335 335 334 334 334 END
START 339 339 339 339 339 339 END
START 340 340 340 339 339 340 END
START 345 345 345 344 344 344 END
START 348 348 348 348 348 348 END
START 352 352 352 351 351 351 END
START 359 359 359 359 359 359 END
START 362 362 362 362 362 362 END