START 421 421 420 420 421 421 END
START 423 423 423 423 423 423 END
START 457 457 458 458 458 458 END
START 522 522 522 521 521 521 END
START 563 563 563 562 563 562 END
START 592 592 592 591 591 590 END
START 607 607 607 607 607 606 END
START 592 592 592 591 591 591 END
START 556 556 556 555 555 555 END
START 509 508 508 507 507 506 END
START 439 438 438 437 438 437 END
START 386 386 386 385 385 385 END
START 350 350 350 349 349 348 END
START 320 319 319 318 319 319 END
START 315 315 315 314 315 314 END
START 311 312 312 311 312 312 END
START 315 315 315 314 315 314 END
START 313 313 314 313 314 313 END
START 318 319 319 318 319 319 END
START 321 321 321 320 320 320 END