START 405 405 405 404 405 405 END
START 405 405 405 404 405 404 END
START 422 422 423 422 423 422 END
START 461 461 461 460 461 460 END
START 505 505 505 505 505 505 END
START 537 537 537 537 537 537 END
START 539 539 539 539 539 539 END
START 534 534 534 533 534 533 END
START 509 509 509 508 508 508 END
START 478 478 478 477 478 477 END
START 445 445 445 445 445 444 END
START 411 411 411 411 411 410 END
START 385 385 385 385 385 385 END
START 373 373 373 372 372 372 END
START 363 362 362 362 362 362 END
START 362 362 361 361 361 361 END
START 355 355 355 355 355 354 END
START 352 352 352 352 353 353 END
START 355 355 355 354 354 354 END
START 360 360 360 360 360 360 END