START 464 464 464 464 464 464 END
START 465 465 465 464 465 465 END
START 495 495 495 495 495 495 END
START 524 524 524 523 524 524 END
START 531 531 531 531 531 531 END
START 531 530 530 530 530 529 END
START 503 503 503 502 502 501 END
START 478 478 478 477 478 477 END
START 441 441 441 440 440 440 END
START 408 407 407 406 407 407 END
START 384 384 384 383 384 383 END
START 372 373 372 372 372 372 END
START 366 366 366 365 366 366 END
START 361 361 361 361 362 361 END
START 357 357 357 357 357 357 END
START 360 360 360 360 360 360 END
START 362 362 362 362 362 362 END
START 360 360 360 359 360 360 END