START 495 495 495 494 495 494 END
START 493 493 493 492 493 492 END
START 496 496 496 496 496 495 END
START 503 503 502 502 502 502 END
START 487 486 487 486 486 485 END
START 457 458 457 457 457 457 END
START 424 424 424 423 423 423 END
START 392 392 392 391 391 391 END
START 373 373 373 372 372 372 END
START 361 360 361 360 360 360 END
START 359 359 359 358 358 358 END
START 345 345 345 345 345 345 END
START 346 345 345 345 345 344 END
START 345 346 346 345 345 345 END
START 342 342 343 343 344 344 END
START 350 351 351 350 351 351 END
START 354 354 354 354 354 354 END
START 351 351 351 350 351 350 END
START 354 354 354 353 353 353 END
START 354 354 353 353 354 353 END
START 356 356 356 355 356 356 END
START 357 357 357 357 357 357 END
START 363 363 363 363 363 363 END