START 425 425 424 424 425 425 END
START 426 426 426 426 427 426 END
START 455 456 456 456 456 456 END
START 505 505 505 505 506 505 END
START 539 539 539 538 539 538 END
START 559 559 559 559 559 559 END
START 565 565 566 565 566 565 END
START 549 549 549 548 549 548 END
START 519 519 519 518 518 518 END
START 481 481 481 480 480 480 END
START 422 422 421 420 421 420 END
START 378 378 378 377 377 377 END
START 353 353 353 352 353 353 END
START 335 334 334 333 333 333 END
START 327 327 327 326 327 327 END
START 326 326 325 325 325 324 END
START 320 320 320 320 320 320 END
START 323 323 323 323 323 322 END
START 321 321 321 320 322 321 END
START 330 330 330 329 330 329 END
START 335 335 335 335 336 336 END
START 337 337 337 336 337 336 END
START 343 343 343 342 343 342 END
START 347 347 347 346 347 347 END
START 347 347 347 347 347 347 END
START 349 349 349 349 349 348 END
START 356 356 356 355 356 355 END
START 363 363 363 363 363 363 END
START 370 370 370 369 370 370 END
START 371 371 371 370 371 370 END
START 372 372 372 371 372 372 END
START 375 375 375 375 375 375 END