START 473 474 473 473 473 473 END
START 474 474 473 473 474 473 END
START 494 494 494 494 494 494 END
START 504 504 504 503 504 504 END
START 492 492 492 492 492 491 END
START 473 473 473 473 473 473 END
START 453 453 453 452 453 452 END
START 429 429 429 428 429 428 END
START 406 406 406 405 406 406 END
START 393 393 393 392 393 392 END
START 379 379 379 379 379 379 END
START 373 373 373 372 373 372 END
START 370 370 369 369 370 369 END
START 360 360 359 359 360 359 END
START 361 360 361 360 360 360 END
START 362 361 361 360 361 361 END
START 361 361 361 360 360 360 END
START 361 361 361 360 361 360 END
START 361 361 361 360 361 360 END
START 366 366 366 365 366 366 END
START 370 370 370 369 370 369 END