START 401 401 400 400 401 400 END
START 400 401 401 400 401 400 END
START 432 432 432 432 433 432 END
START 478 478 479 478 479 479 END
START 522 523 523 522 523 522 END
START 543 543 544 543 543 543 END
START 541 541 541 541 541 541 END
START 532 532 532 531 532 531 END
START 493 493 492 491 491 490 END
START 466 466 466 465 465 465 END
START 431 431 431 430 430 430 END
START 397 397 397 396 397 396 END
START 378 377 377 377 377 377 END
START 367 367 367 367 367 366 END
START 362 362 362 361 361 361 END
START 360 360 360 359 360 359 END
START 362 362 362 361 362 362 END
START 357 357 357 356 357 357 END
START 357 357 357 356 357 357 END
START 359 359 359 358 358 358 END