START 503 503 503 503 503 503 END
START 505 505 505 505 505 505 END
START 529 530 530 529 530 530 END
START 547 547 547 546 547 546 END
START 567 567 567 567 567 566 END
START 563 563 563 562 563 562 END
START 545 545 545 544 545 544 END
START 509 509 509 508 508 508 END
START 455 455 455 454 454 454 END
START 408 408 409 408 408 408 END
START 366 367 366 366 366 365 END
START 344 344 343 343 343 343 END
START 333 333 332 332 332 332 END
START 324 323 324 323 323 323 END
START 321 321 321 320 321 320 END
START 317 317 317 316 317 316 END
START 325 325 325 324 325 324 END
START 324 323 324 323 323 322 END
START 335 335 335 333 334 334 END
START 333 333 333 332 332 332 END
START 314 314 314 314 314 314 END