START 416 416 415 415 415 415 END
START 415 415 415 414 415 414 END
START 458 458 458 458 458 458 END
START 511 511 511 511 512 511 END
START 553 553 554 554 554 554 END
START 576 576 576 575 576 576 END
START 584 584 584 583 584 583 END
START 572 572 572 571 571 571 END
START 532 532 532 531 531 531 END
START 488 488 488 487 488 487 END
START 431 431 431 430 430 430 END
START 377 377 377 376 377 376 END
START 349 349 349 348 349 348 END
START 324 324 324 324 324 324 END
START 317 318 317 317 318 317 END
START 309 309 309 308 309 308 END
START 313 312 312 312 312 312 END
START 319 319 319 318 319 319 END
START 316 316 316 315 315 315 END
START 323 323 323 323 323 323 END
START 327 327 327 326 327 327 END
START 328 328 328 327 328 327 END
START 338 338 339 338 339 339 END
START 346 346 347 346 347 347 END
START 329 329 329 328 329 328 END