START 411 411 410 410 410 410 END
START 410 410 410 409 410 409 END
START 457 457 457 456 457 456 END
START 499 499 500 500 501 500 END
START 545 545 545 544 545 544 END
START 552 552 552 552 552 552 END
START 556 556 556 555 556 555 END
START 539 539 539 538 539 538 END
START 503 503 503 502 503 502 END
START 463 463 463 462 462 462 END
START 406 406 406 405 405 405 END
START 380 380 380 380 380 380 END
START 354 354 354 354 354 353 END
START 338 338 338 338 338 338 END
START 337 337 336 336 336 336 END
START 311 312 311 311 312 311 END
START 326 327 327 326 327 327 END
START 324 324 324 324 324 324 END
START 327 327 327 326 326 326 END
START 327 327 328 328 328 328 END
START 328 327 327 326 327 327 END
START 338 338 338 338 338 338 END
START 339 340 339 339 339 339 END
START 348 348 348 347 347 347 END
START 356 356 356 355 356 356 END
START 358 359 359 358 359 358 END
START 359 359 359 359 359 359 END
START 370 370 370 369 370 370 END
START 361 361 361 360 361 360 END
START 381 381 381 381 381 381 END
START 374 374 374 374 375 374 END
START 381 381 381 381 382 382 END