START 414 415 413 413 414 414 END
START 414 414 415 414 415 414 END
START 451 451 451 451 452 451 END
START 504 504 505 504 504 504 END
START 540 541 540 540 540 540 END
START 555 555 556 555 555 555 END
START 550 550 550 550 550 549 END
START 526 526 525 525 525 524 END
START 497 497 497 496 496 495 END
START 462 461 461 461 461 460 END
START 408 408 408 408 408 408 END
START 384 384 384 384 384 384 END
START 367 367 367 367 367 367 END
START 357 358 357 357 357 357 END
START 353 353 353 353 353 353 END
START 350 350 350 350 350 350 END
START 353 353 353 353 353 353 END
START 352 352 352 352 352 352 END
START 355 355 355 354 355 355 END