START 406 407 406 406 407 407 END
START 408 408 407 407 408 407 END
START 418 418 418 417 418 417 END
START 423 423 423 423 423 422 END
START 430 430 430 430 430 430 END
START 420 420 420 420 420 420 END
START 416 415 416 415 415 415 END
START 411 411 411 411 411 411 END
START 401 401 401 401 401 401 END
START 392 392 392 392 392 392 END
START 382 382 382 382 382 382 END
START 383 383 383 383 383 383 END
START 372 372 373 372 373 372 END
START 372 372 372 372 372 372 END
START 368 368 368 368 368 368 END
START 367 367 367 366 367 367 END
START 362 362 362 362 362 362 END
START 367 367 367 367 367 367 END
START 362 362 362 361 362 362 END
START 362 361 362 361 362 361 END
START 361 361 361 361 361 361 END
START 369 369 369 369 369 368 END
START 367 367 367 366 366 366 END
START 371 370 371 370 370 370 END
START 366 366 366 365 365 365 END
START 365 365 365 365 365 365 END