START 423 423 422 422 423 423 END
START 425 425 425 424 425 425 END
START 458 459 459 459 459 459 END
START 503 503 504 503 504 503 END
START 535 536 536 535 536 535 END
START 553 553 553 552 553 552 END
START 542 541 541 540 541 540 END
START 520 520 520 519 520 519 END
START 483 483 483 482 482 482 END
START 446 445 446 445 445 445 END
START 408 408 408 408 408 408 END
START 385 385 385 384 384 384 END
START 369 369 369 369 369 369 END
START 364 364 364 363 364 363 END
START 355 355 355 354 355 354 END
START 355 355 355 354 355 355 END
START 350 350 351 350 351 350 END