START 463 463 462 462 463 463 END
START 464 464 464 463 464 464 END
START 494 494 494 494 495 494 END
START 526 526 527 526 526 526 END
START 539 539 539 539 539 539 END
START 531 531 531 530 531 530 END
START 512 513 512 511 511 511 END
START 480 480 480 479 479 479 END
START 447 447 447 446 446 446 END
START 409 409 408 407 407 407 END
START 387 387 387 386 386 386 END
START 371 371 371 370 370 370 END
START 363 363 363 363 363 362 END
START 355 355 354 354 355 354 END
START 355 355 355 354 355 354 END
START 354 354 354 354 354 354 END
START 358 358 358 357 358 357 END
START 356 356 356 356 356 356 END
START 357 357 357 357 357 357 END
START 358 358 358 357 358 357 END
START 360 360 360 359 360 360 END
START 358 358 359 358 359 359 END