START 420 421 420 420 420 420 END
START 420 420 420 419 420 419 END
START 428 428 428 427 427 427 END
START 436 436 436 435 436 435 END
START 440 440 440 440 440 440 END
START 435 435 435 435 435 435 END
START 431 431 431 431 431 431 END
START 421 421 421 420 420 420 END
START 411 411 411 411 411 411 END
START 406 406 406 405 405 405 END
START 394 394 394 393 394 394 END
START 389 390 389 389 390 389 END
START 382 383 382 381 382 382 END
START 380 381 380 380 380 380 END
START 379 379 379 379 379 378 END
START 376 376 376 376 376 376 END
START 373 373 373 373 373 373 END
START 360 360 360 359 359 359 END