START 492 492 491 492 493 492 END
START 494 494 495 494 495 494 END
START 519 520 520 519 520 519 END
START 564 564 564 564 565 565 END
START 588 588 588 587 588 587 END
START 604 604 604 603 603 603 END
START 590 590 590 590 590 590 END
START 556 555 555 554 555 554 END
START 496 495 495 494 494 494 END
START 440 441 440 439 440 439 END
START 385 385 385 384 384 384 END
START 345 345 345 344 345 344 END
START 329 330 330 329 329 329 END
START 317 317 317 317 317 317 END
START 314 315 314 314 314 314 END
START 310 310 310 310 311 310 END
START 314 314 314 313 314 314 END
START 316 316 316 316 316 316 END
START 326 326 326 326 326 326 END
START 326 326 326 326 326 326 END
START 334 334 334 334 335 334 END