START 506 507 507 507 507 507 END
START 509 509 509 509 510 509 END
START 540 540 540 540 541 540 END
START 584 584 584 583 584 584 END
START 604 604 604 604 604 603 END
START 596 595 595 594 594 594 END
START 579 579 578 577 578 577 END
START 535 535 534 534 534 533 END
START 474 473 473 472 472 471 END
START 423 423 423 422 422 422 END
START 376 376 376 375 376 376 END
START 355 355 355 354 355 354 END
START 340 340 340 339 340 340 END
START 336 336 336 335 335 335 END
START 333 333 334 333 334 334 END
START 335 335 335 334 335 334 END
START 334 335 334 334 334 334 END
START 341 341 341 340 340 340 END
START 344 344 345 344 345 344 END
START 337 337 337 336 337 336 END
START 311 311 311 311 311 311 END
START 298 297 298 297 297 297 END