START 414 415 414 414 415 414 END
START 415 416 416 415 416 415 END
START 442 442 442 442 443 442 END
START 491 491 492 491 492 492 END
START 526 526 526 526 527 526 END
START 548 548 548 548 548 548 END
START 542 542 542 542 542 541 END
START 525 525 525 524 525 524 END
START 495 495 496 495 495 495 END
START 457 457 457 456 456 455 END
START 413 413 413 412 413 413 END
START 387 387 387 386 387 386 END
START 369 368 368 368 368 368 END
START 361 362 361 361 361 361 END
START 356 356 356 355 356 356 END
START 356 356 356 355 356 356 END
START 352 352 352 352 352 352 END
START 350 350 351 350 351 351 END
START 358 357 358 357 358 358 END
START 359 359 359 358 359 359 END