START 524 524 523 523 523 523 END
START 522 522 522 521 521 520 END
START 525 525 525 525 525 525 END
START 542 542 542 542 542 542 END
START 541 541 541 540 541 540 END
START 519 519 519 518 518 518 END
START 473 473 473 472 472 472 END
START 438 438 438 436 436 436 END
START 404 404 404 403 403 402 END
START 384 384 384 384 384 384 END
START 363 363 363 363 363 363 END
START 362 362 361 361 361 361 END
START 354 354 354 354 355 354 END
START 350 350 350 349 350 350 END
START 353 352 352 352 352 352 END
START 353 354 354 353 354 354 END
START 352 352 352 351 351 351 END
START 360 360 360 359 360 360 END
START 349 349 349 348 349 349 END