START 467 467 466 466 467 467 END
START 468 468 468 467 468 468 END
START 492 492 492 492 492 493 END
START 534 534 534 534 535 534 END
START 555 555 555 555 555 555 END
START 558 559 559 558 559 558 END
START 534 534 534 534 534 534 END
START 497 497 497 496 496 496 END
START 460 460 459 458 458 458 END
START 420 420 420 419 419 419 END
START 385 385 385 384 385 384 END
START 362 362 363 362 363 363 END
START 355 355 355 354 355 355 END
START 349 349 349 348 349 349 END
START 346 346 346 345 345 345 END
START 346 347 347 346 347 347 END
START 347 347 347 347 347 347 END
START 355 355 356 355 356 356 END
START 351 351 351 351 351 351 END
START 353 353 352 352 353 352 END
START 351 351 351 350 351 350 END
START 358 358 358 357 358 358 END
START 360 360 360 359 360 360 END
START 359 359 359 359 359 358 END