START 409 409 408 408 408 408 END
START 408 409 409 408 409 408 END
START 423 423 423 422 423 423 END
START 446 446 446 446 446 445 END
START 479 479 479 478 479 478 END
START 504 504 504 504 504 504 END
START 521 521 521 520 521 520 END
START 510 510 510 510 510 510 END
START 514 514 514 514 514 514 END
START 493 493 493 492 493 492 END
START 463 463 463 462 462 461 END
START 430 430 430 429 429 429 END
START 396 396 395 395 395 395 END
START 377 377 377 376 376 376 END
START 371 371 371 370 370 370 END
START 358 358 358 357 358 357 END
START 355 356 356 355 356 356 END
START 353 353 353 352 353 353 END
START 353 353 353 352 352 352 END
START 355 355 355 355 355 355 END
START 358 358 358 358 358 358 END
START 349 349 349 348 348 348 END
START 356 357 357 356 357 356 END
START 362 362 362 361 362 361 END
START 344 343 344 343 343 342 END