START 405 405 404 404 404 404 END
START 404 404 404 403 404 403 END
START 425 425 426 425 426 426 END
START 441 441 442 441 442 441 END
START 443 444 444 443 444 444 END
START 440 441 441 441 441 441 END
START 431 430 430 429 430 429 END
START 421 421 421 421 421 420 END
START 410 410 410 409 409 409 END
START 403 403 403 402 403 403 END
START 384 383 383 383 383 382 END
START 377 377 377 377 377 377 END
START 374 374 374 373 374 373 END
START 366 366 366 365 365 366 END
START 358 358 358 357 357 357 END
START 365 365 365 364 364 364 END
START 361 361 361 360 360 360 END
START 365 365 365 365 365 365 END
START 359 359 359 359 359 359 END
START 366 367 367 367 367 367 END
START 362 362 362 361 362 362 END
START 375 375 375 374 375 375 END
START 359 359 359 358 359 359 END