START 427 427 426 426 427 426 END
START 428 428 429 428 429 428 END
START 449 450 449 449 450 449 END
START 482 482 482 482 482 482 END
START 493 493 493 493 493 492 END
START 501 501 502 501 501 501 END
START 496 496 496 495 495 495 END
START 476 476 476 475 475 475 END
START 458 458 458 457 457 456 END
START 414 414 413 412 412 411 END
START 383 383 383 383 383 382 END
START 366 366 366 365 366 366 END
START 359 359 358 358 358 358 END
START 350 351 350 350 351 350 END
START 338 338 338 337 338 337 END
START 340 340 340 340 340 340 END
START 352 352 352 352 353 352 END
START 344 344 344 344 344 344 END
START 350 350 350 349 350 350 END
START 351 351 351 351 351 351 END
START 351 351 351 350 351 350 END
START 354 354 354 353 354 353 END
START 365 365 365 365 365 365 END
START 360 360 360 360 361 360 END
START 370 370 370 370 370 370 END
START 376 377 377 377 377 377 END
START 368 367 367 367 368 367 END
START 367 366 367 366 366 366 END
START 373 373 373 373 374 374 END
START 378 378 378 377 377 377 END