START 409 410 409 408 408 408 END
START 406 406 406 404 404 404 END
START 408 408 408 408 408 408 END
START 447 447 447 447 447 447 END
START 458 458 458 458 458 458 END
START 460 459 459 459 459 459 END
START 455 455 455 454 455 454 END
START 437 437 437 436 437 436 END
START 415 415 415 414 415 414 END
START 406 406 406 405 406 406 END
START 387 387 387 387 387 386 END
START 375 375 375 375 375 375 END
START 369 369 368 368 368 368 END
START 356 356 356 356 356 356 END
START 359 359 359 358 358 358 END
START 352 352 352 351 351 351 END
START 353 353 353 354 354 354 END
START 352 352 352 352 352 352 END
START 363 363 363 363 363 363 END
START 351 351 351 351 351 351 END
START 362 362 362 361 362 361 END
START 357 357 357 356 357 357 END
START 365 365 365 365 365 365 END
START 369 369 369 368 368 368 END
START 366 367 366 366 366 366 END
START 369 369 369 369 369 369 END
START 367 367 366 366 367 366 END
START 374 374 374 373 374 373 END
START 365 365 365 364 365 364 END
START 371 371 371 370 370 370 END
START 376 375 375 374 375 375 END
START 380 380 380 379 380 379 END
START 383 383 382 382 382 382 END
START 375 376 376 375 376 376 END
START 377 377 377 376 377 376 END