START 430 431 430 431 431 432 END
START 435 435 436 435 436 436 END
START 466 466 466 466 466 466 END
START 509 509 509 508 509 509 END
START 524 524 524 523 524 523 END
START 522 522 522 522 522 522 END
START 507 507 507 506 507 507 END
START 483 483 483 482 482 482 END
START 459 459 459 458 459 458 END
START 431 431 431 430 431 430 END
START 399 399 399 399 399 399 END
START 381 381 381 380 381 380 END
START 371 371 371 370 371 370 END
START 364 364 364 364 364 364 END
START 367 367 367 367 367 367 END
START 363 363 363 362 363 362 END
START 348 348 348 347 348 348 END