START 449 450 449 450 450 450 END
START 451 451 451 451 451 451 END
START 471 471 471 471 472 471 END
START 500 500 500 500 500 500 END
START 517 517 517 517 517 516 END
START 512 512 512 511 512 512 END
START 504 504 504 503 503 503 END
START 473 473 473 472 472 471 END
START 446 446 446 445 445 445 END
START 413 413 413 412 413 413 END
START 391 392 392 391 392 392 END
START 381 381 381 380 380 380 END
START 372 371 372 371 371 371 END
START 371 371 371 370 371 370 END
START 365 365 365 365 365 365 END
START 366 366 366 366 367 366 END
START 364 364 365 364 364 364 END
START 361 361 361 360 361 360 END
START 364 365 365 365 365 364 END
START 365 365 365 365 365 365 END
START 357 357 357 357 357 357 END