START 458 458 458 457 458 458 END
START 458 458 458 457 459 458 END
START 483 483 483 483 484 483 END
START 520 520 520 519 519 519 END
START 536 537 537 536 537 536 END
START 549 549 549 549 550 549 END
START 537 537 537 537 537 537 END
START 504 504 505 504 504 504 END
START 465 464 464 464 464 464 END
START 418 418 418 417 418 417 END
START 381 381 381 381 381 380 END
START 360 359 360 359 359 359 END
START 338 338 338 337 337 337 END
START 335 335 335 335 335 335 END
START 329 328 329 328 329 328 END
START 326 326 326 325 326 325 END
START 325 325 325 325 325 325 END
START 326 326 326 326 327 326 END
START 337 337 337 336 337 337 END
START 341 341 341 341 341 341 END
START 335 335 336 335 336 336 END
START 326 326 326 325 326 325 END
START 301 301 301 300 301 300 END
START 290 290 290 290 290 290 END