START 536 536 535 535 536 536 END
START 537 537 537 536 537 537 END
START 559 559 559 558 559 559 END
START 573 574 574 573 574 574 END
START 571 571 571 570 570 570 END
START 544 544 544 543 544 544 END
START 509 509 509 508 508 508 END
START 457 456 456 455 456 455 END
START 411 411 411 410 410 410 END
START 379 380 380 379 379 378 END
START 360 360 360 359 359 358 END
START 347 347 348 347 348 348 END
START 339 339 339 339 339 338 END
START 337 337 337 336 337 336 END
START 339 339 339 339 339 339 END
START 343 344 344 343 344 344 END
START 329 329 328 328 328 328 END
START 341 340 341 341 341 341 END
START 345 345 345 345 345 345 END
START 346 346 345 345 345 344 END
START 320 320 320 319 319 319 END