START 388 388 387 387 388 388 END
START 388 388 388 387 389 387 END
START 402 402 402 401 401 401 END
START 413 413 413 412 413 412 END
START 399 399 398 398 398 398 END
START 382 381 381 381 381 380 END
START 367 367 367 366 366 366 END
START 352 352 352 352 352 352 END
START 349 349 349 348 349 349 END
START 357 357 357 356 357 356 END
START 350 349 350 349 350 350 END
START 362 362 362 362 362 362 END
START 365 365 365 364 365 364 END
START 364 364 364 363 364 364 END
START 365 365 365 365 365 365 END
START 366 366 366 366 366 366 END
START 352 353 353 352 353 352 END
START 373 373 373 372 373 373 END
START 382 382 382 382 383 382 END