START 390 390 389 389 390 390 END
START 391 391 391 391 392 391 END
START 408 408 408 407 407 407 END
START 423 423 424 423 424 423 END
START 434 434 434 434 434 434 END
START 438 438 438 438 438 438 END
START 436 436 437 436 436 436 END
START 432 431 431 431 431 431 END
START 424 424 424 424 424 424 END
START 413 413 413 412 413 412 END
START 407 407 407 406 407 406 END
START 402 402 402 402 403 402 END
START 399 399 399 398 399 398 END
START 390 390 390 389 389 389 END
START 396 396 396 395 396 396 END
START 391 391 391 390 391 391 END
START 388 388 389 388 388 388 END
START 373 373 373 372 372 372 END
START 388 387 388 387 387 387 END
START 389 389 390 389 389 389 END
START 386 387 387 387 387 387 END