START 367 368 367 367 368 367 END
START 367 367 367 366 367 366 END
START 375 375 375 375 375 375 END
START 380 380 380 379 380 380 END
START 385 385 385 385 385 385 END
START 383 383 383 382 383 382 END
START 387 388 388 387 387 387 END
START 380 380 380 379 379 379 END
START 388 388 388 388 388 387 END
START 394 394 394 393 393 393 END
START 389 389 389 389 389 388 END
START 395 395 395 395 395 394 END
START 391 391 391 391 391 391 END
START 392 392 392 392 392 392 END
START 393 393 393 392 392 392 END
START 393 392 392 392 392 392 END
START 393 393 393 393 393 393 END
START 388 388 388 388 388 388 END
START 385 385 385 385 385 386 END
START 387 387 387 386 387 386 END
START 388 388 388 388 388 388 END
START 373 373 372 372 373 372 END
START 387 387 387 387 387 387 END
START 386 386 387 386 387 386 END
START 384 385 385 384 385 384 END