START 341 341 340 341 341 340 END
START 341 341 341 340 341 340 END
START 353 353 353 353 353 353 END
START 364 364 364 364 365 364 END
START 371 371 371 369 370 370 END
START 376 376 376 376 376 376 END
START 381 381 381 381 381 381 END
START 375 375 375 374 374 374 END
START 382 382 382 382 383 382 END
START 365 365 365 365 365 364 END
START 378 378 378 378 378 378 END
START 385 385 385 384 385 384 END
START 386 386 386 386 386 386 END
START 386 386 386 385 385 385 END
START 388 389 388 388 388 388 END
START 389 389 389 389 390 390 END
START 419 419 419 419 419 419 END