START 390 391 390 389 390 390 END
START 389 389 389 388 389 388 END
START 404 404 404 404 404 404 END
START 420 420 421 420 420 420 END
START 401 401 401 400 401 400 END
START 377 378 377 377 377 377 END
START 359 359 359 358 359 358 END
START 350 350 350 349 349 349 END
START 336 336 336 335 336 336 END
START 339 340 339 339 339 339 END
START 339 338 338 338 338 338 END
START 339 340 340 339 340 340 END
START 346 346 346 345 346 346 END
START 345 345 345 344 344 344 END
START 358 358 358 357 358 357 END
START 365 364 364 364 365 364 END
START 367 367 367 367 367 367 END
START 365 365 365 364 365 365 END
START 368 368 369 368 369 368 END
START 372 372 372 371 372 372 END