START 354 355 354 354 355 355 END
START 356 357 357 356 357 356 END
START 375 375 375 375 375 374 END
START 383 383 383 382 383 382 END
START 398 398 398 398 398 398 END
START 405 404 405 404 404 404 END
START 408 408 408 408 408 408 END
START 418 418 418 418 418 418 END
START 417 418 418 417 418 417 END
START 407 407 407 407 408 407 END
START 415 415 415 414 415 415 END
START 409 408 408 408 408 408 END
START 405 405 405 404 405 405 END
START 402 401 401 401 401 401 END
START 398 398 398 397 397 397 END
START 400 399 399 398 398 398 END
START 392 392 392 391 391 391 END
START 390 389 389 389 389 388 END
START 386 386 386 385 386 386 END
START 388 388 388 388 388 387 END
START 391 391 391 390 391 391 END
START 381 381 381 381 381 381 END
START 377 376 377 376 376 376 END
START 383 382 382 382 382 382 END
START 393 393 393 392 393 392 END
START 377 377 377 377 377 377 END