START 328 329 328 328 329 328 END
START 330 330 331 330 331 330 END
START 338 338 338 338 339 338 END
START 361 361 361 360 361 361 END
START 368 369 369 368 369 368 END
START 372 372 372 372 372 372 END
START 375 375 376 375 375 375 END
START 379 379 379 378 378 378 END
START 379 379 379 379 379 379 END
START 383 382 383 382 383 382 END
START 383 383 383 383 383 383 END
START 387 387 387 386 386 386 END
START 387 386 386 386 386 386 END
START 387 388 388 387 388 388 END
START 386 386 386 386 386 386 END
START 390 391 391 390 391 391 END