START 346 346 345 345 346 345 END
START 344 344 344 343 344 343 END
START 366 366 366 366 366 366 END
START 378 379 378 378 378 378 END
START 391 391 391 391 391 391 END
START 398 398 398 398 398 398 END
START 399 399 399 399 400 399 END
START 399 399 399 398 399 399 END
START 405 405 404 404 404 404 END
START 402 402 402 402 402 402 END
START 397 396 397 396 396 396 END
START 395 395 395 394 394 394 END
START 392 392 393 392 392 392 END
START 390 390 390 390 390 390 END
START 391 391 391 391 391 391 END