START 397 398 397 397 397 397 END
START 397 397 398 397 398 397 END
START 411 411 411 411 411 411 END
START 421 421 421 420 421 420 END
START 409 409 409 409 409 409 END
START 403 403 403 402 402 402 END
START 394 394 394 394 394 394 END
START 384 384 384 384 384 384 END
START 381 381 381 380 381 380 END
START 374 373 373 372 372 372 END
START 376 376 376 376 376 376 END
START 374 374 374 373 374 373 END
START 374 374 375 374 375 374 END
START 373 373 373 372 373 372 END
START 370 371 371 370 371 370 END
START 376 376 376 375 376 376 END
START 375 375 375 375 375 375 END
START 379 379 379 378 379 378 END
START 381 381 381 380 381 380 END
START 378 379 379 378 379 378 END
START 382 381 381 381 381 381 END
START 385 385 385 385 385 385 END
START 388 389 388 388 388 388 END
START 392 392 392 391 392 392 END
START 389 388 388 388 388 388 END
START 383 383 383 382 383 383 END
START 406 406 406 406 407 406 END
START 436 435 436 435 436 436 END