START 369 370 369 369 369 369 END
START 370 371 371 370 371 371 END
START 374 374 374 374 375 374 END
START 388 388 388 388 388 388 END
START 399 399 399 399 399 399 END
START 405 405 405 404 405 405 END
START 404 404 404 404 404 404 END
START 404 404 404 404 404 404 END
START 409 409 409 408 408 408 END
START 407 408 407 407 407 406 END
START 402 402 402 402 402 402 END
START 399 398 398 398 398 398 END
START 396 397 396 396 396 396 END
START 393 393 394 393 394 393 END
START 380 379 380 380 380 380 END
START 390 390 390 390 390 390 END
START 392 392 392 392 392 392 END
START 388 388 388 387 388 388 END
START 387 387 387 387 387 387 END
START 380 380 380 379 380 379 END
START 384 384 383 383 383 383 END
START 387 387 387 386 386 386 END
START 379 379 379 379 379 379 END
START 382 381 382 381 381 381 END
START 375 375 375 374 375 375 END
START 380 380 380 379 380 379 END
START 380 380 380 379 381 380 END
START 380 380 380 379 380 380 END
START 379 379 379 379 379 379 END
START 387 387 387 387 387 387 END