START 354 354 353 353 354 353 END
START 354 354 354 353 354 353 END
START 361 361 362 361 361 361 END
START 361 361 361 361 361 361 END
START 361 361 361 360 361 360 END
START 363 363 363 363 363 363 END
START 363 363 363 362 363 362 END
START 368 368 368 368 369 368 END
START 371 371 371 371 371 371 END
START 374 374 374 373 374 374 END
START 375 375 375 374 375 374 END
START 375 375 375 374 375 374 END
START 379 378 379 378 378 378 END
START 382 382 382 382 382 382 END
START 384 384 384 383 384 384 END
START 376 376 376 375 376 375 END