START 397 398 397 397 398 397 END
START 399 399 399 398 399 399 END
START 416 416 416 416 416 416 END
START 423 424 424 423 423 423 END
START 426 426 426 426 426 426 END
START 410 410 410 409 410 409 END
START 388 388 388 387 388 387 END
START 380 379 379 379 379 379 END
START 378 378 378 378 378 378 END
START 381 381 381 380 380 380 END
START 359 359 359 359 360 360 END
START 376 376 376 376 376 376 END
START 377 377 377 376 377 376 END
START 378 379 379 378 379 378 END
START 377 377 377 377 377 377 END
START 379 379 379 378 379 378 END
START 383 383 384 383 384 384 END
START 380 380 381 380 380 380 END
START 381 381 380 380 380 380 END
START 389 388 389 388 388 388 END
START 391 391 391 391 391 391 END
START 387 387 387 387 387 387 END
START 390 390 390 390 390 390 END
START 386 386 386 386 387 386 END
START 391 391 391 391 391 390 END
START 384 384 385 384 385 385 END
START 386 386 386 386 387 386 END
START 390 389 390 389 390 389 END
START 385 386 386 385 385 385 END