START 404 404 404 404 404 404 END
START 404 404 404 404 404 404 END
START 424 424 424 423 424 423 END
START 458 458 458 457 458 457 END
START 487 487 487 487 487 488 END
START 491 491 491 490 490 490 END
START 473 473 472 472 472 472 END
START 437 437 437 436 436 436 END
START 401 401 401 400 401 400 END
START 371 371 370 370 370 369 END
START 352 352 352 352 352 352 END
START 343 343 343 342 342 342 END
START 338 337 338 337 338 337 END
START 339 339 339 338 339 339 END
START 337 338 338 337 338 338 END
START 336 336 336 336 337 336 END
START 343 343 343 342 343 343 END
START 350 350 350 349 350 350 END
START 352 352 352 352 353 352 END
START 355 355 356 355 356 355 END
START 364 364 364 363 363 364 END
START 368 368 368 367 367 367 END
START 369 369 370 369 370 370 END
START 378 378 378 377 378 377 END
START 384 384 384 383 384 384 END
START 383 383 383 382 383 382 END
START 385 385 385 385 385 385 END
START 386 386 386 386 387 386 END
START 389 389 389 388 389 389 END
START 389 389 389 389 389 389 END