START 337 338 336 337 337 337 END
START 337 337 338 336 338 337 END
START 346 346 347 346 347 347 END
START 352 352 352 352 352 352 END
START 356 356 356 356 356 356 END
START 362 362 362 362 362 362 END
START 370 370 371 370 370 370 END
START 371 371 371 370 370 370 END
START 375 374 374 374 375 374 END
START 385 385 385 385 385 385 END
START 376 376 377 376 377 376 END
START 384 384 384 383 384 384 END
START 385 385 386 385 385 385 END
START 386 385 386 385 385 385 END
START 392 392 392 392 392 391 END
START 392 392 392 392 392 392 END