START 363 363 362 362 363 362 END
START 364 364 364 364 364 363 END
START 377 377 377 377 377 377 END
START 378 379 378 377 378 377 END
START 384 384 384 383 384 384 END
START 384 384 384 383 384 383 END
START 391 391 391 390 390 390 END
START 394 394 394 393 394 394 END
START 395 395 396 395 395 395 END
START 391 391 391 390 391 390 END
START 393 393 392 392 392 392 END
START 394 394 394 393 394 393 END
START 392 392 392 391 391 391 END
START 389 389 389 389 389 389 END
START 386 386 386 385 385 385 END
START 387 387 387 386 387 387 END
START 387 387 387 387 387 387 END
START 388 388 388 388 388 388 END
START 391 391 391 390 391 390 END
START 392 392 392 391 391 391 END
START 386 386 386 386 386 386 END