START 329 330 328 328 329 328 END
START 328 328 328 328 328 327 END
START 347 347 347 347 347 347 END
START 362 362 362 361 362 361 END
START 380 380 380 379 380 380 END
START 385 385 385 385 385 385 END
START 378 378 378 378 379 378 END
START 399 399 399 398 399 398 END
START 393 393 393 393 393 393 END
START 394 393 393 393 393 392 END
START 392 392 392 392 392 392 END
START 392 392 392 391 392 391 END
START 391 391 391 391 391 390 END
START 396 396 396 395 396 395 END
START 395 395 395 394 395 394 END