START 352 353 352 351 352 351 END
START 351 351 351 350 351 350 END
START 359 359 359 358 359 358 END
START 362 362 362 361 362 362 END
START 359 359 359 359 359 359 END
START 356 356 356 355 356 356 END
START 360 360 360 360 360 360 END
START 364 364 365 364 364 364 END
START 365 365 365 364 365 365 END
START 372 373 373 372 373 373 END
START 375 375 375 374 375 375 END
START 372 372 372 371 372 371 END
START 379 379 380 379 379 379 END
START 383 383 382 382 382 382 END
START 382 382 382 382 382 382 END
START 384 383 383 383 383 383 END