START 353 353 352 352 353 352 END
START 351 351 351 350 351 349 END
START 368 368 368 367 368 368 END
START 384 384 384 383 383 383 END
START 392 392 392 392 392 392 END
START 397 397 398 397 398 397 END
START 402 403 403 402 402 402 END
START 406 406 406 405 406 406 END
START 400 400 400 400 401 401 END
START 408 407 407 407 407 407 END
START 411 411 411 411 411 411 END
START 406 406 406 405 405 406 END
START 401 401 401 400 401 401 END
START 398 398 398 397 398 398 END
START 397 397 397 397 397 396 END
START 398 398 398 397 398 397 END
START 399 399 399 398 398 398 END
START 398 399 398 398 398 398 END
START 391 391 391 391 391 391 END
START 389 389 389 388 389 388 END
START 388 388 388 388 388 388 END
START 388 389 388 388 389 389 END
START 374 374 374 374 374 374 END
START 388 388 388 388 388 388 END
START 390 390 390 390 390 390 END