START 326 326 325 324 325 324 END
START 324 324 324 323 325 324 END
START 340 341 341 340 341 340 END
START 359 359 359 358 359 358 END
START 371 371 371 371 371 371 END
START 361 361 361 361 361 361 END
START 379 379 379 379 379 378 END
START 386 386 386 386 386 386 END
START 386 386 386 386 386 386 END
START 387 387 387 387 387 387 END
START 388 388 388 388 388 388 END
START 388 388 388 388 388 388 END
START 390 390 390 389 390 389 END
START 390 391 391 391 391 391 END
START 393 393 393 393 393 392 END
START 393 393 393 392 393 392 END
START 390 390 389 389 389 389 END
START 397 396 396 395 396 395 END
START 414 414 414 414 415 414 END