START 335 336 335 334 336 335 END
START 335 336 336 335 336 335 END
START 349 349 349 349 350 349 END
START 362 362 363 362 363 363 END
START 370 370 370 369 369 369 END
START 381 381 381 380 381 380 END
START 385 385 385 385 386 385 END
START 382 383 383 383 383 383 END
START 391 391 391 390 391 390 END
START 373 374 373 373 374 373 END
START 392 392 392 391 392 391 END
START 395 395 395 394 394 394 END
START 392 392 392 391 392 392 END
START 392 392 392 392 392 392 END
START 392 392 392 392 392 392 END
START 391 391 392 391 391 391 END
START 393 394 394 393 394 394 END
START 394 394 394 394 394 394 END
START 389 389 389 388 388 388 END