START 372 373 371 371 372 371 END
START 371 371 371 370 371 370 END
START 371 371 371 371 371 371 END
START 354 354 354 354 354 354 END
START 349 349 349 348 349 348 END
START 351 351 352 351 351 351 END
START 352 352 352 352 353 352 END
START 350 350 350 350 350 349 END
START 356 355 355 355 355 355 END
START 354 354 354 353 354 354 END
START 359 359 359 358 359 359 END
START 366 366 366 365 366 366 END
START 370 370 371 370 371 370 END
START 372 372 372 371 372 371 END
START 372 372 372 371 372 372 END
START 373 373 373 373 373 373 END