START 392 393 392 391 392 391 END
START 391 391 391 390 391 390 END
START 404 404 404 403 404 404 END
START 400 400 400 400 400 401 END
START 398 398 398 397 398 398 END
START 393 394 393 393 393 392 END
START 384 384 384 384 384 384 END
START 386 386 385 385 385 385 END
START 382 382 382 382 382 382 END
START 385 385 385 385 385 385 END
START 384 384 385 384 384 384 END
START 379 379 379 379 379 379 END
START 383 383 383 382 383 383 END
START 389 389 389 388 389 388 END
START 386 386 386 386 386 386 END
START 388 388 387 387 387 387 END
START 388 388 387 387 387 387 END
START 387 388 387 387 387 387 END
START 385 386 385 385 385 385 END
START 386 387 387 386 387 386 END
START 391 391 391 390 391 390 END
START 391 390 390 390 390 390 END
START 385 385 385 384 385 384 END
START 388 387 388 387 388 387 END
START 392 392 392 391 391 392 END
START 400 401 401 401 401 401 END
START 430 430 430 430 430 430 END
START 444 444 444 444 445 444 END
START 457 457 456 456 456 456 END
START 447 447 447 447 447 447 END