START 320 321 320 320 321 320 END
START 322 322 322 322 323 322 END
START 335 335 335 335 336 335 END
START 358 358 358 358 359 358 END
START 373 373 373 373 374 373 END
START 375 375 375 374 375 375 END
START 382 382 382 381 382 381 END
START 386 386 385 385 385 385 END
START 389 389 389 388 389 388 END
START 394 394 395 394 395 394 END
START 393 393 393 393 393 393 END
START 384 384 384 384 384 384 END
START 394 394 394 394 394 394 END
START 394 394 394 394 394 394 END
START 399 399 399 398 399 398 END
START 396 396 396 395 396 396 END
START 393 393 393 393 393 393 END
START 397 397 397 397 397 397 END
START 395 395 395 394 395 394 END
START 390 390 390 390 391 390 END