START 359 359 358 358 359 358 END
START 358 358 358 357 358 358 END
START 370 370 370 369 370 369 END
START 383 384 383 383 383 383 END
START 389 389 389 388 389 388 END
START 393 393 393 393 393 394 END
START 400 400 400 400 400 400 END
START 402 402 402 402 402 402 END
START 404 404 404 404 404 404 END
START 391 391 391 391 391 391 END
START 404 404 404 404 404 404 END
START 403 404 403 403 403 403 END
START 396 396 396 395 396 395 END
START 399 399 399 398 399 398 END
START 398 398 398 397 397 397 END
START 397 397 397 396 397 396 END
START 390 390 390 390 390 390 END
START 391 391 391 391 392 391 END
START 392 392 392 392 392 392 END
START 395 395 395 395 395 394 END
START 391 391 391 390 390 390 END
START 390 390 390 390 390 390 END
START 391 391 391 390 390 390 END
START 386 386 386 386 386 386 END
START 388 389 389 388 389 388 END
START 396 396 396 396 396 396 END
START 390 390 390 390 390 389 END
START 387 387 387 387 387 387 END