START 353 354 352 353 354 353 END
START 354 355 354 354 355 354 END
START 354 354 354 353 354 354 END
START 357 357 357 357 357 357 END
START 357 357 357 357 357 357 END
START 354 354 355 354 354 354 END
START 361 361 361 360 361 361 END
START 366 366 366 365 366 366 END
START 370 370 370 370 370 370 END
START 377 376 376 376 376 376 END
START 375 376 376 375 375 375 END
START 377 377 377 376 377 377 END
START 380 380 380 380 380 380 END
START 387 387 387 387 387 387 END
START 383 383 383 382 382 382 END
START 384 384 384 384 384 384 END