START 339 339 338 338 338 337 END
START 335 335 335 334 335 334 END
START 357 357 358 357 358 358 END
START 358 358 358 358 358 358 END
START 362 362 362 362 362 362 END
START 361 361 361 361 361 360 END
START 364 364 364 364 364 364 END
START 368 368 368 368 369 368 END
START 371 371 372 371 372 371 END
START 382 382 381 381 381 381 END
START 384 384 384 384 384 384 END
START 379 379 379 378 379 379 END
START 383 383 383 383 383 383 END
START 386 386 386 385 386 386 END
START 384 384 384 383 384 383 END
START 387 387 387 387 387 386 END
START 391 391 392 391 391 391 END
START 390 390 390 390 390 390 END
START 391 391 391 390 391 390 END