START 353 354 353 353 354 353 END
START 353 354 353 353 354 353 END
START 367 368 368 367 368 368 END
START 378 378 378 377 377 376 END
START 391 391 391 391 391 391 END
START 399 399 399 398 399 398 END
START 405 405 405 405 405 405 END
START 405 405 405 404 405 404 END
START 404 405 404 404 405 404 END
START 407 407 407 406 406 406 END
START 403 403 403 403 403 403 END
START 412 412 412 411 412 411 END
START 406 406 406 406 406 406 END
START 402 403 402 402 402 402 END
START 399 399 399 398 398 398 END
START 401 401 401 401 401 401 END
START 401 402 401 401 401 401 END
START 385 386 385 385 385 385 END
START 398 398 398 398 398 398 END
START 395 395 395 394 395 395 END
START 394 394 394 394 394 394 END
START 387 387 388 387 388 387 END
START 390 390 390 389 390 389 END
START 389 388 388 388 388 387 END
START 387 387 387 387 387 387 END
START 388 388 387 387 387 387 END
START 384 384 384 384 384 384 END
START 385 385 385 384 385 384 END
START 382 382 382 382 382 381 END