START 396 397 396 396 396 396 END
START 397 397 397 396 397 396 END
START 417 417 417 417 417 417 END
START 419 419 419 419 419 419 END
START 439 440 439 439 439 439 END
START 411 410 410 410 410 410 END
START 393 393 393 393 393 392 END
START 370 370 370 369 369 368 END
START 373 374 373 373 373 373 END
START 372 372 372 372 372 372 END
START 374 374 374 373 374 374 END
START 376 377 376 376 376 376 END
START 375 376 376 375 376 375 END
START 378 378 379 378 379 379 END
START 378 377 378 377 378 378 END
START 377 377 377 376 376 376 END
START 380 380 380 380 380 380 END
START 385 385 385 384 385 384 END
START 384 384 384 384 384 384 END
START 385 385 386 385 386 386 END
START 384 384 384 383 384 384 END
START 385 385 385 384 385 384 END
START 384 384 384 384 384 384 END