START 326 327 325 325 326 325 END
START 326 326 326 325 326 326 END
START 345 345 346 345 345 345 END
START 358 358 358 357 358 358 END
START 367 367 367 366 367 366 END
START 378 378 378 378 378 378 END
START 379 379 379 378 378 378 END
START 381 381 381 380 381 380 END
START 380 380 380 379 380 380 END
START 388 388 388 387 388 387 END
START 380 380 380 380 380 379 END
START 388 388 388 388 388 388 END
START 393 392 393 392 392 392 END
START 396 396 396 396 396 396 END
START 395 395 395 394 395 394 END
START 393 392 393 392 393 392 END
START 390 390 390 390 391 390 END
START 389 389 389 388 389 389 END