START 346 346 345 345 346 346 END
START 345 345 345 344 345 344 END
START 356 357 356 356 356 356 END
START 359 359 359 359 359 359 END
START 363 363 363 363 363 363 END
START 365 365 365 364 365 365 END
START 368 368 368 368 368 368 END
START 369 369 369 369 369 368 END
START 370 370 370 370 370 370 END
START 373 373 373 373 373 373 END
START 377 377 377 377 378 378 END
START 376 376 376 375 375 375 END
START 381 381 381 381 381 381 END
START 383 384 383 383 383 383 END
START 382 382 382 381 382 382 END
START 385 384 385 384 384 384 END
START 385 385 385 385 385 384 END