START 338 339 338 338 339 338 END
START 339 339 339 339 339 339 END
START 361 362 362 361 362 362 END
START 375 375 375 375 375 375 END
START 386 385 385 385 385 384 END
START 397 397 397 396 397 397 END
START 396 397 397 396 396 396 END
START 397 397 397 396 396 396 END
START 395 395 395 395 395 395 END
START 397 397 397 397 397 397 END
START 397 397 397 396 397 396 END
START 398 398 398 398 399 398 END
START 397 397 397 397 398 397 END
START 397 397 397 397 397 396 END
START 400 400 400 399 400 400 END
START 425 425 425 425 425 425 END
START 454 454 454 454 454 454 END
START 486 486 486 486 487 486 END