START 342 342 342 341 342 342 END
START 341 341 342 341 341 341 END
START 344 345 345 344 345 344 END
START 359 359 359 359 359 359 END
START 364 365 365 364 365 364 END
START 361 361 361 361 361 361 END
START 365 365 365 364 365 365 END
START 371 371 371 370 370 370 END
START 365 365 365 365 366 366 END
START 376 376 376 375 376 376 END
START 379 379 379 380 380 380 END
START 378 378 378 377 378 378 END
START 375 375 375 374 375 375 END
START 381 381 381 381 381 380 END
START 379 379 379 379 379 379 END