START 390 391 390 390 391 390 END
START 390 390 390 390 390 389 END
START 404 405 404 404 404 404 END
START 423 424 424 423 424 423 END
START 414 414 414 413 414 413 END
START 401 401 401 400 400 400 END
START 386 386 386 385 385 385 END
START 374 374 374 373 374 373 END
START 369 369 369 368 368 368 END
START 365 365 365 364 364 364 END
START 363 363 363 363 363 363 END
START 364 364 363 363 364 363 END
START 366 366 366 365 366 366 END
START 369 369 369 368 369 368 END
START 370 371 371 370 370 370 END
START 370 370 370 369 369 369 END
START 373 373 373 372 373 372 END
START 379 379 379 379 379 379 END
START 369 369 369 368 369 369 END
START 381 381 381 381 381 381 END
START 380 380 380 380 380 380 END
START 384 384 384 384 384 384 END
START 388 388 388 388 388 388 END
START 393 393 393 393 393 393 END