START 347 347 347 346 347 346 END
START 346 346 346 345 346 344 END
START 355 355 355 355 355 355 END
START 359 359 359 358 359 358 END
START 361 361 361 360 361 360 END
START 363 363 363 363 363 363 END
START 364 364 365 364 365 364 END
START 371 371 372 371 371 371 END
START 370 370 370 369 369 369 END
START 376 376 376 375 375 375 END
START 379 379 379 378 379 378 END
START 378 379 378 378 378 378 END
START 378 379 379 378 379 378 END
START 380 380 380 379 380 380 END
START 379 379 379 379 379 378 END
START 386 386 387 386 386 386 END