START 395 395 394 394 395 394 END
START 393 393 393 392 393 392 END
START 405 405 405 405 405 405 END
START 409 409 409 408 409 408 END
START 386 385 385 385 385 384 END
START 365 365 365 364 364 364 END
START 348 348 348 348 348 348 END
START 341 341 341 340 341 341 END
START 340 340 340 340 340 340 END
START 346 346 346 345 346 346 END
START 349 349 349 349 349 349 END
START 339 339 340 339 339 339 END
START 360 360 360 359 360 359 END
START 364 365 365 364 364 364 END
START 367 367 367 367 367 367 END
START 369 369 369 369 369 368 END
START 371 372 372 371 372 372 END
START 376 376 376 375 376 376 END
START 378 378 378 377 377 377 END
START 379 379 379 378 378 378 END