START 350 351 350 350 351 351 END
START 353 353 353 352 353 352 END
START 359 359 359 359 359 359 END
START 363 363 364 363 364 364 END
START 367 366 367 366 366 366 END
START 371 372 371 371 372 372 END
START 380 380 380 379 380 380 END
START 380 380 380 380 380 380 END
START 388 388 388 388 387 388 END
START 387 387 387 387 387 387 END
START 390 390 390 390 391 390 END
START 389 389 389 388 389 389 END
START 392 391 392 391 391 391 END
START 398 398 397 397 397 397 END
START 396 396 396 395 396 396 END
START 394 394 394 393 394 393 END
START 394 394 394 394 394 394 END
START 381 382 382 381 382 381 END
START 418 418 418 418 418 418 END