START 351 352 351 351 352 351 END
START 352 352 352 351 352 351 END
START 371 372 372 371 372 371 END
START 386 386 386 385 385 386 END
START 398 398 398 398 398 398 END
START 402 402 402 402 403 402 END
START 409 409 409 408 409 409 END
START 406 406 407 406 406 406 END
START 414 414 414 413 414 413 END
START 409 410 410 409 409 410 END
START 410 410 409 409 409 409 END
START 409 409 409 409 409 408 END
START 405 405 405 404 405 404 END
START 397 397 397 397 398 398 END
START 399 399 399 399 399 399 END
START 396 397 396 396 396 396 END
START 393 393 393 392 393 392 END
START 387 387 387 387 387 387 END
START 387 387 387 387 387 387 END
START 387 386 386 386 386 386 END
START 382 381 381 381 381 381 END
START 386 386 386 386 386 386 END
START 385 385 385 384 385 384 END
START 383 383 383 382 383 382 END
START 380 381 381 380 380 380 END
START 381 381 381 380 381 380 END
START 382 382 382 381 381 381 END
START 386 386 386 385 386 385 END
START 386 386 386 386 386 386 END
START 385 385 385 385 385 384 END
START 387 387 387 386 387 386 END
START 382 382 382 381 382 381 END