START 365 366 365 365 366 365 END
START 366 366 366 365 366 365 END
START 383 383 383 383 383 383 END
START 408 408 408 408 408 408 END
START 416 416 417 416 416 416 END
START 418 418 419 419 419 418 END
START 422 422 422 421 421 421 END
START 423 423 422 422 422 422 END
START 422 422 422 421 421 421 END
START 417 417 417 417 417 417 END
START 417 417 418 417 418 417 END
START 408 408 407 407 408 408 END
START 404 404 404 403 404 404 END
START 399 398 399 398 398 398 END
START 400 400 400 399 400 399 END
START 394 395 394 394 395 394 END
START 392 392 392 392 392 392 END
START 391 390 390 390 390 390 END
START 386 385 386 385 385 385 END
START 380 380 380 380 380 380 END
START 382 382 382 381 381 381 END
START 385 385 385 384 384 384 END
START 381 381 381 380 381 381 END
START 381 381 381 381 381 380 END
START 376 376 377 376 376 376 END