START 356 357 356 356 357 356 END
START 357 357 358 357 358 357 END
START 361 361 361 360 361 360 END
START 365 365 365 365 365 366 END
START 361 361 361 361 361 361 END
START 365 366 365 365 365 365 END
START 369 369 369 368 369 368 END
START 373 373 373 372 373 372 END
START 381 381 381 381 381 381 END
START 385 385 385 385 385 385 END
START 386 386 386 386 386 386 END
START 383 383 384 383 384 383 END
START 389 389 389 389 389 388 END
START 391 391 391 391 391 391 END
START 392 392 392 393 393 393 END
START 391 391 391 391 391 390 END
START 392 392 392 392 392 392 END
START 389 389 389 388 389 388 END
START 396 396 396 396 396 396 END
START 423 424 424 423 424 424 END