START 368 369 368 368 369 368 END
START 369 369 369 368 369 369 END
START 388 389 389 389 390 390 END
START 411 411 411 410 411 410 END
START 428 428 428 428 428 428 END
START 428 428 428 428 429 428 END
START 433 433 433 433 433 433 END
START 438 438 438 437 438 437 END
START 435 435 435 435 435 435 END
START 430 430 430 430 430 430 END
START 406 406 406 406 406 406 END
START 409 409 409 408 409 408 END
START 406 407 407 406 406 406 END
START 403 403 403 402 403 403 END
START 392 392 392 392 392 392 END
START 393 393 393 392 392 392 END
START 385 385 385 384 384 384 END
START 381 381 381 381 381 381 END
START 383 384 383 382 383 382 END
START 381 381 381 381 381 380 END
START 378 379 379 379 380 380 END
START 408 409 409 408 409 409 END