START 352 353 352 352 353 353 END
START 354 354 355 354 355 355 END
START 381 381 381 381 381 380 END
START 400 401 401 400 401 400 END
START 408 408 408 408 409 408 END
START 418 418 418 418 418 418 END
START 424 424 424 423 424 424 END
START 427 427 427 427 427 426 END
START 426 426 426 426 426 426 END
START 418 418 418 418 418 418 END
START 415 415 415 414 415 414 END
START 408 408 408 407 408 407 END
START 408 408 408 408 408 407 END
START 401 401 401 401 401 401 END
START 396 396 396 396 397 396 END
START 419 420 419 419 419 419 END
START 435 436 436 436 436 436 END
START 459 459 459 459 459 459 END
START 458 458 458 457 458 457 END
START 440 440 440 440 440 440 END
START 431 431 431 430 431 430 END
START 409 409 409 408 408 408 END
START 399 399 399 398 399 398 END
START 392 392 392 391 392 392 END
START 384 384 384 384 384 384 END
START 379 379 379 379 379 378 END
START 373 373 373 372 372 372 END