START 366 366 366 365 366 365 END
START 365 365 365 364 365 364 END
START 374 375 375 374 375 375 END
START 387 387 387 387 387 387 END
START 405 405 405 404 405 404 END
START 399 399 399 398 399 398 END
START 400 399 400 399 399 399 END
START 406 406 406 405 406 406 END
START 405 404 404 404 404 404 END
START 396 396 396 395 396 395 END
START 403 404 403 402 403 402 END
START 405 405 405 405 405 405 END
START 401 401 401 401 401 400 END
START 396 396 396 395 396 396 END
START 398 399 398 398 398 398 END
START 395 395 395 395 395 394 END
START 394 394 394 394 394 394 END
START 386 386 386 385 386 385 END
START 389 389 389 388 389 389 END
START 385 385 385 384 385 385 END
START 396 396 396 396 396 396 END