START 392 392 392 391 392 391 END
START 392 392 392 391 392 391 END
START 402 401 402 401 402 401 END
START 400 400 400 400 400 400 END
START 387 387 387 387 387 387 END
START 388 388 388 388 388 388 END
START 388 388 388 387 387 387 END
START 384 384 384 384 384 384 END
START 380 380 380 380 380 380 END
START 386 386 386 385 386 385 END
START 383 383 383 382 382 382 END
START 390 390 390 390 390 390 END
START 384 384 384 383 384 383 END
START 384 384 384 384 384 384 END
START 384 384 384 384 384 384 END
START 380 381 381 381 381 380 END
START 380 380 380 380 380 380 END
START 380 379 380 379 379 379 END
START 384 383 383 383 383 383 END
START 385 384 384 384 384 384 END
START 383 383 383 382 382 382 END
START 383 383 384 383 383 384 END
START 384 384 384 383 384 384 END
START 388 388 387 387 387 387 END
START 387 387 387 387 387 387 END