START 336 336 335 335 336 335 END
START 336 336 336 335 336 335 END
START 345 346 346 345 346 346 END
START 355 355 355 355 355 355 END
START 370 370 370 369 370 369 END
START 372 372 372 372 372 372 END
START 367 367 367 367 367 367 END
START 380 380 381 380 381 380 END
START 389 389 389 389 389 389 END
START 384 384 384 384 384 384 END
START 389 389 389 389 389 389 END
START 388 389 389 388 389 388 END
START 393 393 393 392 392 392 END
START 392 392 392 392 392 392 END
START 392 392 392 391 392 392 END
START 392 392 392 392 392 392 END
START 394 393 393 393 393 392 END