START 384 384 384 384 384 384 END
START 384 384 384 383 384 384 END
START 406 406 407 406 407 406 END
START 418 418 418 418 419 418 END
START 422 422 422 421 422 421 END
START 398 398 397 397 397 396 END
START 374 374 374 373 374 373 END
START 354 354 354 353 354 353 END
START 335 335 335 334 335 334 END
START 333 333 333 333 333 333 END
START 335 335 335 334 334 334 END
START 340 340 340 340 340 340 END
START 344 344 344 344 344 344 END
START 347 347 347 346 347 346 END
START 357 357 357 356 357 357 END
START 360 360 360 359 360 360 END
START 363 364 363 363 364 363 END