START 348 348 347 347 348 347 END
START 348 348 348 347 348 347 END
START 358 358 358 358 359 358 END
START 352 353 353 352 352 352 END
START 354 354 354 353 354 354 END
START 352 352 352 351 352 352 END
START 360 360 360 359 360 359 END
START 358 359 358 358 358 358 END
START 367 367 367 366 366 366 END
START 364 364 363 362 363 362 END
START 373 372 373 372 373 373 END
START 377 377 377 376 377 377 END
START 378 378 378 377 378 377 END
START 376 376 376 375 376 376 END
START 379 379 379 378 379 378 END
START 379 379 379 378 379 379 END
START 383 383 383 382 383 383 END