START 347 347 346 346 347 346 END
START 347 347 347 346 347 346 END
START 361 361 361 360 361 361 END
START 381 381 381 381 381 381 END
START 392 392 392 392 392 392 END
START 387 387 387 386 387 386 END
START 401 401 401 401 401 400 END
START 411 411 411 410 411 411 END
START 405 404 404 404 404 404 END
START 406 407 407 406 407 406 END
START 401 401 401 401 401 401 END
START 403 404 403 403 403 403 END
START 401 401 401 400 400 400 END
START 400 400 400 399 400 399 END
START 393 393 394 393 393 393 END
START 396 396 396 395 396 395 END
START 399 398 399 398 399 398 END
START 393 393 392 392 392 392 END
START 395 395 395 395 395 395 END
START 393 393 393 392 393 393 END
START 390 390 390 390 391 390 END
START 392 392 392 391 392 392 END
START 387 387 387 386 387 386 END
START 385 385 385 384 385 384 END
START 386 386 386 385 386 385 END