START 358 358 358 358 359 358 END
START 359 359 360 359 360 359 END
START 374 373 374 373 373 373 END
START 395 395 395 395 395 395 END
START 406 407 407 406 407 406 END
START 405 405 405 404 405 404 END
START 408 408 408 407 408 408 END
START 413 413 413 413 413 413 END
START 417 416 416 415 416 415 END
START 415 415 415 414 415 414 END
START 410 409 409 409 409 409 END
START 401 401 401 400 401 401 END
START 401 401 401 400 401 401 END
START 401 401 401 401 401 401 END
START 399 399 399 399 399 399 END
START 381 381 381 380 381 380 END
START 387 387 387 386 386 386 END
START 386 386 386 386 386 386 END
START 385 384 384 383 383 383 END
START 386 386 386 385 386 386 END
START 381 381 381 381 381 381 END
START 388 388 388 388 388 388 END
START 382 382 383 382 383 382 END
START 383 383 384 383 383 383 END
START 393 393 393 393 393 393 END
START 417 417 417 417 418 418 END