START 343 343 342 342 343 342 END
START 342 343 342 342 342 342 END
START 345 345 345 344 345 344 END
START 358 358 358 358 358 357 END
START 362 362 362 362 362 362 END
START 366 366 365 365 366 365 END
START 373 373 373 373 373 373 END
START 373 373 373 372 373 373 END
START 377 377 378 377 377 377 END
START 388 387 388 387 387 387 END
START 385 385 385 384 384 384 END
START 385 385 385 385 385 385 END
START 386 387 387 386 387 386 END
START 392 392 391 391 391 391 END
START 390 391 391 390 390 390 END
START 392 392 392 391 391 391 END
START 378 378 377 377 377 377 END
START 396 395 395 395 395 395 END
START 401 401 402 401 402 402 END
START 390 390 390 390 390 390 END
START 394 394 394 393 394 393 END
START 393 393 392 392 393 392 END