START 397 397 397 396 397 397 END
START 397 397 397 396 397 397 END
START 416 416 417 416 416 416 END
START 431 431 431 431 431 431 END
START 440 440 440 440 440 440 END
START 413 413 413 413 413 413 END
START 397 397 397 396 397 396 END
START 383 384 383 383 383 383 END
START 368 368 368 368 368 368 END
START 363 363 363 363 363 363 END
START 368 368 368 367 368 368 END
START 364 364 364 364 364 364 END
START 364 364 364 364 364 364 END
START 371 371 371 370 371 371 END
START 370 369 369 369 370 369 END
START 373 373 373 373 374 374 END
START 374 374 374 374 374 374 END
START 373 373 373 372 372 372 END
START 377 377 377 377 377 377 END
START 375 375 376 376 376 376 END
START 379 379 379 378 379 379 END
START 380 380 380 380 380 380 END
START 381 381 381 380 380 380 END
START 381 381 381 380 381 381 END
START 385 384 385 384 385 384 END
START 391 392 391 391 391 391 END
START 392 391 391 391 391 391 END
START 391 391 392 391 392 392 END
START 393 393 393 392 392 392 END
START 397 397 398 398 398 398 END