START 340 340 339 339 340 339 END
START 339 339 339 338 339 338 END
START 353 353 353 353 353 353 END
START 360 360 360 359 360 360 END
START 359 359 359 358 359 358 END
START 362 362 362 362 362 362 END
START 364 364 364 364 364 365 END
START 372 372 372 371 373 372 END
START 361 361 361 361 361 360 END
START 377 378 378 377 378 377 END
START 383 383 383 383 383 383 END
START 385 385 385 385 385 384 END
START 382 382 382 381 382 381 END
START 384 384 384 384 384 384 END
START 383 383 383 383 383 383 END
START 390 390 390 390 390 390 END
START 391 392 392 392 392 392 END