START 386 386 385 385 386 386 END
START 385 386 386 385 385 385 END
START 387 387 387 387 387 387 END
START 386 386 385 385 386 385 END
START 385 385 385 385 385 385 END
START 383 383 383 382 383 383 END
START 387 387 387 386 386 386 END
START 384 384 384 383 384 384 END
START 384 384 384 383 384 384 END
START 386 386 386 385 385 385 END
START 388 388 389 388 389 388 END
START 390 390 390 389 389 389 END
START 392 392 392 391 392 391 END
START 387 387 387 386 386 386 END
START 385 385 385 385 385 384 END
START 387 387 387 387 387 387 END
START 384 384 385 384 385 384 END
START 388 387 388 387 388 387 END
START 392 392 392 391 391 391 END
START 392 392 392 392 392 392 END
START 389 390 390 389 390 390 END
START 390 390 390 389 390 390 END