START 392 393 391 391 392 391 END
START 390 390 390 389 390 389 END
START 395 395 395 394 395 395 END
START 393 393 393 392 393 393 END
START 384 384 384 384 384 384 END
START 380 380 380 379 380 379 END
START 383 383 384 383 383 383 END
START 382 382 382 381 382 381 END
START 384 384 384 384 384 384 END
START 380 380 380 380 380 380 END
START 384 384 384 384 384 384 END
START 381 381 381 381 381 381 END
START 373 373 373 372 373 372 END
START 381 381 381 380 381 380 END
START 381 381 381 381 381 381 END
START 382 382 382 382 382 382 END
START 383 383 383 382 383 382 END
START 384 384 384 383 384 384 END
START 381 381 381 381 381 381 END
START 384 384 384 384 385 384 END
START 387 387 387 387 387 387 END
START 384 384 385 384 384 384 END
START 386 385 385 385 385 385 END
START 385 385 385 384 385 384 END
START 389 389 389 388 389 389 END
START 390 390 390 390 390 390 END