START 356 357 356 355 356 356 END
START 355 355 355 354 355 354 END
START 359 359 359 359 359 360 END
START 359 358 358 358 358 358 END
START 360 359 359 359 359 359 END
START 357 357 357 357 357 357 END
START 358 358 358 357 358 358 END
START 369 369 369 368 369 369 END
START 369 369 369 369 370 370 END
START 373 373 373 372 373 373 END
START 380 380 380 380 380 380 END
START 380 379 380 379 379 379 END
START 380 380 380 380 380 380 END
START 393 393 393 392 393 392 END
START 388 387 388 387 388 387 END
START 386 386 386 386 386 386 END
START 393 393 393 392 393 392 END
START 394 394 393 393 393 393 END
START 399 400 399 399 400 399 END