START 338 339 338 338 339 338 END
START 338 338 338 337 338 336 END
START 348 348 348 348 349 349 END
START 376 376 376 375 376 376 END
START 391 391 391 391 391 391 END
START 397 397 397 397 397 397 END
START 398 398 398 398 398 398 END
START 400 400 400 399 400 400 END
START 402 402 402 401 402 402 END
START 402 402 402 401 402 401 END
START 404 405 405 404 404 404 END
START 408 408 408 408 408 408 END
START 411 411 412 411 411 411 END
START 407 407 407 406 407 406 END
START 408 407 408 407 407 407 END
START 385 385 384 384 384 384 END
START 396 396 396 395 396 395 END
START 406 406 406 405 406 406 END