START 385 385 385 385 385 384 END
START 384 385 384 384 384 383 END
START 407 407 407 407 407 407 END
START 426 427 427 426 427 426 END
START 433 433 433 433 433 433 END
START 419 419 419 419 419 419 END
START 390 390 390 390 390 390 END
START 379 379 379 378 378 378 END
START 368 368 368 368 368 368 END
START 364 364 364 364 364 364 END
START 363 363 363 362 363 362 END
START 368 368 368 367 368 368 END
START 368 368 368 368 368 368 END
START 371 370 371 370 371 370 END
START 373 373 374 374 374 374 END
START 379 380 379 379 380 379 END
START 381 381 382 381 382 381 END
START 378 379 379 378 379 378 END
START 382 382 382 382 382 382 END
START 381 381 381 380 381 380 END
START 380 380 380 379 379 379 END
START 383 383 383 383 383 383 END
START 385 385 385 384 384 384 END
START 385 385 385 384 384 384 END
START 389 388 389 388 389 388 END
START 388 388 388 387 388 387 END
START 389 389 389 388 389 388 END
START 384 384 384 383 384 383 END
START 406 406 406 406 407 406 END