START 282 283 281 282 284 282 END
START 286 286 286 285 286 285 END
START 333 333 334 333 333 332 END
START 380 381 381 380 381 380 END
START 622 627 631 639 645 649 END
START 728 728 729 728 728 727 END
START 728 729 729 728 728 727 END
START 729 729 728 728 728 727 END
START 728 728 729 728 728 727 END
START 729 728 728 728 728 727 END
START 729 728 728 728 728 727 END
START 729 729 728 728 728 727 END
START 728 728 728 727 728 726 END
START 714 713 712 709 707 705 END
START 20 21 20 20 21 20 END