START 455 454 454 454 454 454 455 454 455 455 455 456 455 455 455 455 454 455 END
START 450 449 451 449 450 450 471 471 472 472 470 469 441 440 441 440 439 439 END
START 597 597 598 600 602 601 718 717 717 718 717 717 712 710 710 710 709 709 END
START 636 635 636 635 635 634 489 487 488 487 485 484 364 364 363 363 362 361 END
START 331 330 331 331 331 330 323 324 323 323 323 322 320 320 320 320 319 318 END
START 315 317 317 316 317 316 319 319 319 320 319 318 321 320 321 322 321 320 END
START 322 324 324 323 324 323 323 322 322 323 322 321 323 323 322 323 323 322 END
START 325 326 326 326 326 325 325 326 324 326 325 324 330 331 329 331 330 329 END
START 328 329 330 329 329 328 334 334 333 334 333 332 334 332 332 334 332 332 END
START 338 339 339 339 339 338 338 338 336 338 337 336 340 340 339 341 340 339 END
START 342 343 343 342 342 342 343 343 343 344 343 343 346 346 346 346 345 344 END
START 346 347 347 346 347 347 350 350 351 350 350 349 352 352 353 352 352 350 END
START 351 352 353 352 352 352 354 353 354 354 353 353 355 354 355 355 354 354 END
START 355 355 356 355 356 355 359 358 359 359 358 358 360 359 360 360 359 358 END
START 362 362 363 362 362 362 363 362 363 363 363 362 366 365 366 366 365 365 END
START 362 363 364 363 363 362 366 367 366 366 366 365 368 368 367 368 367 366 END
START 371 372 373 371 372 371 370 371 370 370 370 369 371 372 371 372 371 370 END
START 372 373 373 373 373 373 372 372 372 373 372 371 373 373 372 373 373 372 END
START 374 375 375 375 375 374 376 376 375 376 375 374 378 377 377 378 377 377 END
START 376 377 377 377 376 376 377 376 376 376 376 376 377 377 376 377 376 376 END
START 377 378 379 378 378 378 379 378 378 379 378 378 380 379 379 379 379 378 END
START 377 378 378 378 378 377 380 380 379 380 379 379 379 379 379 379 378 377 END
START 376 378 378 377 377 377 380 379 379 379 378 378 381 380 380 381 380 380 END