START 379 379 378 378 380 378 380 379 380 380 380 381 380 380 381 380 379 380 END
START 376 377 378 377 377 376 382 383 382 381 382 381 382 381 381 382 381 381 END
START 382 383 384 383 383 383 381 382 382 381 380 380 382 383 383 382 382 382 END
START 380 381 382 381 381 380 383 383 383 383 383 382 381 381 381 381 380 380 END
START 371 373 372 372 373 372 370 371 370 369 369 368 364 365 364 364 363 362 END
START 351 352 353 352 352 352 349 350 349 349 348 348 347 347 347 347 347 346 END
START 346 347 348 347 347 347 347 347 347 348 347 347 356 355 357 356 355 354 END
START 365 366 367 366 366 366 389 389 390 390 389 388 398 397 398 398 397 396 END
START 400 402 402 402 402 402 399 399 400 399 398 398 396 396 396 395 395 395 END
START 399 397 399 397 398 398 393 392 392 392 392 391 382 381 382 382 382 381 END
START 377 378 379 378 378 378 391 390 391 390 390 389 386 386 386 385 384 384 END
START 389 390 390 390 390 390 388 388 389 388 388 387 404 403 404 403 403 403 END
START 432 432 433 432 432 432 445 446 446 446 446 445 454 454 455 455 454 453 END
START 447 446 447 446 447 446 439 439 439 439 438 438 431 429 430 430 429 428 END
START 422 421 422 421 422 421 411 411 410 412 410 410 407 407 407 408 407 406 END
START 405 403 404 403 403 403 394 393 394 394 393 393 390 390 390 391 390 389 END
START 383 381 383 382 382 381 376 375 376 375 375 374 373 372 372 373 372 371 END
START 367 368 368 367 367 367 363 362 362 362 361 361 356 355 355 355 355 354 END
START 354 355 356 355 356 355 352 352 352 352 352 351 351 350 351 351 350 349 END
START 348 349 349 349 349 348 349 349 350 350 349 349 347 347 348 348 346 346 END
START 335 336 336 335 336 335 313 313 313 313 312 311 289 288 289 289 287 287 END