START 380 380 379 379 380 380 380 379 380 381 380 380 381 381 381 381 380 381 END
START 375 376 377 376 376 376 376 376 376 376 375 375 374 374 374 374 374 373 END
START 371 371 373 372 372 371 372 371 372 372 371 371 370 369 369 370 369 368 END
START 371 371 371 371 372 371 353 353 353 353 352 352 352 353 352 353 352 351 END
START 352 353 354 352 353 352 355 354 356 356 354 354 359 358 359 359 358 357 END
START 351 352 352 352 352 352 341 341 341 340 340 339 327 326 327 327 325 325 END
START 329 329 329 329 329 329 316 316 316 316 314 313 319 320 320 320 319 319 END
START 319 320 320 320 320 320 328 327 328 329 328 327 344 344 344 344 343 343 END
START 357 358 359 358 358 359 383 383 383 384 383 383 402 402 403 403 402 402 END
START 422 423 423 423 423 423 422 422 422 421 421 421 420 420 420 421 419 420 END
START 413 412 413 412 413 412 410 411 409 410 409 409 410 410 410 411 409 409 END
START 403 401 403 402 402 401 402 402 402 402 401 400 396 397 396 397 395 395 END
START 397 395 396 396 396 395 403 404 403 404 403 402 417 416 416 416 416 416 END
START 434 434 435 434 435 434 445 445 446 445 445 444 450 450 450 451 450 449 END
START 443 442 443 442 442 442 440 440 441 440 440 439 428 428 428 428 427 427 END
START 417 416 417 417 417 416 404 404 405 404 403 402 396 396 396 396 395 394 END
START 390 388 389 389 388 388 376 376 376 376 376 375 377 376 377 377 376 376 END
START 365 366 366 366 366 365 366 365 365 365 365 364 359 358 357 358 358 357 END
START 358 360 360 360 361 360 353 353 352 353 352 351 347 346 347 347 347 346 END
START 346 348 348 347 347 347 343 342 343 343 343 342 348 348 348 348 348 347 END
START 343 344 344 343 344 343 349 350 350 350 349 348 324 323 323 324 322 321 END