START 392 392 391 391 392 391 393 392 392 393 393 394 395 395 396 396 395 396 END
START 393 394 394 393 394 393 393 392 393 393 392 391 389 388 389 388 388 387 END
START 390 390 391 391 390 390 393 392 393 392 392 392 388 388 388 387 387 386 END
START 385 387 387 386 386 386 382 381 382 381 381 380 380 380 381 380 380 380 END
START 382 382 383 382 382 381 375 375 376 375 375 375 376 376 376 375 374 373 END
START 368 370 370 369 370 369 361 360 360 360 359 358 355 355 355 356 354 354 END
START 346 346 347 346 346 346 349 348 349 349 348 348 349 349 350 350 349 348 END
START 362 363 363 362 362 362 376 376 377 377 376 376 385 385 386 386 385 385 END
START 384 384 385 384 384 383 382 382 382 383 382 382 381 381 381 380 380 380 END
START 376 377 378 377 377 378 372 373 373 372 372 372 377 377 377 377 377 376 END
START 375 375 376 375 375 374 370 370 369 370 370 369 369 369 368 369 368 368 END
START 368 369 370 369 370 369 368 368 368 368 367 366 365 365 364 365 364 363 END
START 365 365 366 365 366 365 366 366 365 366 365 364 357 357 357 357 356 356 END
START 352 353 354 353 353 352 352 352 352 352 352 351 356 356 357 356 356 355 END
START 351 352 353 352 353 352 359 358 359 359 358 357 356 355 356 356 355 353 END
START 352 353 353 352 352 352 354 354 354 354 353 352 355 354 355 355 355 354 END
START 362 363 364 363 363 363 371 371 372 372 372 371 396 395 396 397 396 396 END
START 420 421 422 422 422 421 443 442 442 443 442 442 449 448 448 448 447 447 END
START 450 449 450 450 450 450 440 441 441 441 439 439 430 430 431 430 430 429 END
START 423 422 423 422 422 422 410 410 409 411 410 409 408 408 408 409 408 407 END
START 398 396 398 397 397 396 393 392 393 394 393 392 388 387 387 387 386 386 END
START 380 381 382 380 381 380 377 376 376 376 376 375 376 376 376 376 375 375 END
START 372 372 372 372 373 372 367 366 366 367 366 365 367 366 366 367 367 366 END
START 359 360 361 360 360 359 360 360 359 360 359 359 359 359 359 359 358 358 END
START 352 352 354 353 354 353 353 352 353 353 352 352 350 349 350 350 349 348 END
START 348 349 350 349 349 348 348 347 348 348 346 346 348 348 348 348 348 347 END
START 344 345 346 344 345 344 347 347 347 347 347 346 342 342 342 342 341 340 END