START 395 395 394 394 395 394 394 393 394 394 394 394 392 393 393 393 391 392 END
START 387 388 389 387 388 388 385 384 385 384 384 384 381 380 382 381 381 381 END
START 378 379 379 378 379 378 376 376 376 376 375 375 374 374 375 374 374 373 END
START 369 370 370 369 370 369 371 370 370 370 369 369 354 353 353 353 352 351 END
START 348 349 350 349 349 349 350 350 349 350 349 348 349 348 349 349 348 348 END
START 349 350 351 350 350 350 344 344 345 344 343 343 352 351 351 351 351 350 END
START 355 355 356 355 355 354 357 357 358 358 357 356 354 353 354 354 353 352 END
START 350 352 352 352 351 351 351 350 351 351 350 350 356 356 357 358 357 356 END
START 364 364 365 364 364 364 360 360 360 360 360 359 365 364 365 365 365 364 END
START 360 361 362 360 361 360 366 366 366 366 365 365 365 365 364 364 364 363 END
START 364 365 365 365 366 365 365 366 365 365 365 364 361 362 361 362 361 360 END
START 365 365 366 365 365 365 364 365 364 365 364 364 365 365 365 365 365 364 END
START 364 365 366 365 365 364 363 363 363 364 362 362 367 367 366 367 366 365 END
START 361 361 362 361 361 361 356 356 356 356 354 354 351 351 351 351 350 349 END
START 340 341 341 341 340 340 335 334 335 335 334 334 333 332 333 333 333 333 END
START 335 336 337 336 336 336 359 358 358 359 359 358 374 373 372 375 374 373 END
START 372 373 373 373 373 373 378 377 378 378 377 377 375 375 375 374 374 373 END
START 372 374 374 373 374 374 413 413 413 414 413 413 445 444 444 444 444 444 END
START 460 461 461 460 461 460 466 466 466 467 466 465 472 472 473 472 472 471 END
START 460 459 460 459 459 459 458 458 457 457 456 456 451 450 450 451 449 449 END
START 439 437 438 437 437 437 427 426 426 426 426 425 422 422 422 422 422 421 END
START 416 415 416 416 416 415 402 403 401 402 401 401 400 401 400 401 401 399 END
START 389 388 389 388 388 387 380 381 380 381 380 380 379 379 379 379 378 377 END
START 374 375 375 375 375 374 357 357 357 356 356 355 359 358 359 360 359 359 END
START 331 332 332 331 331 330 287 286 286 286 285 285 257 257 257 257 256 256 END