START 368 369 368 368 367 368 366 365 366 366 366 365 366 366 366 366 365 366 END
START 369 370 369 369 369 369 372 371 371 372 371 370 373 374 373 373 373 372 END
START 365 367 367 367 367 366 375 375 374 375 375 374 372 372 371 371 370 370 END
START 364 365 366 365 366 365 366 366 366 366 365 365 365 365 364 366 365 365 END
START 366 367 368 367 368 368 367 367 367 367 366 365 370 371 370 370 370 369 END
START 371 373 373 372 372 372 368 368 367 368 367 366 365 364 364 365 364 364 END
START 361 362 362 363 364 362 365 366 365 366 365 365 364 364 363 363 363 362 END
START 362 363 364 363 362 362 354 354 353 353 351 350 354 354 354 354 353 353 END
START 353 355 355 354 354 354 333 333 334 334 334 333 338 337 339 339 339 338 END
START 330 331 332 332 332 332 327 327 326 328 327 327 341 341 341 342 341 341 END
START 347 348 348 348 349 348 363 364 362 363 363 362 374 374 375 375 374 374 END
START 383 384 384 383 383 383 391 391 391 391 390 390 393 393 393 393 393 392 END
START 392 393 393 393 392 392 386 386 386 386 386 385 383 382 382 382 382 381 END
START 385 387 387 386 386 385 378 378 378 377 377 377 374 374 374 374 374 374 END
START 369 370 370 370 370 370 348 348 348 349 348 347 331 331 330 331 331 330 END
START 325 327 327 326 326 325 322 322 323 323 322 321 309 309 308 310 309 309 END
START 314 315 316 316 315 315 330 331 330 331 330 330 344 344 344 345 344 344 END
START 378 379 380 380 380 380 417 417 416 418 417 416 442 442 442 443 441 441 END
START 454 455 456 455 455 455 468 468 469 469 468 467 470 470 470 470 469 468 END
START 464 462 463 463 464 463 461 461 461 461 461 460 445 446 445 445 444 444 END
START 440 438 440 439 439 439 428 428 427 428 426 426 423 422 423 423 422 421 END
START 408 406 407 406 407 406 410 410 409 410 409 408 398 398 397 398 397 397 END
START 391 390 390 391 391 390 390 390 390 391 390 389 379 378 378 379 379 378 END
START 377 378 378 377 377 377 371 370 371 370 370 369 361 361 360 361 360 360 END
START 369 369 370 369 369 369 353 353 353 353 353 352 325 326 325 326 325 325 END
START 288 288 288 286 287 286 267 267 268 268 267 267 260 261 259 261 260 259 END
START 270 270 271 270 270 270 279 280 279 279 280 278 288 289 289 289 288 288 END
START 294 294 295 294 295 295 301 302 302 302 302 302 306 307 306 307 307 306 END