START 383 383 382 383 384 384 386 385 386 387 387 387 388 389 389 389 389 390 END
START 378 378 379 378 378 378 362 363 363 364 365 365 375 375 375 373 373 372 END
START 376 377 377 377 377 377 353 353 352 351 350 348 369 368 367 367 366 364 END
START 391 392 393 393 394 394 363 363 364 365 365 365 393 393 392 391 390 389 END
START 401 401 401 400 400 400 402 403 402 403 402 402 362 362 363 364 364 364 END
START 383 383 384 385 386 387 388 387 387 386 385 384 399 399 399 399 398 398 END
START 418 419 419 418 418 418 426 426 426 425 424 423 406 407 409 411 412 412 END
START 389 389 390 389 390 390 420 421 420 420 419 419 394 393 394 395 395 395 END
START 394 395 397 397 398 399 424 423 423 423 422 422 415 414 414 414 414 413 END
START 397 397 397 396 397 396 402 402 401 402 401 400 385 385 385 385 385 385 END
START 400 401 400 399 399 399 414 415 416 418 417 417 404 405 405 405 405 404 END
START 402 402 402 399 399 399 393 393 394 397 397 397 404 404 403 403 402 401 END
START 382 382 383 382 382 382 396 395 394 392 391 389 399 400 401 403 403 403 END
START 415 416 416 415 415 414 406 406 406 406 406 406 407 407 407 407 406 405 END
START 409 408 408 407 408 407 395 396 396 397 397 397 426 426 426 426 425 425 END
START 455 454 455 454 455 454 486 485 485 484 483 482 478 479 480 482 482 482 END
START 490 490 490 490 490 490 461 462 463 465 466 466 453 453 454 454 454 455 END
START 447 447 448 448 450 450 468 467 465 464 462 461 462 463 464 467 467 468 END
START 455 455 456 456 456 457 461 462 461 461 461 461 440 439 438 437 436 435 END
START 455 454 455 455 455 455 428 427 426 426 425 424 431 431 430 431 431 431 END
START 433 431 432 430 430 430 439 438 437 435 434 432 422 422 421 421 420 420 END
START 417 416 417 416 416 416 406 405 403 403 401 400 400 401 401 403 402 402 END