START 386 387 385 385 385 386 385 384 385 385 384 384 385 384 385 385 384 385 END
START 380 381 381 381 380 380 383 383 383 383 382 382 384 384 384 383 382 382 END
START 378 380 380 379 379 379 373 373 374 373 373 373 375 375 375 374 375 374 END
START 385 386 387 386 386 386 379 378 378 379 378 378 377 376 376 377 376 376 END
START 364 365 365 364 365 364 362 361 361 362 362 361 357 356 356 357 356 355 END
START 361 362 362 361 362 361 373 374 373 374 374 373 373 372 373 373 373 372 END
START 375 376 376 376 376 376 372 372 371 371 371 370 379 378 377 379 378 377 END
START 375 375 376 375 375 375 384 383 383 384 383 383 383 382 382 383 382 382 END
START 373 374 374 374 374 373 381 381 381 380 381 380 376 376 376 375 375 375 END
START 376 377 377 376 377 376 372 373 372 372 371 370 379 378 378 379 379 378 END
START 368 368 369 368 368 368 364 363 363 364 364 363 363 362 362 361 360 359 END
START 360 362 362 362 362 362 355 356 354 355 354 353 345 346 345 346 344 344 END
START 348 349 350 349 350 349 345 345 346 346 346 345 356 357 357 357 357 355 END
START 368 369 369 368 368 368 387 388 388 388 388 387 405 404 406 406 405 405 END
START 429 430 430 430 431 430 445 445 445 444 444 443 450 450 450 451 450 449 END
START 458 457 458 458 458 458 447 447 447 447 446 445 441 441 442 442 442 441 END
START 433 432 433 432 432 431 423 423 424 423 422 422 416 416 416 416 415 415 END
START 409 408 409 409 410 408 400 399 399 400 399 398 391 390 391 390 389 388 END
START 390 389 390 389 389 388 384 383 384 384 383 383 375 375 376 375 374 374 END
START 372 372 373 372 373 372 365 365 365 365 365 364 370 369 369 369 369 368 END
START 360 361 362 362 362 362 355 356 355 356 355 354 355 354 354 354 353 353 END
START 359 360 360 360 360 359 337 337 337 337 336 335 311 310 311 310 310 309 END
START 269 270 271 269 270 269 255 255 254 255 254 254 270 269 270 270 270 269 END