START 366 366 366 366 367 367 369 368 369 369 369 370 371 371 372 372 371 372 END
START 363 363 364 363 363 363 366 367 366 367 366 366 365 365 365 365 365 365 END
START 368 369 369 369 369 370 374 375 374 374 374 373 374 375 375 375 374 374 END
START 384 385 385 384 385 384 378 378 377 378 377 376 373 373 372 373 372 372 END
START 370 371 372 372 373 372 368 368 367 368 367 367 368 367 367 367 365 365 END
START 374 375 375 374 375 375 390 391 390 391 391 391 404 405 404 404 403 403 END
START 414 415 415 414 415 414 407 406 407 406 406 406 408 408 408 408 407 407 END
START 410 409 409 409 409 409 407 407 408 408 408 408 405 405 405 405 404 403 END
START 394 394 394 394 395 394 396 396 396 396 395 395 418 418 418 419 418 418 END
START 459 460 461 460 461 462 486 486 487 487 487 487 491 491 492 493 492 492 END
START 495 495 495 494 495 495 489 489 489 489 489 489 487 487 487 487 487 486 END
START 476 475 476 476 476 476 477 477 477 477 476 476 473 473 473 471 471 471 END
START 470 468 469 468 469 468 462 461 461 460 460 459 461 460 460 460 459 459 END
START 442 441 442 440 441 441 440 440 439 439 438 437 440 439 439 439 438 438 END
START 433 431 432 430 430 429 445 445 444 444 443 443 419 419 419 420 419 419 END
START 418 417 417 416 417 416 415 415 415 415 415 414 409 409 409 409 408 408 END
START 395 394 395 393 394 393 360 360 360 360 359 358 322 321 321 321 320 319 END