START 368 369 368 368 368 369 368 368 369 369 368 368 367 367 367 367 366 367 END
START 366 368 368 367 368 368 369 369 369 369 369 368 359 359 359 359 358 358 END
START 355 356 357 355 356 356 355 356 355 356 355 354 359 358 359 359 358 358 END
START 352 352 352 352 352 352 360 359 360 360 359 359 357 356 356 357 355 355 END
START 350 351 351 351 351 351 345 344 345 345 344 343 321 321 322 322 321 321 END
START 314 315 315 314 315 314 302 302 303 303 302 301 304 305 304 305 304 303 END
START 304 305 305 304 304 304 323 323 323 325 323 323 344 345 345 346 345 345 END
START 375 376 376 376 376 376 397 397 396 397 396 395 405 405 405 405 403 404 END
START 405 406 406 406 407 406 400 400 400 400 400 399 400 400 400 400 400 399 END
START 397 395 397 396 395 396 395 395 395 395 394 393 391 391 391 392 391 390 END
START 385 386 386 386 386 385 390 389 389 389 389 388 388 387 388 387 387 386 END
START 371 372 373 371 372 371 354 354 354 353 352 352 340 340 340 340 339 339 END
START 331 332 333 332 332 332 326 326 327 327 326 325 334 334 333 335 334 333 END
START 354 355 355 355 356 355 394 395 394 396 394 395 427 426 426 428 426 426 END
START 453 454 454 454 454 454 465 465 465 464 464 464 473 473 472 474 472 472 END
START 468 466 467 466 466 465 459 459 458 459 458 458 457 456 456 457 456 455 END
START 447 445 447 446 446 446 435 434 434 435 434 433 425 424 425 426 424 424 END
START 419 417 419 418 419 418 407 407 406 408 407 407 398 399 398 399 398 397 END
START 395 393 395 393 394 393 384 384 384 385 384 384 382 382 382 381 381 381 END
START 371 372 373 372 372 372 368 368 368 367 367 366 367 367 366 366 365 365 END
START 362 363 363 363 363 362 352 352 351 352 351 350 324 323 323 323 323 321 END
START 293 294 294 292 293 292 262 262 263 263 262 262 269 269 268 270 269 268 END
START 273 274 275 273 274 273 283 283 283 283 283 283 292 292 291 292 291 290 END