START 377 378 377 377 378 378 380 379 380 380 381 381 381 382 382 382 381 382 END
START 378 379 379 379 378 379 379 380 380 379 380 379 382 382 382 381 381 380 END
START 376 377 378 377 377 376 382 383 383 382 382 381 380 380 380 380 379 379 END
START 380 381 381 381 381 381 379 379 379 378 378 377 378 377 377 377 377 376 END
START 377 378 378 377 378 377 375 375 375 376 375 374 371 371 370 370 370 369 END
START 354 355 356 355 356 355 355 355 355 355 354 354 345 345 345 346 344 344 END
START 344 345 345 344 345 344 335 335 335 336 334 334 332 332 333 333 333 332 END
START 340 341 341 341 341 340 350 350 349 350 350 349 371 372 371 373 371 371 END
START 395 396 397 396 397 396 408 408 408 409 408 407 410 409 410 410 409 409 END
START 403 405 404 404 405 404 404 404 404 404 403 403 399 399 399 399 398 398 END
START 401 400 400 400 401 400 394 394 395 394 394 393 389 388 389 388 388 387 END
START 377 376 377 376 377 376 373 372 373 372 372 371 367 367 367 366 366 365 END
START 359 359 360 359 360 360 359 358 358 358 357 357 362 363 362 363 362 361 END
START 383 384 384 384 384 384 413 412 413 413 412 412 433 433 433 434 433 433 END
START 445 447 447 446 447 446 456 455 456 457 456 455 446 446 445 447 445 445 END
START 450 449 449 450 450 449 444 443 443 443 442 441 430 431 431 431 430 429 END
START 429 427 428 427 427 427 415 415 415 416 414 414 411 410 411 412 411 410 END
START 405 404 404 404 404 404 392 391 392 392 391 390 389 388 388 389 388 387 END
START 384 383 383 383 383 382 377 377 377 376 376 376 373 373 373 373 372 372 END
START 374 375 375 375 375 374 363 363 362 363 362 362 353 353 352 353 352 352 END
START 353 354 354 353 354 353 353 353 352 353 352 351 347 345 346 346 345 344 END
START 344 345 345 345 345 345 348 347 348 347 347 346 339 339 340 340 339 339 END