START 403 404 403 403 403 403 403 402 402 402 402 403 401 402 402 402 401 401 END
START 394 393 394 393 393 393 384 384 384 384 384 384 398 398 398 397 396 396 END
START 392 393 394 393 393 393 373 372 372 371 370 370 376 376 376 376 375 374 END
START 367 368 368 367 368 368 361 361 361 361 361 360 363 362 362 363 363 362 END
START 372 373 373 372 372 372 381 381 381 382 381 381 398 399 398 399 399 399 END
START 401 402 402 401 402 402 406 407 407 407 406 406 409 409 409 410 409 409 END
START 404 403 404 404 404 404 399 399 399 399 397 397 401 402 403 404 404 404 END
START 407 406 407 407 408 408 419 419 420 419 418 418 446 446 446 447 446 446 END
START 484 483 484 483 484 483 494 494 494 495 494 494 493 493 494 494 493 493 END
START 484 483 484 483 484 484 476 475 475 474 474 474 473 473 473 473 472 472 END
START 466 465 466 466 467 467 452 452 451 452 452 452 452 453 452 453 453 453 END
START 448 447 447 446 446 446 442 441 442 441 441 440 441 440 441 441 440 440 END
START 434 433 434 434 435 435 427 428 429 429 429 429 423 423 423 423 423 422 END
START 422 421 422 420 421 421 413 414 414 415 415 415 410 410 410 411 410 410 END
START 410 409 410 408 409 408 405 405 406 406 405 405 405 404 404 404 403 403 END