START 371 372 371 371 371 371 371 370 371 371 371 372 371 372 372 372 371 372 END
START 369 371 371 370 370 370 368 368 367 368 367 367 373 373 373 374 373 372 END
START 366 368 368 368 368 367 367 367 366 366 366 365 351 350 350 351 350 350 END
START 343 345 345 345 345 344 323 323 322 323 323 321 319 317 319 319 318 317 END
START 328 329 329 329 329 328 331 331 330 332 331 330 340 339 340 341 340 339 END
START 336 336 337 336 337 336 339 339 338 339 338 337 323 323 323 323 322 321 END
START 310 311 312 311 311 311 299 298 297 298 297 297 296 296 294 296 295 293 END
START 295 297 298 297 297 297 305 305 305 305 305 305 313 312 313 313 313 312 END
START 338 340 340 339 339 339 376 376 376 377 376 376 397 397 397 398 397 396 END
START 398 400 400 400 400 400 399 399 398 399 398 398 399 399 400 399 399 399 END
START 404 403 404 403 403 402 395 394 395 394 394 393 395 394 395 395 394 394 END
START 396 394 395 395 395 394 392 390 391 391 391 390 390 389 390 389 389 388 END
START 379 379 379 379 379 379 393 392 393 393 393 392 397 398 398 397 396 396 END
START 409 410 410 409 410 409 421 420 420 420 419 420 439 438 439 438 439 438 END
START 456 454 455 454 455 454 473 472 473 474 473 472 480 478 479 480 478 478 END
START 469 468 470 469 470 469 456 456 455 456 455 454 446 445 445 446 445 444 END
START 438 437 438 438 438 438 427 426 426 426 424 424 417 417 417 417 417 416 END
START 415 413 415 414 414 413 402 402 402 403 402 401 394 393 393 393 392 392 END
START 384 383 385 384 385 384 376 376 377 377 375 375 371 370 370 370 370 369 END
START 365 366 366 365 365 365 361 361 361 362 361 360 360 360 359 360 360 359 END
START 351 352 353 352 352 352 352 353 352 353 352 352 349 350 349 350 349 348 END
START 342 342 343 342 343 342 348 347 347 347 346 346 317 318 318 317 316 315 END
START 277 278 279 277 278 276 245 245 246 245 245 244 223 222 223 223 223 222 END
START 211 212 213 212 212 212 226 227 227 228 227 226 240 241 240 242 241 240 END