START 384 384 383 383 383 383 384 383 384 384 384 384 384 385 385 385 384 385 END
START 383 384 385 383 384 383 383 383 383 383 382 382 382 382 383 381 381 380 END
START 380 382 382 381 382 381 381 382 381 381 380 380 378 378 378 377 377 376 END
START 374 375 376 375 375 375 372 372 373 372 371 371 374 373 373 374 373 373 END
START 370 371 371 370 371 370 371 370 370 371 370 370 371 370 370 371 370 370 END
START 363 364 364 363 363 363 372 371 371 372 370 370 368 367 367 368 367 366 END
START 370 372 372 371 372 371 365 364 364 364 364 363 360 360 359 360 359 359 END
START 348 348 349 348 348 347 346 347 345 346 345 345 341 341 341 341 340 340 END
START 335 336 336 335 335 334 334 334 334 334 334 333 333 333 335 334 333 333 END
START 337 339 339 339 339 339 350 349 349 350 350 349 365 364 364 366 365 365 END
START 384 385 385 385 385 384 397 396 397 397 397 396 409 409 408 409 408 408 END
START 400 400 401 400 400 399 402 401 402 401 401 400 394 394 394 395 393 393 END
START 398 396 397 397 397 396 398 397 398 398 397 396 376 375 376 375 375 374 END
START 379 380 380 379 380 380 363 363 363 362 363 362 351 351 351 352 351 350 END
START 333 334 335 334 335 334 331 331 331 331 331 330 334 333 334 334 333 333 END
START 343 344 345 345 345 344 372 371 371 372 372 371 401 401 401 402 401 400 END
START 422 424 424 423 424 422 435 435 435 436 435 434 438 438 438 439 438 437 END
START 435 433 434 433 434 433 433 432 432 433 432 432 427 426 426 427 426 426 END
START 415 413 414 414 414 413 412 411 411 412 411 410 402 403 401 402 402 401 END
START 396 394 395 395 395 394 387 386 386 387 385 385 383 383 383 383 382 381 END
START 378 379 379 378 379 378 373 374 374 373 373 372 372 372 372 372 371 370 END
START 368 369 369 369 368 368 365 364 364 365 364 364 357 357 356 357 356 355 END
START 357 358 358 358 359 358 353 354 353 354 352 352 359 358 359 359 359 358 END
START 326 327 328 326 327 326 299 298 299 299 298 297 283 282 283 283 282 280 END
START 262 263 264 263 264 263 271 269 270 270 270 270 276 276 276 276 276 275 END
START 288 288 289 288 289 288 293 293 293 294 292 292 300 300 299 301 300 299 END