START 355 355 354 355 356 355 359 358 359 360 360 361 362 362 363 362 362 362 END
START 344 346 346 345 346 346 357 358 358 358 358 358 356 356 356 357 356 356 END
START 342 343 344 343 344 344 355 354 354 354 354 354 360 360 360 360 359 359 END
START 365 366 367 366 366 366 367 366 367 367 366 365 370 369 370 370 369 369 END
START 379 380 380 379 380 380 386 386 385 383 382 381 367 368 368 370 370 370 END
START 367 367 367 365 365 364 351 351 352 353 353 354 357 356 356 357 357 356 END
START 386 387 387 386 386 386 391 391 392 392 391 391 408 407 407 408 407 406 END
START 410 410 411 410 410 410 416 416 415 415 415 414 401 401 401 401 400 400 END
START 406 404 405 404 404 404 425 425 425 425 425 424 406 407 407 408 407 407 END
START 417 416 417 416 417 416 413 414 413 413 412 411 413 413 414 414 413 413 END
START 418 417 418 417 417 417 411 411 411 412 411 410 415 415 415 416 415 415 END
START 419 418 419 419 420 420 405 405 405 404 403 402 407 407 407 408 407 407 END
START 400 399 399 398 398 398 406 406 405 405 405 404 403 404 404 404 404 403 END
START 399 399 399 397 397 396 404 404 404 404 403 402 417 417 417 417 416 416 END
START 405 406 406 406 406 406 401 401 401 402 401 400 406 405 406 405 404 403 END
START 408 407 409 408 409 409 407 407 408 407 406 406 427 426 426 426 425 425 END
START 473 472 473 472 472 472 481 482 483 484 483 484 490 490 490 491 490 490 END
START 486 485 486 485 486 485 485 485 485 484 483 483 487 486 486 485 484 483 END
START 483 482 483 482 483 482 463 464 464 464 464 465 458 459 459 459 459 459 END
START 460 459 460 459 460 460 447 447 446 447 446 446 444 444 444 444 444 444 END
START 444 442 443 442 442 441 436 437 437 437 437 437 414 414 414 413 412 411 END