START 341 341 340 340 340 341 340 339 340 340 339 340 339 339 339 339 338 339 END
START 332 333 333 333 333 332 322 321 321 322 322 320 322 322 321 322 321 320 END
START 318 319 319 319 319 319 320 320 318 319 318 317 329 329 328 329 328 327 END
START 324 325 325 325 325 324 335 334 335 336 335 334 336 337 337 338 337 337 END
START 358 359 359 358 359 359 381 381 381 382 381 380 406 405 405 406 406 405 END
START 418 419 419 419 419 419 427 427 427 427 426 426 424 423 424 424 422 422 END
START 414 413 414 414 414 414 412 413 411 412 411 410 405 405 404 405 404 403 END
START 405 404 404 403 404 403 394 393 393 394 393 393 395 396 395 396 395 395 END
START 391 390 390 390 390 390 389 388 390 389 389 388 389 388 389 388 388 388 END
START 381 382 382 382 382 381 381 381 381 380 380 379 374 374 374 374 374 373 END
START 366 367 368 367 367 367 359 359 359 358 358 358 356 356 355 356 356 355 END
START 354 355 355 355 355 354 362 360 361 361 361 359 376 375 376 376 375 375 END
START 402 403 403 403 404 403 435 435 435 435 434 434 445 444 444 445 444 443 END
START 451 450 450 450 450 450 439 438 438 438 437 437 433 434 434 434 433 433 END
START 425 423 424 424 424 424 422 421 421 422 421 421 415 415 414 415 415 414 END
START 406 404 406 405 405 405 397 398 396 397 396 395 391 390 390 391 390 390 END
START 383 382 383 382 383 382 377 376 377 376 376 375 370 369 370 369 369 368 END
START 365 366 366 366 366 365 362 361 361 362 361 361 361 362 361 361 360 359 END
START 353 354 355 354 355 354 357 357 357 357 357 356 351 351 351 351 350 350 END
START 349 350 351 350 351 350 349 348 349 349 347 347 345 344 344 344 344 343 END
START 314 314 315 313 314 313 282 283 283 283 282 281 265 265 266 265 264 263 END