START 384 385 384 384 385 385 386 386 386 387 387 387 388 389 389 389 388 390 END
START 364 366 366 366 367 367 382 383 382 382 381 381 379 380 380 380 380 379 END
START 373 374 374 374 375 375 367 367 367 367 367 367 375 376 376 377 377 377 END
START 393 394 395 396 397 397 388 389 388 390 390 389 357 356 355 354 353 353 END
START 407 408 408 406 406 405 403 402 402 401 401 400 398 398 399 399 399 399 END
START 418 418 419 419 419 419 419 420 420 419 418 417 409 408 409 408 407 406 END
START 416 415 415 414 414 413 419 419 420 421 420 420 418 419 419 419 419 419 END
START 413 411 412 411 412 411 415 415 414 414 413 413 407 406 406 407 406 405 END
START 411 409 410 409 409 408 397 396 395 394 392 392 416 416 416 415 415 414 END
START 405 404 404 403 403 402 419 419 420 420 420 420 405 405 405 406 406 406 END
START 391 389 390 388 388 388 382 382 381 382 381 381 399 400 399 399 398 398 END
START 409 410 410 409 410 409 379 379 380 381 381 382 359 360 361 363 364 364 END
START 397 395 396 393 393 392 407 405 404 401 399 397 388 388 387 387 387 386 END
START 425 426 427 427 428 429 462 462 463 462 463 463 473 473 473 473 473 473 END
START 467 466 467 467 467 467 465 466 465 466 466 465 449 448 448 448 447 446 END
START 441 441 441 441 441 441 445 445 445 445 444 443 415 416 417 418 419 419 END
START 435 434 434 433 433 432 455 456 457 458 458 459 459 458 459 459 458 458 END
START 461 460 461 459 460 459 440 440 440 441 440 440 437 436 436 436 435 434 END
START 457 457 458 457 458 458 455 455 455 455 455 455 461 460 459 459 458 457 END
START 428 427 428 427 428 428 425 425 426 426 426 426 429 428 429 429 428 428 END
START 417 416 417 416 417 416 425 425 425 426 425 425 400 401 402 404 405 405 END
START 417 417 418 417 417 416 402 402 401 401 400 399 391 391 391 391 390 389 END
START 390 388 389 388 389 388 400 400 400 400 400 399 396 395 395 394 394 393 END