START 368 368 367 367 368 368 368 367 368 368 368 368 368 368 369 369 367 369 END
START 371 372 372 371 372 371 366 367 365 366 365 364 370 371 369 370 369 369 END
START 366 368 368 367 368 366 368 367 367 368 366 366 368 369 368 369 367 366 END
START 364 365 366 365 366 365 369 369 368 368 368 367 368 369 368 368 367 367 END
START 378 379 380 379 379 378 376 375 375 376 375 374 384 385 384 385 384 384 END
START 374 375 375 374 375 374 380 380 379 380 380 379 378 377 378 377 377 376 END
START 382 383 383 382 382 382 374 374 374 373 373 372 374 374 373 374 373 373 END
START 367 367 368 367 367 366 347 346 347 348 347 346 345 345 344 345 345 344 END
START 338 339 339 338 338 337 332 332 333 332 332 332 334 335 335 335 334 334 END
START 341 342 342 342 342 342 360 360 360 361 360 359 379 378 378 379 378 378 END
START 394 395 396 395 395 395 393 393 392 392 392 391 390 389 390 390 389 389 END
START 384 385 385 385 385 384 385 384 384 385 384 384 383 383 383 382 382 381 END
START 378 379 380 378 379 378 381 381 381 380 381 380 375 375 376 374 374 374 END
START 375 376 376 375 376 375 364 364 364 364 363 363 359 359 359 359 359 359 END
START 348 349 349 348 348 347 347 347 347 348 347 346 344 343 344 345 343 344 END
START 349 351 351 351 351 351 368 368 369 368 368 367 378 378 379 378 378 377 END
START 390 391 391 392 392 391 410 411 410 411 410 409 427 426 426 427 426 426 END
START 435 436 437 436 436 435 439 438 439 439 438 438 435 435 434 435 434 433 END
START 433 432 433 432 433 432 433 432 431 433 431 431 418 418 417 418 417 416 END
START 414 413 414 414 414 414 405 405 404 406 405 404 396 395 396 396 395 394 END
START 393 393 394 393 393 393 387 387 386 387 386 385 382 381 382 382 382 381 END
START 378 378 379 379 378 378 375 376 376 375 375 374 368 368 368 367 367 367 END
START 367 368 368 368 369 368 362 362 361 362 361 360 358 359 357 359 358 357 END
START 356 357 357 356 357 356 357 358 357 358 357 356 358 357 358 358 357 356 END