START 364 364 363 363 364 363 364 363 364 364 364 364 364 365 365 364 364 365 END
START 367 368 369 368 369 368 370 370 370 371 370 370 372 373 373 373 372 372 END
START 373 373 375 374 374 374 375 375 374 375 374 374 372 371 371 371 370 369 END
START 375 376 377 377 377 377 373 372 372 373 373 372 381 380 380 381 380 380 END
START 374 375 376 375 375 375 373 373 373 373 373 373 376 377 376 376 375 375 END
START 372 373 373 373 373 373 372 372 371 371 370 370 353 352 352 353 352 351 END
START 345 346 346 346 346 346 336 335 335 335 335 334 331 330 331 331 330 329 END
START 331 331 332 332 332 332 337 337 336 338 337 337 345 344 344 345 345 344 END
START 362 364 364 364 365 364 388 388 387 389 388 387 402 403 403 403 402 402 END
START 412 414 414 413 414 413 406 407 406 406 406 405 403 403 403 403 402 402 END
START 401 400 401 401 401 400 395 396 396 396 395 395 393 394 394 394 393 393 END
START 390 389 389 389 390 389 389 388 389 388 387 387 386 385 386 385 385 384 END
START 384 385 385 385 385 385 380 380 380 380 380 379 381 381 381 380 380 379 END
START 374 375 375 374 375 373 365 366 365 365 365 364 365 365 364 364 363 363 END
START 359 360 360 360 360 360 368 368 368 368 367 367 360 361 360 360 359 358 END
START 352 353 354 353 354 353 345 346 345 345 344 343 341 341 342 342 342 341 END
START 342 343 344 343 343 343 342 342 342 343 341 341 351 351 351 351 350 350 END
START 360 361 362 361 361 362 367 367 368 368 367 366 366 365 366 366 365 364 END
START 366 367 368 367 367 367 367 368 367 368 367 366 368 368 367 368 367 366 END
START 370 371 372 371 371 371 364 365 364 365 364 364 369 369 369 370 368 368 END
START 377 379 379 378 378 378 406 406 406 407 406 405 430 430 429 430 429 429 END
START 445 446 446 446 447 446 454 454 454 454 453 453 449 450 448 449 449 448 END
START 445 443 445 444 443 443 434 433 434 434 433 432 428 428 429 429 427 427 END
START 418 417 417 417 417 417 414 413 413 413 413 412 404 404 403 404 402 402 END
START 402 401 402 402 402 401 391 390 390 390 389 388 384 384 384 385 384 384 END
START 385 383 384 383 384 383 370 371 371 370 370 369 373 372 372 372 372 372 END
START 361 362 362 362 361 361 359 359 359 360 359 358 360 359 359 360 359 359 END
START 360 361 361 361 362 361 346 345 346 346 344 344 319 318 319 318 318 317 END