START 393 394 393 393 394 394 394 393 394 394 394 394 394 394 394 394 394 394 END
START 382 383 383 382 382 383 385 384 385 384 384 384 383 383 383 383 383 382 END
START 381 382 383 381 382 382 380 381 381 380 380 379 379 379 379 379 378 378 END
START 382 383 383 382 383 383 381 381 382 381 381 380 387 386 386 387 387 386 END
START 386 386 387 386 387 386 384 385 385 384 384 384 377 376 376 374 374 373 END
START 352 354 354 353 353 353 342 342 342 341 341 340 330 330 329 330 329 329 END
START 330 331 331 330 331 331 342 342 342 343 342 341 367 367 367 368 368 367 END
START 388 389 390 389 390 390 417 417 418 418 417 417 428 428 427 427 426 426 END
START 418 419 420 419 420 420 422 422 422 422 422 421 418 418 417 418 417 417 END
START 420 419 420 419 420 419 414 414 414 415 414 413 414 413 414 414 414 413 END
START 414 412 413 412 413 412 415 415 416 416 416 415 410 409 409 410 409 408 END
START 398 397 398 397 397 397 383 383 383 383 383 382 376 376 376 376 375 375 END
START 370 372 372 371 372 372 389 389 389 389 389 389 418 419 419 420 419 419 END
START 454 455 455 454 455 455 478 479 479 479 478 478 490 489 490 490 489 489 END
START 487 486 487 486 487 486 492 492 491 492 492 491 486 486 486 485 485 484 END
START 479 478 479 478 479 479 468 468 468 467 467 467 466 466 466 465 465 465 END
START 461 460 460 459 459 459 456 457 456 456 455 455 456 456 455 456 455 455 END
START 445 444 445 444 444 444 442 442 442 442 442 441 433 433 434 433 433 432 END
START 425 424 425 424 425 425 422 422 422 422 421 421 407 407 407 407 406 406 END
START 361 359 360 359 359 359 320 321 320 321 320 319 296 296 296 297 296 295 END