START 361 362 361 361 362 361 362 361 361 362 361 361 361 361 361 361 360 361 END
START 353 353 354 353 354 354 359 359 358 358 357 356 356 356 356 357 356 356 END
START 362 363 364 364 364 364 367 366 367 368 367 367 361 361 362 364 364 364 END
START 364 366 367 367 368 368 339 340 339 338 338 338 346 347 346 347 346 346 END
START 381 382 382 381 382 382 375 375 374 375 375 374 383 383 384 384 384 384 END
START 408 408 407 404 404 403 403 403 403 404 403 403 408 409 408 408 407 407 END
START 414 413 414 413 413 413 423 423 423 423 422 421 403 403 403 403 403 402 END
START 413 412 413 413 414 414 410 409 408 408 406 406 415 415 414 414 413 412 END
START 412 412 413 413 414 414 407 407 408 409 409 409 418 418 419 420 420 420 END
START 427 427 428 428 429 430 397 397 397 397 397 397 410 411 410 410 409 408 END
START 415 415 417 418 419 420 411 410 410 409 408 408 401 401 400 400 398 398 END
START 398 398 399 400 401 401 394 394 395 395 394 393 401 400 401 401 401 401 END
START 411 410 412 411 412 412 431 430 431 431 430 430 420 420 420 420 419 418 END
START 402 401 402 401 402 401 414 414 413 414 414 414 415 415 416 418 418 418 END
START 464 463 464 465 466 466 486 486 487 488 487 488 480 480 480 480 480 479 END
START 500 499 499 498 499 498 478 479 479 480 481 481 482 483 484 484 485 485 END
START 484 483 483 481 482 481 481 482 482 481 481 480 462 462 462 461 460 460 END
START 458 457 458 458 458 458 455 455 455 453 453 452 447 447 447 447 447 447 END