START 366 367 365 365 366 365 365 364 365 365 366 366 364 365 365 365 363 365 END
START 368 369 370 369 370 368 367 367 367 367 366 366 368 368 368 369 367 367 END
START 367 368 369 368 367 367 367 368 367 368 367 366 367 368 367 368 367 366 END
START 366 367 368 367 367 367 371 371 370 371 370 369 369 369 369 369 368 368 END
START 369 370 371 370 370 369 367 366 366 367 365 365 372 373 373 373 373 372 END
START 367 368 369 368 368 367 367 367 367 367 367 366 362 361 361 362 361 360 END
START 349 350 351 350 350 350 352 352 351 351 350 349 347 349 347 348 348 346 END
START 354 355 356 355 356 355 357 356 356 357 355 354 357 357 357 358 357 357 END
START 370 371 371 370 371 370 380 380 380 381 379 379 395 394 395 395 395 393 END
START 392 393 393 392 393 393 393 392 392 393 392 392 392 391 392 391 391 390 END
START 389 391 391 391 391 390 389 389 389 389 388 388 386 385 385 385 385 384 END
START 383 384 384 384 384 384 381 381 382 381 381 380 379 378 379 378 378 377 END
START 371 373 374 373 374 373 375 375 376 375 375 375 366 365 365 366 365 365 END
START 367 369 369 368 369 368 380 380 380 381 379 379 396 397 396 397 396 395 END
START 424 425 425 425 425 425 437 437 436 437 436 436 441 440 441 441 440 441 END
START 439 437 438 438 439 438 434 433 433 434 433 433 423 423 423 423 422 422 END
START 415 414 414 414 414 414 409 408 408 409 408 407 399 399 398 399 398 398 END
START 397 395 396 396 396 396 388 389 389 389 388 387 385 384 385 385 385 384 END
START 374 375 375 374 375 374 373 373 374 373 373 372 374 375 375 374 374 374 END
START 365 367 367 366 366 366 365 364 364 364 364 364 364 363 363 364 362 362 END
START 359 361 361 360 360 360 351 351 351 352 351 350 354 354 354 354 353 353 END
START 348 349 350 349 349 349 349 349 350 351 350 349 346 345 346 346 346 345 END
START 345 346 347 346 347 346 349 348 349 349 348 348 343 343 343 343 343 342 END
START 342 343 344 343 344 343 338 338 339 338 337 337 341 342 342 342 342 341 END
START 346 347 347 347 347 347 347 347 346 347 346 346 350 350 350 350 349 349 END
START 351 353 353 353 353 352 341 341 342 342 340 340 317 317 317 317 316 315 END