START 379 380 378 378 380 378 379 378 379 380 380 381 379 380 380 380 379 380 END
START 375 376 377 376 376 375 373 373 373 373 372 372 373 372 372 373 372 372 END
START 370 371 371 371 371 370 371 370 370 371 370 369 371 370 370 371 369 369 END
START 367 368 369 368 368 368 369 368 367 369 367 368 369 370 369 370 369 369 END
START 368 369 369 369 369 369 370 370 369 370 369 368 370 370 369 370 368 368 END
START 366 366 367 367 367 366 367 367 367 367 366 366 363 363 363 363 363 362 END
START 367 368 368 368 368 367 361 362 360 361 361 360 359 360 359 360 359 358 END
START 353 354 354 354 354 354 343 343 343 343 342 342 344 344 344 344 343 342 END
START 333 334 334 333 333 332 332 332 333 332 332 331 335 335 335 335 334 334 END
START 346 346 347 346 347 346 351 351 350 352 351 350 366 365 364 366 365 364 END
START 374 376 376 376 376 376 377 376 377 377 376 376 377 377 376 377 376 376 END
START 374 375 376 375 375 375 374 374 374 374 374 374 373 372 373 373 372 372 END
START 371 372 372 372 372 372 369 368 368 368 367 367 369 369 368 369 369 368 END
START 370 371 371 371 371 370 370 371 370 371 370 370 364 363 363 363 363 362 END
START 348 349 349 349 348 348 342 341 340 341 340 340 340 340 339 339 339 338 END
START 342 344 344 344 344 344 361 361 362 362 361 361 383 382 382 383 383 382 END
START 415 416 416 416 416 416 437 438 437 437 437 437 451 451 452 451 450 450 END
START 457 456 457 456 457 456 456 455 455 457 456 455 450 449 449 449 448 448 END
START 442 440 441 441 441 440 431 431 431 431 430 430 423 423 423 423 422 421 END
START 413 412 413 412 413 413 398 398 397 399 398 397 389 389 389 390 389 389 END
START 386 385 386 386 385 385 383 382 382 382 382 381 383 384 384 383 383 382 END
START 374 375 375 375 375 374 372 373 372 372 372 371 369 370 369 368 368 367 END
START 369 369 370 369 369 369 363 362 362 363 362 361 361 361 361 361 360 360 END
START 356 356 357 356 357 356 347 347 346 347 346 346 331 331 330 331 329 329 END
START 295 295 296 295 295 295 273 273 274 273 272 272 255 256 254 255 255 254 END