START 402 402 402 401 402 401 396 395 395 394 393 393 387 386 386 385 384 385 END
START 385 384 385 384 384 384 379 379 379 379 378 378 368 368 368 368 367 367 END
START 368 369 369 369 369 369 359 358 358 358 358 357 357 357 356 356 355 354 END
START 347 346 346 344 344 344 329 328 328 329 328 328 357 356 357 358 358 358 END
START 367 367 367 366 366 366 372 373 373 375 375 375 376 375 376 376 376 376 END
START 368 369 370 369 370 370 374 374 374 374 374 373 376 376 375 376 375 375 END
START 381 381 382 381 382 381 383 383 382 383 382 381 375 375 375 376 375 375 END
START 382 383 383 383 383 383 384 384 384 383 382 382 394 395 395 396 396 395 END
START 387 388 389 389 389 390 407 407 406 405 404 403 392 392 393 394 394 394 END
START 385 386 386 386 387 387 397 397 397 397 395 395 381 380 380 379 378 377 END
START 382 383 384 383 384 384 374 373 374 374 374 374 364 364 363 363 362 361 END
START 379 379 380 379 380 380 384 384 384 385 384 384 397 397 397 396 396 395 END
START 385 386 387 385 385 385 384 384 385 384 384 384 391 391 391 390 390 390 END
START 398 399 399 399 399 399 400 400 400 399 399 398 392 392 392 392 392 392 END
START 395 396 395 393 394 393 415 414 415 414 414 413 450 450 450 451 451 451 END
START 463 464 465 464 465 466 476 476 476 475 474 474 481 481 482 483 482 482 END
START 469 468 469 469 469 469 473 473 473 474 473 473 478 479 479 479 479 479 END
START 457 455 455 454 454 453 463 462 462 462 462 461 456 456 456 456 456 456 END
START 456 455 456 454 454 454 450 450 449 449 449 448 436 435 436 435 435 434 END
START 432 431 432 431 431 431 433 433 433 432 432 431 432 432 432 433 433 433 END
START 388 386 387 385 384 384 343 342 341 341 340 338 323 323 322 323 322 321 END