START 374 375 374 374 374 375 376 375 376 377 376 376 378 378 379 379 377 379 END
START 375 376 375 375 375 374 375 375 375 376 375 375 385 385 385 386 385 385 END
START 370 371 371 371 372 371 359 359 359 360 359 358 370 371 371 371 371 371 END
START 373 373 374 373 373 373 362 361 362 362 361 361 366 365 365 366 365 365 END
START 371 372 372 372 372 371 380 381 380 380 380 380 387 387 387 387 386 385 END
START 375 376 376 375 376 376 379 379 379 378 378 378 371 371 371 371 370 369 END
START 378 379 380 379 380 380 374 374 374 375 375 374 378 378 377 379 378 378 END
START 371 372 372 371 372 372 381 380 380 381 379 379 379 379 378 379 378 378 END
START 368 370 369 369 370 369 383 382 382 382 381 381 365 364 364 365 365 364 END
START 364 365 365 364 364 364 365 365 365 365 364 364 367 367 367 368 368 368 END
START 375 376 376 376 375 375 373 373 373 374 373 373 373 374 373 374 373 372 END
START 370 371 371 371 372 371 374 374 373 374 373 373 371 371 370 371 370 369 END
START 391 392 393 393 393 393 424 423 423 424 424 423 443 443 442 443 442 442 END
START 454 455 455 455 455 454 456 457 456 456 455 455 456 456 456 456 454 454 END
START 446 445 446 446 447 447 443 443 443 443 442 441 424 423 423 424 423 422 END
START 417 415 417 416 417 417 416 416 415 415 414 413 406 406 405 407 406 406 END
START 394 392 393 392 392 391 387 387 387 388 387 387 392 392 392 392 392 391 END
START 375 376 376 376 376 375 368 369 369 368 368 367 358 357 357 357 356 355 END
START 305 305 306 305 306 305 267 267 266 266 265 265 243 242 243 243 242 241 END