START 408 409 408 408 410 409 410 409 410 411 411 411 412 412 413 412 412 412 END
START 412 410 411 410 411 410 409 408 408 409 408 408 403 403 403 403 402 402 END
START 398 397 398 397 397 397 401 401 400 401 400 399 393 393 393 394 392 392 END
START 397 398 398 398 398 398 391 391 391 392 390 390 394 393 393 393 393 393 END
START 387 388 389 388 387 388 389 388 389 389 388 388 384 383 383 383 382 381 END
START 368 369 369 368 368 368 362 362 362 361 361 360 346 346 346 345 345 344 END
START 339 340 340 339 340 339 334 334 334 334 333 333 338 339 339 339 339 338 END
START 341 342 342 341 341 340 349 348 348 350 349 349 363 362 362 364 363 362 END
START 372 373 373 373 374 373 385 386 386 386 385 385 383 384 383 383 383 382 END
START 381 382 383 382 382 382 380 381 380 379 380 379 380 380 380 380 379 379 END
START 380 380 381 380 380 380 377 377 378 377 377 376 377 377 377 377 377 376 END
START 372 374 374 373 374 373 373 372 373 373 373 371 376 375 375 375 375 374 END
START 367 368 369 368 368 368 359 359 358 359 358 357 351 349 349 351 350 350 END
START 344 345 345 345 344 344 348 348 349 349 348 348 355 354 354 354 354 353 END
START 375 376 377 377 378 377 416 416 417 417 416 415 441 439 440 441 439 439 END
START 461 462 462 461 462 462 458 457 457 458 456 456 452 451 451 452 451 451 END
START 450 449 450 449 449 449 433 432 434 434 433 432 432 432 433 432 431 432 END
START 419 417 418 417 418 417 413 413 412 413 412 412 408 407 406 408 407 406 END
START 397 396 398 397 397 396 393 393 393 394 392 392 385 386 386 386 386 384 END
START 382 382 383 382 382 381 374 373 374 374 374 373 370 370 371 370 370 369 END
START 362 363 364 363 363 363 363 362 362 363 362 362 354 354 353 354 353 352 END
START 350 352 352 352 352 352 348 349 348 348 348 347 345 343 345 344 344 343 END
START 339 340 341 339 340 339 311 311 311 311 310 310 290 290 291 291 290 289 END