START 378 378 377 377 378 378 377 376 377 378 378 377 376 376 376 376 374 376 END
START 381 383 383 383 383 383 384 384 384 385 385 385 388 388 388 390 390 389 END
START 373 374 374 374 373 373 369 370 370 370 369 369 361 359 360 358 357 356 END
START 334 334 335 332 333 332 350 350 348 347 346 345 361 360 360 360 359 359 END
START 390 390 391 390 391 390 388 389 389 390 390 389 395 393 394 394 393 393 END
START 393 394 394 394 393 393 380 379 379 379 378 377 387 387 387 386 386 385 END
START 384 385 386 386 385 386 391 390 390 390 389 389 387 387 388 388 388 388 END
START 389 390 390 389 390 389 378 378 377 376 375 374 381 381 381 381 381 380 END
START 371 372 372 371 373 372 375 375 375 376 375 375 381 381 381 381 380 380 END
START 365 367 368 367 368 368 373 374 375 376 376 376 366 366 366 365 365 365 END
START 371 372 372 371 372 370 366 365 365 366 364 364 366 366 364 364 364 363 END
START 358 359 360 359 359 358 377 377 377 377 377 376 372 371 372 372 371 371 END
START 368 369 370 369 370 370 373 373 373 375 374 374 371 371 370 371 370 370 END
START 369 370 371 371 371 371 368 368 367 367 366 366 376 376 376 377 377 377 END
START 423 424 424 423 424 422 438 438 437 438 437 437 456 455 455 455 454 454 END
START 445 444 445 445 446 445 452 451 451 452 451 451 436 436 436 437 436 435 END
START 427 426 428 427 428 427 430 430 430 429 428 427 422 421 421 422 421 421 END
START 409 407 408 407 407 406 406 407 406 407 406 406 392 392 392 392 391 391 END
START 382 381 382 381 382 381 381 380 381 381 380 379 374 374 375 375 375 375 END
START 373 375 376 375 376 376 366 366 365 364 364 362 365 365 365 366 366 365 END
START 339 339 340 340 340 340 288 289 287 288 288 287 267 267 266 267 265 265 END
START 246 246 247 246 246 246 269 269 269 269 269 268 268 268 268 269 268 267 END
START 281 283 283 282 283 282 288 288 287 287 287 286 291 291 292 291 291 290 END