START 365 366 365 365 366 365 365 364 365 366 365 366 364 364 365 364 363 364 END
START 361 363 363 362 363 362 363 363 362 363 362 362 361 361 361 361 360 359 END
START 366 367 367 366 367 366 363 363 363 363 362 362 366 367 366 367 366 365 END
START 366 367 367 366 367 366 371 371 371 371 371 370 369 369 368 369 368 368 END
START 363 364 364 363 365 363 354 354 354 354 354 353 342 342 342 342 341 341 END
START 331 333 333 333 332 333 319 318 319 319 318 318 323 322 323 323 322 321 END
START 320 320 321 321 321 320 327 327 328 328 328 326 335 335 334 335 334 333 END
START 359 360 361 360 361 361 382 383 382 383 381 381 393 393 392 394 393 392 END
START 406 407 407 407 407 407 405 405 405 404 404 403 401 400 401 400 400 400 END
START 402 401 402 401 401 401 399 400 400 401 399 399 398 398 398 399 398 397 END
START 391 389 390 390 390 390 389 388 389 389 388 388 387 386 387 387 387 386 END
START 384 385 385 385 385 385 381 382 381 381 380 380 378 378 378 377 377 377 END
START 377 377 378 377 378 377 375 376 376 376 375 375 378 378 377 378 377 377 END
START 374 375 375 374 375 374 375 374 374 374 373 372 361 360 360 360 360 359 END
START 351 352 353 352 352 352 344 344 343 344 343 343 329 329 328 329 329 328 END
START 318 319 319 319 319 318 314 314 314 314 313 313 309 310 308 310 309 308 END
START 327 327 328 327 328 328 362 361 362 363 362 361 381 382 382 382 382 380 END
START 399 400 400 400 400 400 392 392 392 392 391 391 394 394 395 394 393 393 END
START 417 416 416 416 416 416 443 442 443 442 442 442 457 456 457 457 456 456 END
START 461 460 461 461 461 461 455 456 455 456 454 454 447 446 447 447 446 445 END
START 443 441 442 442 442 442 430 429 429 430 429 428 426 425 426 426 425 424 END
START 417 416 416 416 416 415 403 403 403 404 402 403 406 406 405 406 404 404 END
START 396 394 396 395 395 395 391 392 392 392 391 390 382 382 383 382 381 380 END
START 374 376 376 375 376 376 369 369 369 368 368 368 365 365 366 365 365 364 END
START 360 360 361 361 360 360 355 355 355 355 354 354 357 357 356 357 356 356 END
START 351 351 352 351 352 351 356 356 356 356 355 355 352 351 352 351 351 350 END