START 373 373 372 372 374 374 374 373 374 374 374 374 372 372 373 372 370 372 END
START 371 373 373 372 372 372 373 372 372 372 371 371 379 378 377 378 378 377 END
START 382 383 384 383 383 383 382 381 381 381 381 380 384 383 383 383 382 382 END
START 376 377 377 376 376 376 378 378 379 378 377 377 373 373 373 373 372 372 END
START 378 380 380 380 381 380 366 366 365 366 365 365 362 361 361 361 360 360 END
START 351 352 352 352 352 352 340 340 339 340 340 339 336 337 336 336 335 335 END
START 332 333 333 333 333 333 341 342 342 342 340 340 341 341 340 341 341 340 END
START 356 357 358 357 357 357 378 378 378 378 377 376 386 386 387 387 386 386 END
START 397 398 399 398 399 398 388 387 386 386 385 384 391 390 391 390 390 390 END
START 381 383 383 383 383 383 384 384 384 383 383 382 385 384 384 383 383 383 END
START 375 376 376 376 377 376 373 374 374 373 373 373 373 373 373 372 372 372 END
START 375 375 375 374 375 374 367 367 366 366 366 365 347 346 346 347 346 346 END
START 349 351 351 350 351 350 356 355 355 355 354 354 359 360 360 360 359 359 END
START 348 350 350 350 351 350 345 345 346 346 346 345 332 332 332 332 330 329 END
START 345 346 347 347 347 347 354 354 354 355 354 355 390 390 389 391 391 391 END
START 400 402 402 403 403 403 421 420 421 421 420 419 447 446 447 446 446 445 END
START 442 440 441 441 442 441 452 453 451 452 452 451 447 447 447 447 446 445 END
START 437 436 437 436 436 436 424 423 424 425 424 424 415 415 415 416 415 415 END
START 412 411 412 412 412 412 400 401 400 401 400 399 388 387 387 388 386 385 END
START 380 379 380 380 380 380 379 379 378 379 377 376 370 371 371 370 371 370 END
START 369 370 370 369 369 369 364 363 362 363 362 361 364 363 362 363 362 362 END
START 362 364 364 363 363 363 355 356 355 355 355 355 356 357 356 357 355 355 END
START 356 358 357 357 357 356 331 330 331 331 329 329 301 300 301 301 300 299 END