START 407 407 406 406 407 406 405 404 405 405 405 405 405 405 405 405 404 405 END
START 390 389 390 389 390 389 384 384 384 384 383 382 392 393 393 394 394 393 END
START 376 377 378 377 378 378 368 368 368 367 367 366 379 378 379 379 379 379 END
START 388 389 389 388 388 387 382 382 382 382 382 382 391 391 390 391 391 390 END
START 391 392 392 391 392 391 396 396 396 395 395 395 405 405 404 403 403 402 END
START 398 398 399 398 399 398 390 389 389 389 389 389 396 397 397 398 397 397 END
START 395 396 397 397 397 397 396 396 396 395 395 394 402 401 402 402 402 401 END
START 394 394 395 394 394 394 401 401 401 400 400 400 390 390 391 391 391 391 END
START 387 388 388 387 387 387 387 387 387 387 386 385 379 379 379 379 379 379 END
START 376 376 377 376 377 376 384 385 385 386 386 386 397 397 397 398 397 397 END
START 390 391 391 391 391 391 402 402 402 402 402 402 400 400 400 399 399 398 END
START 400 401 401 400 400 400 415 415 415 415 415 414 452 452 452 452 452 451 END
START 467 466 467 465 466 465 483 483 483 484 483 483 483 482 483 483 483 483 END
START 479 478 479 479 479 479 483 483 483 482 481 481 469 469 470 469 469 469 END
START 459 458 459 459 460 460 452 453 452 452 452 451 443 443 442 442 442 441 END
START 449 448 449 447 448 448 443 443 443 443 443 442 435 435 435 435 434 433 END
START 417 416 416 415 415 414 380 380 380 379 379 378 346 345 344 345 344 343 END