START 370 371 369 370 369 369 370 369 370 370 370 369 369 369 370 369 368 369 END
START 369 369 370 369 369 369 366 366 366 366 367 365 370 370 369 370 369 370 END
START 359 360 361 360 360 360 367 367 366 367 366 366 363 364 363 363 363 362 END
START 359 360 361 360 360 360 359 359 358 359 358 357 352 352 352 353 352 351 END
START 353 354 354 354 354 353 349 349 349 349 349 348 353 353 353 354 353 352 END
START 353 354 355 354 354 354 365 366 366 365 365 364 366 365 366 366 364 364 END
START 367 368 368 367 368 368 369 369 368 368 367 367 367 367 367 367 366 366 END
START 370 371 371 371 371 370 366 366 365 366 365 365 366 366 366 366 366 365 END
START 367 368 368 367 368 367 369 369 368 369 368 367 366 366 366 366 365 364 END
START 363 364 365 364 365 364 369 370 369 370 369 369 364 365 364 364 364 364 END
START 365 366 366 366 366 365 358 359 358 358 358 357 357 358 357 358 357 357 END
START 351 352 353 352 353 352 355 354 355 355 354 353 361 360 361 361 361 360 END
START 363 365 365 365 365 365 368 367 367 367 367 366 365 365 364 365 364 363 END
START 369 370 371 370 370 369 361 361 360 361 360 360 390 391 391 391 391 391 END
START 428 430 430 429 429 429 448 449 449 449 448 448 454 453 454 453 453 452 END
START 454 453 454 453 454 453 448 448 448 447 447 446 442 441 441 442 440 440 END
START 437 436 437 436 437 436 427 427 427 427 426 426 419 420 419 419 418 418 END
START 410 409 410 409 409 408 402 402 401 403 402 401 399 398 399 399 398 398 END
START 389 387 389 387 388 388 386 386 386 386 385 385 379 378 378 377 378 377 END
START 365 366 366 365 365 365 322 322 322 321 321 320 289 289 288 289 288 287 END
START 256 256 256 255 255 254 248 248 248 249 248 247 259 258 258 258 258 257 END
START 263 264 265 264 264 264 276 276 276 276 275 275 279 278 279 279 278 278 END
START 291 292 293 292 292 292 298 297 297 297 297 296 304 303 303 304 303 302 END