START 384 385 383 383 384 384 385 384 385 385 385 385 386 386 386 387 385 387 END
START 380 381 382 381 381 380 382 382 382 381 381 381 383 383 383 382 382 381 END
START 379 380 381 380 380 380 380 379 379 379 379 378 378 379 379 379 378 378 END
START 379 381 380 380 381 380 381 380 380 381 381 380 380 380 379 380 379 379 END
START 362 362 363 362 362 362 352 353 353 352 352 352 345 345 345 345 344 343 END
START 338 339 339 339 339 339 339 338 339 339 338 337 348 349 350 350 349 348 END
START 374 375 376 375 375 375 393 391 392 393 392 392 401 402 402 402 402 401 END
START 392 393 393 392 393 393 395 395 396 396 395 395 394 393 394 394 392 391 END
START 388 389 389 389 390 389 386 385 385 385 385 384 385 385 386 385 384 384 END
START 384 385 386 385 386 385 380 380 380 380 379 379 380 380 380 380 379 379 END
START 379 381 381 380 381 380 379 378 378 379 378 378 378 378 377 378 377 376 END
START 375 376 377 376 377 377 378 377 377 377 376 376 362 361 361 362 361 360 END
START 353 355 355 354 354 354 343 344 343 344 343 342 343 343 342 343 342 342 END
START 346 347 348 347 347 347 351 350 351 352 350 351 366 366 367 366 366 365 END
START 384 385 385 384 385 384 408 408 408 408 407 407 429 429 428 429 428 427 END
START 446 447 448 447 448 447 452 452 452 452 451 450 445 446 445 445 445 444 END
START 438 436 437 436 436 435 427 426 427 427 426 425 420 419 420 420 419 419 END
START 409 408 408 409 409 408 402 402 401 402 402 401 396 395 396 396 396 394 END
START 390 388 389 389 389 389 383 383 383 383 382 381 374 373 373 373 373 372 END
START 376 376 377 376 376 376 372 372 372 372 372 371 373 373 372 373 372 372 END
START 361 362 362 362 362 362 366 365 365 365 364 364 359 359 358 359 358 358 END
START 359 360 360 359 360 359 353 353 352 353 353 352 351 350 351 351 351 350 END
START 349 350 350 350 350 349 348 348 348 348 348 347 358 357 358 359 358 357 END
START 326 326 327 326 326 325 299 299 300 300 299 298 280 280 280 280 279 279 END