START 367 367 366 366 366 366 366 365 366 366 366 366 365 365 365 365 364 365 END
START 364 365 365 365 366 365 364 365 365 365 363 364 366 366 366 367 365 365 END
START 355 356 356 356 356 356 359 359 358 359 359 358 359 359 358 359 358 358 END
START 356 358 358 357 358 358 367 366 367 367 367 366 371 370 370 371 370 369 END
START 363 364 365 364 364 364 344 344 344 344 343 342 343 342 343 343 342 342 END
START 336 337 337 336 336 335 334 335 335 335 334 334 332 331 332 332 331 331 END
START 342 343 344 343 344 342 364 363 363 365 364 363 377 376 376 377 376 375 END
START 392 394 394 394 394 394 400 401 399 400 399 399 395 395 394 395 394 394 END
START 395 396 397 396 396 396 391 390 391 391 390 390 389 388 389 388 389 388 END
START 382 383 383 382 383 382 383 383 383 383 383 382 384 384 384 383 382 382 END
START 385 387 387 386 387 386 377 376 377 375 375 375 369 368 368 368 367 367 END
START 365 366 367 367 367 366 355 354 354 355 354 354 357 358 357 357 357 356 END
START 364 365 365 364 365 364 380 379 381 380 380 379 384 383 384 384 383 383 END
START 381 382 382 382 382 382 377 377 377 377 376 376 373 373 373 372 372 371 END
START 372 373 373 372 372 372 370 370 369 370 370 369 371 372 371 372 371 371 END
START 368 369 370 369 369 369 379 379 379 381 379 380 408 408 407 408 407 407 END
START 423 424 424 423 424 424 429 428 427 428 427 427 429 429 429 429 428 427 END
START 426 424 425 425 425 424 418 418 417 418 417 416 412 413 412 413 412 412 END
START 407 405 407 405 406 405 399 399 399 400 399 398 397 396 397 398 397 397 END
START 391 390 391 391 391 390 383 383 383 382 382 381 379 378 378 378 377 377 END
START 375 377 378 377 377 376 369 368 369 367 367 366 364 364 364 365 363 363 END
START 362 363 363 362 363 362 358 359 358 359 358 357 360 361 360 360 360 359 END
START 340 342 342 341 341 341 313 312 312 312 311 311 291 291 290 290 290 289 END