START 330 331 329 328 329 327 325 324 325 324 324 324 322 322 323 322 321 322 END
START 331 333 333 332 332 332 335 335 335 335 334 333 331 331 330 331 331 330 END
START 342 343 343 343 343 342 345 345 344 346 345 345 343 343 342 344 342 341 END
START 355 356 356 356 356 355 344 345 345 345 344 344 328 329 329 328 328 327 END
START 317 318 319 319 319 319 314 315 315 315 313 313 309 310 308 309 308 308 END
START 344 344 345 344 345 344 366 366 366 368 368 367 386 386 387 387 386 386 END
START 381 382 382 381 381 381 384 385 385 386 386 385 384 384 384 383 382 382 END
START 390 391 392 391 392 392 392 392 392 391 391 391 388 387 388 388 387 387 END
START 379 380 380 379 379 379 383 383 384 383 383 384 378 378 378 377 377 377 END
START 373 374 375 374 375 374 388 388 388 387 388 387 386 385 385 386 384 384 END
START 381 382 383 383 384 384 379 379 379 379 379 378 375 375 375 375 375 374 END
START 383 384 384 383 383 382 366 365 365 365 364 364 375 374 374 375 374 373 END
START 356 357 358 358 358 358 355 356 355 356 355 355 343 342 342 342 341 341 END
START 341 341 342 342 342 342 350 349 350 349 347 347 350 350 351 351 350 350 END
START 352 353 353 352 352 352 367 368 368 368 368 367 375 374 375 375 375 374 END
START 373 374 374 374 374 374 368 369 368 368 367 367 375 374 374 374 374 373 END
START 409 409 410 410 410 410 440 440 439 440 439 439 454 453 453 453 452 451 END
START 468 466 467 466 467 466 461 461 461 461 461 460 460 460 461 461 460 460 END
START 446 445 445 446 447 445 437 437 437 437 436 436 430 431 430 431 430 430 END
START 422 421 422 422 422 421 410 410 408 409 408 407 409 408 408 408 407 407 END
START 396 395 396 396 397 396 391 391 392 392 390 390 385 386 386 387 386 385 END
START 380 381 380 380 381 381 380 379 380 379 379 379 376 376 376 376 375 374 END
START 365 366 367 366 366 366 363 362 361 362 362 361 349 348 348 348 347 346 END
START 308 309 309 308 307 308 259 259 259 259 259 258 237 237 238 238 237 237 END