START 369 369 368 368 369 369 369 368 369 369 369 369 368 368 369 369 368 369 END
START 373 374 374 373 374 374 374 374 373 374 373 372 377 377 377 377 377 376 END
START 371 372 372 372 372 371 371 370 370 371 370 370 372 372 372 373 372 372 END
START 389 390 391 390 390 390 389 388 387 388 388 386 387 387 386 387 386 386 END
START 388 389 389 389 389 389 388 389 389 389 388 388 384 384 384 383 383 383 END
START 384 385 385 384 384 384 388 388 388 387 387 387 388 388 388 387 386 386 END
START 378 379 379 378 379 378 367 367 367 367 366 366 363 364 364 363 363 362 END
START 353 353 354 353 353 353 350 350 350 350 349 349 353 353 353 353 353 352 END
START 367 369 368 368 369 368 371 372 372 372 371 370 373 373 374 374 372 372 END
START 371 373 373 373 373 372 370 369 369 370 369 368 364 363 363 363 363 362 END
START 366 367 367 367 367 367 366 367 366 366 366 365 366 366 365 366 365 365 END
START 366 367 367 367 367 366 368 368 367 368 368 367 366 367 366 366 366 365 END
START 347 347 348 347 348 347 341 341 340 340 340 339 325 326 325 325 324 324 END
START 315 316 316 316 316 316 310 310 311 311 310 310 308 308 307 308 307 307 END
START 317 318 318 318 318 317 339 338 339 340 339 339 366 367 367 368 366 366 END
START 408 409 410 409 410 410 445 445 445 446 446 445 464 464 463 464 463 463 END
START 468 467 468 467 468 467 463 463 463 463 461 461 458 458 457 458 457 457 END
START 454 453 453 453 454 453 438 439 438 439 438 437 432 431 432 432 431 431 END
START 418 416 417 417 417 417 415 414 414 414 414 413 405 404 404 405 404 403 END
START 398 397 398 397 397 397 392 391 391 391 391 390 389 389 389 390 388 388 END
START 386 387 387 387 387 386 379 379 379 379 379 379 379 378 378 378 378 377 END
START 370 371 371 371 371 370 379 378 378 380 378 378 346 346 345 345 344 344 END