START 337 338 337 337 337 337 338 337 338 339 339 338 339 339 339 340 338 340 END
START 339 341 342 341 342 341 339 339 339 340 339 338 337 336 336 337 336 335 END
START 346 346 347 346 346 346 346 345 345 346 346 345 354 353 353 354 354 353 END
START 349 349 350 349 350 350 364 364 364 363 362 361 369 368 370 370 370 370 END
START 352 354 354 355 356 356 349 350 349 349 348 348 350 350 349 350 349 348 END
START 364 365 366 366 365 365 371 371 372 372 371 371 379 379 380 380 380 380 END
START 382 383 384 384 385 384 383 383 383 384 383 383 370 370 370 370 370 369 END
START 377 378 378 377 378 377 383 382 382 380 380 379 381 380 380 380 379 379 END
START 380 381 382 381 381 381 375 376 375 375 375 374 378 377 377 377 376 376 END
START 377 378 378 378 377 377 379 378 378 379 377 377 377 377 376 377 377 376 END
START 370 370 371 369 370 368 379 378 378 378 378 377 365 363 363 364 362 361 END
START 362 362 363 362 362 361 349 348 348 348 347 346 350 350 350 350 350 349 END
START 345 347 347 346 347 346 363 363 364 364 363 362 372 372 372 373 372 371 END
START 367 368 368 368 368 367 371 372 371 372 371 371 368 368 368 369 368 368 END
START 375 375 376 376 375 376 385 385 384 386 385 384 416 416 416 417 416 416 END
START 453 454 454 454 454 453 462 462 463 462 462 461 463 462 463 463 462 461 END
START 460 459 459 459 459 458 449 449 448 449 448 448 442 443 441 441 441 440 END
START 437 435 436 436 436 435 424 424 424 423 423 422 423 423 424 423 422 422 END
START 415 413 414 413 414 412 406 407 406 407 406 405 397 397 396 397 396 396 END
START 393 392 394 394 394 394 388 389 389 389 388 388 373 371 371 371 370 370 END
START 382 383 383 383 383 383 370 370 370 370 370 370 367 366 366 367 366 365 END
START 364 364 365 363 364 363 360 359 360 361 360 360 332 333 332 333 332 331 END
START 291 292 293 292 292 291 255 255 254 255 254 253 245 245 244 245 244 243 END
START 252 253 254 254 254 254 265 264 265 265 264 264 262 263 263 264 263 262 END