START 367 368 367 367 368 366 368 367 368 368 368 368 367 367 368 368 366 368 END
START 364 365 366 366 366 365 371 372 371 371 371 370 367 367 367 367 367 366 END
START 372 373 373 373 373 372 370 370 370 371 370 370 372 373 372 373 372 372 END
START 369 370 370 370 371 370 364 364 363 364 364 363 363 363 363 363 362 362 END
START 347 348 349 349 349 348 353 353 353 353 352 352 342 343 342 343 342 341 END
START 361 362 364 363 363 363 367 367 367 366 366 365 383 383 383 383 382 382 END
START 385 386 386 385 385 384 385 385 385 386 385 385 394 394 395 394 394 394 END
START 384 384 385 385 385 384 380 379 380 379 378 378 377 377 377 378 377 378 END
START 380 381 382 381 381 380 382 382 382 382 381 380 385 385 385 386 386 385 END
START 370 371 371 370 371 370 380 380 381 380 379 379 379 379 379 379 378 378 END
START 374 375 376 376 377 377 375 375 374 375 374 374 379 378 378 379 378 377 END
START 376 377 378 378 379 380 361 360 360 361 360 360 353 353 352 353 353 352 END
START 362 363 364 363 363 362 358 359 358 359 358 357 361 360 361 361 360 360 END
START 360 361 361 360 360 359 367 366 367 367 366 366 367 367 366 367 367 366 END
START 376 377 378 378 379 379 375 375 374 375 374 374 376 376 376 376 375 375 END
START 396 396 397 397 398 397 427 426 426 427 427 427 454 454 454 455 455 454 END
START 458 459 458 458 458 457 466 466 465 466 465 464 460 460 460 460 459 459 END
START 456 455 456 456 456 456 440 441 439 440 439 439 432 430 431 430 429 429 END
START 424 423 424 423 423 422 417 416 416 417 416 416 413 413 413 414 413 413 END
START 398 396 397 397 396 396 395 395 395 395 394 393 389 388 389 389 388 388 END
START 380 381 381 380 380 379 375 374 374 373 372 371 376 376 376 376 375 375 END
START 377 378 378 377 377 376 357 356 356 358 357 357 358 358 358 359 359 359 END
START 366 367 367 366 366 365 362 361 361 361 360 359 351 351 351 351 350 350 END
START 311 312 312 311 311 310 280 280 279 280 279 278 261 260 261 259 259 257 END
START 267 268 269 268 269 268 271 271 271 272 271 271 286 285 286 286 285 284 END