START 387 387 386 386 388 387 388 387 388 388 388 388 388 388 387 387 387 387 END
START 384 385 385 384 385 384 388 388 387 387 387 386 384 385 385 385 384 384 END
START 384 385 385 385 385 384 382 382 382 381 380 380 380 380 381 380 380 379 END
START 379 380 381 380 380 379 381 382 382 381 381 381 382 381 382 381 380 379 END
START 374 375 375 374 375 374 375 376 376 375 375 374 372 373 372 372 371 371 END
START 367 368 368 367 367 367 355 354 354 354 354 353 354 354 354 355 354 354 END
START 352 353 353 353 353 352 345 344 344 344 343 342 339 339 340 340 339 339 END
START 341 342 342 342 342 342 352 352 352 352 351 351 363 363 362 364 362 362 END
START 391 392 393 393 394 393 407 406 407 406 406 405 411 412 411 411 411 410 END
START 405 405 406 406 406 405 402 402 402 402 401 401 398 397 398 399 397 397 END
START 393 391 393 392 392 392 395 395 395 395 393 392 385 385 385 385 384 384 END
START 382 384 384 383 383 382 375 374 374 374 373 373 370 370 370 369 369 368 END
START 381 382 382 382 383 381 383 382 382 383 383 382 397 397 397 398 397 397 END
START 410 411 412 412 412 412 439 439 439 438 438 438 443 443 443 443 442 442 END
START 443 442 443 442 442 442 433 432 432 433 432 432 427 427 427 427 427 426 END
START 419 417 418 418 418 417 409 409 408 410 409 409 403 403 402 403 402 402 END
START 392 390 391 391 391 390 390 391 391 391 390 390 382 382 382 382 381 380 END
START 374 375 375 375 374 374 370 369 370 369 369 368 365 365 366 365 365 364 END
START 365 366 366 366 366 366 360 360 359 360 359 358 356 356 355 356 355 355 END
START 349 350 350 350 350 349 350 349 350 351 349 349 347 346 347 347 346 345 END
START 345 347 347 347 347 346 342 342 342 342 342 341 345 345 345 345 344 343 END
START 348 349 350 349 349 349 321 321 321 321 320 319 302 303 303 303 302 301 END
START 271 271 272 271 271 270 256 256 256 257 256 256 256 256 256 257 256 256 END