START 378 379 377 377 378 378 378 377 377 377 377 378 378 378 378 378 376 377 END
START 377 377 378 377 378 376 373 372 372 372 371 370 374 374 373 375 373 373 END
START 358 360 360 361 361 361 344 344 344 344 343 342 347 347 347 347 347 346 END
START 351 352 353 352 353 353 365 365 365 365 364 364 388 388 388 389 387 387 END
START 398 399 399 399 399 398 403 405 404 404 404 403 401 401 401 400 400 400 END
START 392 393 392 392 393 392 397 397 397 396 394 394 392 391 391 392 391 390 END
START 388 389 389 388 388 388 386 386 386 386 386 386 383 382 383 383 383 383 END
START 382 383 383 382 382 382 378 378 379 378 378 377 376 377 377 377 377 376 END
START 377 377 379 378 378 378 374 374 373 375 375 374 373 372 372 374 372 373 END
START 382 384 384 383 384 383 377 377 376 376 375 374 370 369 369 369 369 368 END
START 360 362 362 360 361 360 356 355 355 356 355 355 351 351 351 351 351 350 END
START 345 346 347 347 347 347 349 348 349 348 348 347 355 354 355 355 354 353 END
START 369 370 370 370 370 369 372 371 372 372 371 371 368 368 368 368 368 367 END
START 373 374 374 374 374 373 373 373 373 374 373 372 394 394 393 394 393 393 END
START 428 429 429 429 429 429 459 458 457 458 457 457 453 452 453 451 452 451 END
START 452 451 452 452 452 452 452 451 452 452 451 451 446 445 445 445 444 443 END
START 441 439 439 439 439 438 427 426 427 426 426 425 425 425 425 425 424 424 END
START 409 407 409 408 408 408 407 407 406 408 407 406 399 399 398 399 397 397 END
START 398 397 398 397 397 397 381 381 381 381 381 379 379 378 379 378 378 378 END
START 384 384 385 384 383 382 370 371 371 371 370 370 371 370 370 371 370 370 END
START 363 364 364 363 364 363 377 376 376 376 376 375 341 340 340 341 340 339 END
START 301 302 303 302 302 302 264 264 263 263 263 262 257 258 259 259 258 258 END
START 272 273 274 273 273 273 283 283 282 283 282 281 288 287 288 289 288 287 END