START 382 383 381 381 382 381 380 379 380 380 380 380 378 378 378 378 377 378 END
START 378 379 380 379 380 379 378 378 378 378 377 377 373 374 373 374 373 373 END
START 375 376 376 375 375 374 372 372 371 372 372 371 387 386 385 387 386 385 END
START 365 367 367 365 366 365 372 372 372 373 373 372 359 359 359 359 359 359 END
START 367 368 368 368 368 368 359 358 358 358 357 356 363 363 364 364 363 363 END
START 366 367 368 368 369 368 376 376 376 376 375 374 378 378 378 378 378 378 END
START 370 371 372 371 372 371 373 372 372 373 372 372 371 370 370 371 370 369 END
START 367 368 369 368 369 368 365 365 365 365 365 364 371 370 370 370 369 369 END
START 372 373 374 372 373 372 369 370 369 370 368 368 370 371 370 370 370 369 END
START 369 369 370 369 369 369 367 368 367 368 368 367 369 368 367 368 367 367 END
START 368 369 370 370 371 370 372 373 372 373 372 372 370 371 370 370 369 369 END
START 365 366 366 364 364 364 364 363 364 365 364 364 376 376 375 376 375 374 END
START 366 367 368 367 368 367 372 373 372 373 372 371 383 382 382 384 383 383 END
START 409 410 410 410 410 410 442 441 441 442 441 441 458 458 458 457 456 456 END
START 453 452 453 453 453 452 446 446 446 447 446 446 449 449 449 449 448 448 END
START 429 429 430 430 430 429 430 430 430 430 428 428 422 423 423 423 423 422 END
START 408 406 408 407 407 407 411 411 410 411 410 410 406 406 405 407 406 406 END
START 389 388 389 388 388 388 379 380 380 381 380 380 383 383 383 383 383 382 END
START 370 372 372 372 371 371 375 375 375 374 374 374 359 359 359 358 358 357 END
START 359 360 360 359 360 359 365 364 364 365 365 364 355 354 355 355 354 354 END
START 357 358 358 358 357 356 314 314 313 314 312 312 293 292 292 293 292 291 END
START 256 256 256 255 256 254 238 237 237 238 237 236 249 248 248 248 248 247 END
START 252 252 253 252 252 252 261 261 261 262 261 260 269 268 269 269 268 268 END