START 356 357 356 356 357 357 359 358 359 360 360 360 362 362 363 362 361 363 END
START 355 355 356 355 355 355 366 367 366 367 366 365 369 369 368 369 368 367 END
START 371 372 373 371 372 371 368 368 367 368 367 367 370 371 371 371 370 370 END
START 373 373 374 373 373 372 381 381 381 381 380 379 373 373 372 373 372 371 END
START 355 356 356 355 356 355 353 353 353 352 352 352 343 342 341 341 341 339 END
START 346 347 348 345 346 345 360 359 360 360 359 358 376 376 377 377 377 376 END
START 391 392 392 391 391 390 400 400 400 400 399 400 399 399 399 400 399 399 END
START 397 398 398 398 399 398 400 399 399 399 399 398 401 401 401 401 401 400 END
START 381 382 383 382 383 383 390 389 389 389 388 388 389 388 389 388 388 387 END
START 389 390 390 390 390 389 386 387 386 386 386 386 384 384 384 383 382 382 END
START 381 382 383 382 382 382 380 380 381 380 380 380 376 376 376 376 375 375 END
START 370 371 372 372 373 373 366 365 365 364 363 363 359 358 357 358 356 356 END
START 360 361 360 360 360 360 339 339 339 339 338 338 344 343 344 345 344 343 END
START 354 355 355 355 355 354 367 366 365 367 365 364 377 377 377 377 376 375 END
START 375 377 377 377 377 377 366 367 366 366 365 365 386 385 385 386 385 385 END
START 431 432 432 432 432 431 448 448 447 448 448 448 464 464 464 463 463 463 END
START 465 464 464 463 464 462 450 451 451 451 450 449 451 452 450 451 450 450 END
START 433 431 432 432 432 432 427 427 428 428 426 427 425 424 425 425 424 423 END
START 421 419 421 421 422 421 408 408 407 408 407 407 405 406 404 406 405 404 END
START 395 394 394 394 395 393 384 385 386 386 385 386 381 381 381 382 380 380 END
START 376 377 377 377 377 376 370 370 370 368 368 366 360 359 360 359 359 359 END
START 363 365 365 364 364 363 357 358 357 358 358 357 356 356 356 356 355 355 END
START 336 336 337 336 336 335 305 304 305 305 304 303 277 276 277 278 276 276 END
START 239 240 241 241 242 242 255 255 255 255 254 253 262 261 261 262 261 260 END