START 407 407 406 405 406 405 404 403 404 404 404 404 404 404 405 404 404 404 END
START 396 396 396 395 396 396 392 392 392 392 391 390 391 391 392 392 392 391 END
START 390 390 391 390 390 390 380 379 380 379 378 378 397 396 396 396 396 395 END
START 391 391 391 390 391 390 391 390 389 389 389 388 389 389 389 389 388 388 END
START 411 412 413 413 414 415 416 416 416 415 415 414 410 411 410 409 409 408 END
START 379 378 378 376 377 376 366 366 366 368 367 368 404 405 405 406 405 405 END
START 398 399 399 397 398 397 387 388 388 390 390 391 418 417 416 415 413 412 END
START 396 396 397 397 398 398 416 416 417 417 417 418 404 403 403 403 402 402 END
START 405 406 407 407 408 408 410 410 410 411 411 410 408 408 409 409 408 408 END
START 399 396 395 391 390 388 398 398 399 400 399 399 401 401 401 401 401 401 END
START 392 392 392 391 392 392 397 396 396 394 393 393 417 417 418 418 417 416 END
START 400 400 400 399 399 398 400 398 398 396 395 394 393 393 393 394 394 393 END
START 411 412 413 413 414 414 394 393 394 393 393 393 392 392 392 393 393 392 END
START 391 389 390 388 387 387 389 389 389 390 390 390 394 394 394 395 395 394 END
START 388 389 390 390 390 391 406 405 406 405 404 403 395 395 396 396 396 396 END
START 409 409 409 406 406 405 382 382 383 383 383 383 391 390 391 390 390 389 END
START 396 395 395 395 395 395 453 453 452 451 451 450 448 448 449 450 451 451 END
START 480 482 483 483 484 484 480 480 480 480 479 478 470 470 470 471 470 471 END
START 472 471 472 470 471 470 457 457 457 459 459 459 469 468 468 469 468 468 END
START 460 458 459 458 459 458 484 484 484 484 484 484 447 446 446 445 444 444 END
START 438 437 438 438 439 438 453 452 451 449 449 448 442 441 442 442 441 441 END
START 435 434 435 436 436 436 408 408 409 409 408 408 433 433 433 432 432 431 END
START 409 408 410 410 412 412 397 396 396 396 395 395 345 345 345 346 346 346 END
START 322 321 323 323 323 324 289 289 290 291 292 293 296 296 297 297 297 296 END