START 375 376 374 375 375 375 376 375 376 376 376 376 375 376 377 376 375 376 END
START 372 373 373 372 372 372 371 371 371 372 371 371 373 372 372 373 372 372 END
START 370 371 371 371 371 370 366 366 367 367 367 367 361 361 361 361 360 359 END
START 352 353 354 353 354 353 338 338 338 338 337 337 330 331 330 331 330 329 END
START 337 338 339 338 338 338 352 352 352 353 352 352 368 367 367 369 368 367 END
START 377 377 378 378 378 378 389 388 389 389 388 388 381 381 380 381 380 380 END
START 380 381 382 381 382 382 382 382 382 382 382 381 382 382 382 381 381 380 END
START 382 383 383 382 382 382 382 383 383 382 382 382 378 378 379 378 378 378 END
START 372 373 374 373 373 373 375 375 375 374 375 374 376 376 376 376 376 376 END
START 373 374 374 373 373 372 370 369 368 369 368 367 363 362 362 362 362 361 END
START 356 357 358 357 357 356 352 352 352 352 351 351 346 347 346 347 346 346 END
START 332 333 334 332 333 332 333 332 333 333 332 330 323 323 324 323 323 322 END
START 338 339 340 340 340 340 361 361 360 362 361 361 370 370 369 371 369 369 END
START 387 388 388 387 388 387 387 387 386 386 385 385 384 384 383 384 383 383 END
START 384 385 385 385 384 384 380 380 380 380 380 379 395 396 396 396 396 395 END
START 426 428 428 428 428 428 453 453 453 451 452 451 460 459 459 459 458 458 END
START 459 458 459 458 459 458 451 451 451 451 450 450 447 446 447 447 446 446 END
START 441 439 440 439 440 439 434 434 435 435 434 434 427 427 427 427 425 425 END
START 420 419 420 420 420 420 415 414 413 414 412 412 399 399 397 398 397 396 END
START 395 394 395 394 395 394 383 381 382 382 381 380 382 382 382 382 382 381 END
START 384 385 385 384 384 383 380 380 380 379 379 378 363 362 362 361 360 359 END
START 319 320 321 320 320 319 290 289 289 289 288 287 254 255 254 254 253 252 END
START 257 258 259 258 259 259 262 262 262 262 262 261 263 262 263 263 262 261 END
START 282 282 282 281 281 281 288 288 288 289 288 287 297 298 296 297 296 296 END
START 300 299 301 299 300 300 306 306 307 307 306 306 316 316 315 316 315 315 END