START 392 393 392 392 393 393 395 394 395 395 395 395 393 393 393 392 391 392 END
START 382 383 383 383 384 384 378 378 378 379 379 378 385 384 384 384 384 384 END
START 376 378 378 379 380 380 386 386 385 386 385 385 380 381 381 380 380 380 END
START 372 373 374 373 374 374 349 349 349 348 348 348 335 336 337 337 338 338 END
START 348 349 350 349 351 351 340 341 342 343 343 344 379 378 378 378 377 377 END
START 392 393 393 392 392 391 426 426 427 427 426 426 438 438 437 437 436 435 END
START 427 428 429 428 429 429 411 412 411 413 413 412 422 423 423 424 424 424 END
START 424 422 423 421 421 420 417 417 417 418 417 417 432 433 433 435 435 435 END
START 408 407 408 408 408 408 399 398 398 399 398 397 412 411 411 411 410 409 END
START 421 421 422 421 422 422 386 386 387 388 388 388 392 391 391 391 390 389 END
START 402 402 403 403 403 403 419 420 420 421 421 421 421 420 421 421 421 420 END
START 411 410 411 410 411 411 428 428 427 427 426 426 400 400 399 400 399 398 END
START 415 413 414 412 413 412 410 410 410 410 410 410 458 458 459 459 460 460 END
START 473 473 474 475 476 476 484 484 484 484 483 483 492 492 491 490 489 489 END
START 470 469 470 469 469 468 472 472 472 470 470 469 471 472 472 472 471 471 END
START 473 472 473 473 473 473 441 441 441 443 442 443 455 455 455 456 456 456 END
START 448 447 447 446 447 446 437 438 439 439 439 439 423 423 423 424 423 423 END
START 421 421 422 422 423 423 444 444 443 444 443 443 397 398 397 397 396 396 END
START 354 353 353 352 352 351 308 309 309 309 309 309 317 317 317 317 317 317 END