START 386 386 385 385 387 386 386 385 386 385 386 386 383 384 383 383 382 383 END
START 376 376 377 377 377 376 382 382 382 381 381 381 380 381 381 380 380 379 END
START 374 375 375 375 375 374 375 375 375 374 374 374 372 372 372 372 371 371 END
START 367 368 368 368 368 367 369 368 369 369 369 368 368 368 368 369 368 368 END
START 363 364 365 364 364 364 364 365 365 365 364 363 370 370 369 370 369 369 END
START 362 363 363 363 363 363 356 356 356 355 355 354 352 353 352 352 351 351 END
START 339 339 340 339 339 338 335 333 335 335 334 333 332 332 332 333 332 331 END
START 320 321 322 321 321 321 327 327 326 327 326 325 335 334 334 335 334 333 END
START 359 360 361 360 361 361 384 384 384 385 384 383 397 396 396 398 396 396 END
START 404 405 405 404 405 404 398 398 399 398 397 397 395 394 395 395 394 394 END
START 391 390 390 390 390 390 387 387 388 387 387 386 386 386 386 386 386 385 END
START 386 387 387 387 387 388 373 373 373 373 373 372 364 364 364 363 363 363 END
START 350 351 351 350 350 350 343 343 342 342 342 341 344 345 344 345 344 343 END
START 344 346 346 346 346 346 363 363 364 363 363 362 380 380 381 381 379 379 END
START 408 409 410 410 411 410 432 433 431 432 432 431 441 441 440 441 441 440 END
START 444 443 444 443 444 443 441 440 440 441 441 441 439 440 440 440 440 439 END
START 426 425 425 426 426 425 420 420 420 420 419 419 414 414 413 413 412 412 END
START 406 404 405 404 405 405 398 397 398 398 397 397 390 389 390 391 389 389 END
START 388 386 388 387 387 386 382 381 382 381 381 380 376 377 377 376 376 376 END
START 372 373 373 373 373 372 371 371 371 371 370 370 366 366 366 366 366 365 END
START 362 364 364 363 364 363 361 360 360 361 359 359 360 359 359 360 359 359 END
START 333 333 334 333 333 333 295 294 295 295 294 293 273 273 274 274 273 272 END