START 399 399 398 398 399 398 397 396 397 397 397 397 396 396 396 396 395 395 END
START 390 391 392 391 392 392 373 372 373 372 372 372 378 378 378 379 378 378 END
START 386 387 387 386 386 385 384 384 384 384 384 384 392 392 392 392 391 391 END
START 384 384 385 384 384 384 392 392 393 392 392 392 394 394 394 393 393 393 END
START 399 401 401 400 401 401 398 398 398 398 398 398 399 399 399 399 399 399 END
START 399 398 399 398 398 397 399 399 400 400 400 400 411 410 411 410 410 410 END
START 404 405 406 405 406 406 410 411 411 411 410 409 403 403 403 403 403 402 END
START 399 398 399 400 400 400 399 399 400 399 399 398 401 402 402 403 403 403 END
START 410 409 410 408 409 408 403 403 404 404 404 404 407 407 407 408 407 407 END
START 401 400 401 401 401 402 405 405 405 406 405 404 415 415 415 415 414 414 END
START 413 412 413 412 413 413 427 427 427 427 426 425 449 449 449 449 449 449 END
START 469 468 469 468 469 469 480 481 480 480 480 479 482 482 482 482 481 481 END
START 479 477 479 478 479 478 478 478 479 478 478 477 471 472 472 472 471 471 END
START 463 462 463 463 464 463 465 464 464 464 463 463 465 464 464 464 463 462 END
START 442 441 441 440 441 440 439 439 439 440 439 439 446 446 446 446 446 445 END
START 428 427 428 427 428 428 427 427 427 428 428 428 423 423 423 422 422 421 END
START 420 419 419 419 419 419 411 411 411 412 411 411 410 410 409 410 409 408 END
START 402 401 402 401 402 402 354 353 353 353 352 352 326 326 326 326 326 325 END