START 376 377 376 376 377 377 378 377 378 378 378 379 378 378 379 379 377 379 END
START 380 380 382 381 382 382 377 377 376 377 377 376 381 381 380 382 381 381 END
START 367 367 367 366 366 365 361 361 360 362 362 361 357 357 357 356 356 355 END
START 356 357 358 357 357 356 360 360 360 360 359 358 369 369 370 371 370 370 END
START 372 373 374 373 373 372 377 377 378 378 378 377 380 380 379 380 380 380 END
START 382 384 384 383 383 383 385 384 384 385 384 384 384 385 384 383 383 382 END
START 383 384 385 384 384 384 386 386 386 385 385 384 376 376 376 375 375 375 END
START 382 384 384 384 384 384 380 381 381 380 380 379 373 373 373 374 374 373 END
START 368 370 370 370 370 370 371 371 371 371 371 370 373 372 372 373 372 371 END
START 372 373 373 373 373 373 371 370 370 370 370 369 362 362 361 362 361 360 END
START 364 365 366 365 365 365 367 366 367 367 366 365 372 372 371 372 372 371 END
START 368 369 369 368 369 368 368 369 369 370 369 369 369 369 369 370 370 370 END
START 365 366 367 366 367 366 364 364 363 364 362 362 366 366 365 366 365 365 END
START 358 359 361 360 360 360 385 386 385 386 385 384 412 413 412 413 412 413 END
START 449 450 450 449 450 448 446 447 448 447 448 448 455 454 455 456 455 455 END
START 442 440 441 441 441 441 443 443 444 444 443 442 438 438 438 438 438 437 END
START 431 430 431 430 430 429 415 415 415 415 414 414 410 409 408 409 408 407 END
START 404 403 404 404 404 404 396 395 396 396 395 395 392 392 392 392 391 391 END
START 389 387 388 388 388 387 387 386 388 387 387 387 377 376 376 375 375 375 END
START 360 361 361 361 361 360 364 364 365 365 364 364 364 364 363 364 363 362 END
START 370 370 372 370 370 370 336 336 335 336 335 334 306 307 306 307 306 305 END
START 272 273 273 272 273 272 267 267 266 267 267 266 268 268 268 269 268 267 END