START 376 377 376 375 377 376 377 376 377 377 377 377 377 376 377 376 375 376 END
START 372 373 374 373 373 373 378 377 377 378 377 377 375 374 374 375 374 374 END
START 372 373 374 373 374 373 370 370 369 371 369 369 369 368 369 369 369 369 END
START 376 378 378 377 378 377 362 362 362 362 361 361 358 359 359 359 358 358 END
START 341 342 343 341 342 341 335 335 335 335 334 334 323 322 323 324 323 323 END
START 314 315 315 315 315 315 315 316 315 316 315 314 318 318 317 318 317 317 END
START 331 332 333 332 332 332 351 349 351 351 351 350 370 370 370 371 370 370 END
START 388 389 389 389 389 388 399 398 399 399 398 398 402 401 401 401 400 400 END
START 396 398 398 398 399 398 406 406 406 405 405 405 401 402 402 402 401 400 END
START 391 392 392 392 392 392 393 393 393 394 393 392 391 392 392 392 391 391 END
START 380 381 381 380 381 380 383 382 383 382 382 382 391 391 392 392 392 391 END
START 377 378 378 378 378 378 379 379 379 379 379 378 379 379 380 379 378 378 END
START 364 365 366 365 366 365 352 352 351 352 352 351 343 343 343 344 343 342 END
START 331 331 332 331 331 331 327 327 327 329 327 327 331 331 331 331 330 329 END
START 332 333 333 332 332 332 344 344 343 344 343 342 352 351 352 352 352 351 END
START 387 389 388 388 389 388 412 413 413 413 413 412 439 438 439 439 439 438 END
START 454 456 456 455 456 455 457 457 457 458 457 457 452 452 451 453 452 451 END
START 442 441 441 442 442 441 436 435 436 436 435 435 425 424 424 424 423 422 END
START 421 419 420 420 420 420 412 411 411 412 411 410 401 402 401 402 401 400 END
START 398 397 397 397 396 396 389 388 388 389 388 388 387 387 387 387 386 386 END
START 378 378 379 378 379 378 379 379 379 379 378 378 368 368 368 367 367 366 END
START 373 374 375 374 375 373 339 339 338 339 339 337 323 324 324 324 323 322 END