START 377 377 376 375 377 376 375 375 375 375 375 376 374 374 375 375 374 375 END
START 376 377 377 377 377 376 375 374 373 374 374 373 383 383 383 383 383 382 END
START 374 375 376 375 375 375 367 367 367 368 367 367 358 358 358 357 357 356 END
START 350 351 352 353 353 352 351 351 350 350 350 349 351 349 350 351 350 349 END
START 373 374 373 372 372 371 379 379 381 381 380 380 393 392 393 393 392 391 END
START 390 391 391 391 391 391 393 393 393 392 392 392 393 393 394 393 393 393 END
START 383 384 384 384 385 384 381 381 381 381 381 381 375 374 374 373 373 373 END
START 382 383 383 382 383 382 375 375 376 375 374 373 381 381 381 382 381 381 END
START 376 377 377 376 377 376 373 373 372 374 373 373 373 373 374 373 373 372 END
START 363 363 364 363 363 362 371 371 371 372 371 371 363 362 362 362 361 360 END
START 374 375 375 373 374 373 370 369 369 370 369 369 368 367 367 369 368 367 END
START 356 356 356 355 355 354 350 350 349 349 348 348 336 336 335 335 335 334 END
START 326 327 327 326 326 326 333 333 334 333 332 331 336 335 335 336 335 334 END
START 356 357 357 357 357 356 383 382 382 383 382 382 403 402 402 403 402 402 END
START 410 411 411 411 411 412 446 445 446 445 445 444 463 462 463 463 462 461 END
START 460 459 460 459 460 459 463 463 463 463 462 462 453 453 452 453 452 452 END
START 450 449 449 449 449 448 436 436 435 436 435 435 431 430 431 430 429 429 END
START 419 418 419 418 419 418 416 415 416 417 415 415 400 399 399 400 399 398 END
START 399 398 399 398 399 398 390 389 390 391 390 390 379 378 379 379 379 378 END
START 385 386 385 385 386 385 372 371 371 371 371 371 364 363 363 363 363 362 END
START 365 366 367 366 366 366 361 360 360 360 360 359 363 363 363 364 363 363 END
START 355 356 357 356 356 355 352 353 352 353 352 352 356 356 355 355 354 353 END