START 325 325 324 324 325 324 326 325 326 326 326 327 326 327 327 327 325 327 END
START 330 331 331 331 331 330 329 329 328 329 328 328 334 334 334 335 334 333 END
START 341 342 342 341 341 341 351 351 350 351 350 349 346 345 345 347 346 345 END
START 334 335 336 335 336 336 348 348 349 349 348 348 341 341 342 341 341 341 END
START 346 347 347 346 346 345 352 352 353 352 351 351 362 362 362 362 361 361 END
START 369 369 370 370 370 369 369 369 370 370 369 368 373 373 372 373 373 372 END
START 370 372 372 371 371 371 371 371 370 371 370 370 376 376 375 376 375 375 END
START 375 376 377 376 376 376 374 374 373 374 374 373 368 367 367 368 368 368 END
START 373 374 374 373 374 373 373 372 372 373 372 372 374 374 374 374 373 373 END
START 377 377 378 377 376 376 380 379 380 380 379 379 381 381 381 382 382 381 END
START 372 373 373 372 373 372 374 373 372 372 371 370 363 363 362 362 361 360 END
START 357 359 360 360 360 360 365 365 365 365 364 364 367 367 366 366 365 365 END
START 385 385 386 385 386 385 432 433 432 432 432 432 446 446 446 447 446 446 END
START 447 448 448 448 448 447 452 451 451 452 451 450 448 448 448 448 447 446 END
START 452 451 452 451 451 451 445 444 445 444 444 443 438 438 438 438 437 437 END
START 429 427 428 427 428 427 417 418 418 418 418 417 416 415 415 416 415 415 END
START 402 400 401 401 401 400 395 394 395 396 394 394 385 384 385 385 384 383 END
START 383 381 382 382 382 382 373 372 373 372 372 371 370 370 370 369 369 369 END
START 370 371 371 370 371 369 362 361 361 362 361 361 370 370 369 370 369 369 END
START 357 358 359 358 358 358 358 358 358 358 358 357 358 358 357 357 356 356 END
START 353 354 355 354 354 354 346 345 346 346 346 345 349 348 349 350 349 349 END
START 350 351 351 350 349 349 309 309 309 309 308 308 288 288 289 289 287 287 END
START 249 250 251 249 250 250 253 253 253 254 253 252 261 262 262 261 261 260 END