START 365 366 365 364 366 365 365 364 365 365 365 366 365 365 366 366 365 366 END
START 369 370 371 370 370 369 367 368 367 367 367 366 362 363 362 363 362 362 END
START 361 361 362 361 361 360 364 365 364 365 364 364 365 365 364 365 364 363 END
START 361 362 362 362 362 361 366 366 366 366 365 365 366 367 366 366 366 365 END
START 360 361 361 360 361 360 348 348 347 347 346 346 338 339 339 339 338 337 END
START 322 323 323 322 323 322 324 324 324 324 323 323 319 318 317 318 318 317 END
START 313 314 315 315 314 314 319 320 319 320 319 319 323 323 323 324 323 322 END
START 340 341 342 341 342 341 360 360 360 360 360 359 378 379 378 379 379 378 END
START 400 401 401 401 401 400 406 407 406 406 406 406 408 407 407 408 407 407 END
START 403 402 402 402 403 402 402 402 402 402 401 401 400 400 400 400 399 399 END
START 396 394 396 396 396 395 388 387 388 388 387 386 384 383 383 383 383 382 END
START 375 376 376 375 375 374 373 373 373 372 372 372 368 368 369 368 368 367 END
START 374 375 376 376 376 376 386 386 385 386 385 385 397 398 397 397 397 396 END
START 410 411 412 411 411 411 420 420 420 419 419 418 425 425 425 425 425 425 END
START 433 432 432 432 432 431 429 428 428 429 428 427 427 427 426 428 427 426 END
START 421 420 421 420 421 420 414 414 414 415 414 413 407 407 406 407 406 405 END
START 405 404 405 404 405 403 396 395 396 395 395 394 385 386 386 386 385 385 END
START 387 385 386 386 386 386 379 378 380 379 379 379 373 373 373 372 373 372 END
START 361 361 361 360 361 360 368 367 367 368 367 367 365 364 365 365 364 364 END
START 355 357 356 357 357 356 358 358 358 358 358 357 351 352 351 351 350 350 END
START 352 353 353 352 353 352 346 346 346 347 346 345 347 346 347 347 346 346 END
START 335 335 335 335 335 334 307 307 307 307 306 305 286 286 286 286 285 284 END
START 266 267 267 267 267 266 255 254 255 255 254 253 259 259 260 260 259 259 END