START 374 375 373 373 375 374 375 373 374 375 375 375 374 374 375 374 373 374 END
START 372 374 374 373 374 374 376 376 375 376 375 374 372 371 370 371 370 370 END
START 372 373 374 373 373 373 371 370 370 371 369 369 372 372 372 372 371 371 END
START 369 370 371 370 370 370 374 374 373 374 374 372 373 373 372 373 372 372 END
START 367 368 369 368 368 367 370 369 369 370 369 369 370 370 368 370 369 368 END
START 369 370 371 370 370 370 368 369 368 368 368 367 365 364 365 365 364 363 END
START 364 365 365 364 364 364 356 356 355 356 355 355 345 346 345 345 345 344 END
START 331 332 332 332 332 332 335 334 334 335 333 333 331 332 331 331 330 330 END
START 335 335 336 336 336 336 347 346 346 348 347 346 363 363 363 364 364 364 END
START 389 390 391 390 391 390 403 403 404 404 403 403 410 410 409 410 409 409 END
START 401 403 402 402 403 402 401 401 401 401 400 400 398 398 398 398 397 397 END
START 396 394 396 395 396 395 392 392 392 393 391 391 384 384 384 383 383 383 END
START 372 373 373 372 372 371 356 355 356 355 355 354 348 348 348 348 347 348 END
START 333 334 335 334 334 333 339 338 338 339 338 337 357 357 357 357 357 356 END
START 394 395 396 396 396 396 424 424 423 425 423 423 440 439 440 440 439 439 END
START 447 447 448 448 448 448 442 443 441 443 441 441 441 441 440 441 440 440 END
START 435 434 435 434 435 434 426 426 426 426 425 424 420 420 421 420 419 419 END
START 411 409 411 410 411 410 404 405 404 405 404 403 393 392 393 393 393 392 END
START 394 392 393 393 393 392 382 382 382 383 381 381 380 380 380 380 380 379 END
START 372 372 373 372 372 372 370 370 370 370 369 369 369 368 369 368 368 367 END
START 362 363 363 363 363 362 363 363 363 363 362 362 360 359 359 359 359 358 END
START 357 357 358 358 358 358 346 346 346 346 345 344 321 321 321 321 320 320 END
START 288 288 289 287 288 287 266 266 266 266 265 264 254 255 254 255 254 253 END