START 389 390 389 389 390 389 391 390 391 391 391 391 391 391 391 391 390 391 END
START 379 380 380 379 380 379 382 382 382 382 381 381 381 381 381 381 381 380 END
START 380 380 381 380 381 381 382 383 383 383 382 382 379 379 379 379 378 378 END
START 385 386 386 385 386 386 378 378 378 378 377 377 387 387 387 387 387 387 END
START 389 390 390 389 389 389 389 389 390 391 391 391 376 376 376 375 375 374 END
START 402 403 402 401 401 400 390 390 390 389 389 389 395 394 393 393 392 391 END
START 384 383 383 381 381 381 383 383 382 380 379 379 405 405 406 406 406 406 END
START 397 398 398 396 397 396 419 419 420 420 420 421 405 404 404 403 402 401 END
START 410 410 410 408 409 408 409 409 409 410 410 409 406 407 407 408 408 408 END
START 420 419 420 419 419 419 397 397 397 397 396 396 401 401 401 401 400 400 END
START 419 418 419 419 420 420 421 421 421 421 420 420 417 417 417 416 416 415 END
START 401 400 401 400 400 400 396 396 395 396 395 394 396 396 396 396 395 395 END
START 387 386 387 386 387 386 388 388 388 387 387 386 387 386 387 386 386 385 END
START 389 390 390 390 390 390 408 409 409 409 409 409 439 439 439 439 439 439 END
START 464 465 465 464 465 465 484 484 484 484 483 483 491 491 491 491 491 491 END
START 485 484 485 484 485 484 475 475 475 475 475 475 482 482 483 482 482 482 END
START 475 475 476 476 477 477 465 465 464 465 464 464 455 456 456 457 457 457 END
START 447 446 448 448 449 450 457 458 457 457 456 456 452 451 451 450 449 449 END
START 456 455 456 455 456 455 442 442 442 442 441 440 429 429 430 430 430 430 END
START 434 433 434 433 434 434 424 425 425 426 425 425 426 426 426 426 426 425 END
START 417 416 417 417 418 418 413 413 412 413 412 411 414 414 413 414 414 414 END
START 362 361 362 360 361 360 323 322 323 323 322 322 295 295 295 296 295 294 END