START 407 407 406 405 406 405 404 403 404 404 404 404 404 404 405 404 404 404 END
START 402 401 401 401 401 401 396 397 397 397 396 395 398 399 399 399 398 398 END
START 396 394 394 393 393 392 391 392 392 393 394 394 404 403 403 401 401 400 END
START 392 393 393 393 394 394 382 381 381 381 380 379 387 387 387 387 387 386 END
START 377 378 379 379 380 380 391 391 392 391 391 390 416 416 417 417 417 417 END
START 418 419 420 419 419 419 425 425 425 424 424 424 427 427 427 428 427 426 END
START 425 424 424 424 424 424 422 422 421 422 421 420 419 419 418 419 418 418 END
START 425 424 425 424 425 425 417 417 416 417 416 416 422 421 422 423 422 422 END
START 414 414 415 414 414 414 415 415 415 416 415 415 411 411 411 411 411 410 END
START 401 400 400 399 399 399 401 400 401 402 401 401 401 401 401 401 400 400 END
START 413 413 414 413 414 413 400 401 401 400 400 399 383 383 384 383 383 382 END
START 385 384 384 383 384 384 396 396 396 397 396 396 406 406 406 406 405 405 END
START 399 400 400 399 400 400 411 411 411 411 411 411 400 400 400 401 400 400 END
START 410 411 411 410 411 410 396 396 396 397 397 397 433 433 433 432 431 431 END
START 471 470 471 470 471 471 475 475 475 475 475 475 490 490 489 490 489 489 END
START 478 478 478 478 478 478 483 482 482 482 481 481 472 472 472 471 470 469 END
START 478 478 479 478 479 479 468 469 469 468 468 468 461 460 460 461 461 461 END
START 456 455 456 456 456 456 459 459 459 459 458 458 453 453 452 452 452 451 END
START 438 437 438 437 438 438 437 437 437 438 437 437 428 428 429 429 428 428 END