START 391 391 390 390 391 391 391 390 391 391 391 391 391 391 391 391 390 391 END
START 381 382 382 381 382 382 382 382 382 382 382 382 387 386 386 386 386 386 END
START 383 384 384 384 384 384 393 393 393 393 392 392 392 392 393 392 392 391 END
START 389 390 390 389 390 390 389 389 389 388 388 388 393 393 393 393 392 392 END
START 397 398 398 397 398 398 394 394 395 395 395 394 391 391 391 391 391 391 END
START 391 392 392 392 392 392 396 396 396 396 395 395 388 388 388 388 388 387 END
START 371 372 372 371 372 372 365 364 365 364 364 364 371 372 372 372 372 372 END
START 388 389 389 389 389 389 407 407 407 407 407 406 411 410 410 411 410 410 END
START 404 405 405 404 404 404 405 406 406 406 405 405 402 402 402 403 402 401 END
START 398 397 398 397 398 398 400 400 400 401 400 400 394 394 394 395 395 395 END
START 419 420 420 419 420 420 437 437 438 438 437 437 460 460 460 460 460 460 END
START 487 486 486 486 486 486 491 491 491 492 491 491 491 492 491 492 491 491 END
START 477 476 477 476 476 476 468 468 468 468 467 467 460 460 460 460 459 459 END
START 457 456 457 456 457 456 451 451 451 451 450 450 446 446 446 446 446 445 END
START 441 440 441 440 440 440 437 437 437 438 437 437 432 432 432 432 432 431 END
START 420 419 420 419 419 419 422 422 421 422 422 421 413 413 413 414 413 412 END
START 420 419 419 419 419 419 410 410 410 410 409 409 405 405 405 406 405 404 END
START 407 407 407 406 407 406 390 390 389 390 389 389 368 369 368 368 367 367 END