START 394 395 394 394 395 394 394 394 394 394 394 395 394 394 394 394 393 394 END
START 382 383 383 382 383 383 382 382 382 382 381 381 382 381 382 381 381 381 END
START 385 386 387 386 387 387 390 390 389 389 388 388 389 390 390 389 389 389 END
START 376 376 377 375 375 374 384 384 383 382 381 381 378 378 378 377 376 376 END
START 379 380 380 380 380 380 390 390 390 390 390 389 404 404 404 404 404 403 END
START 411 412 412 412 412 412 413 413 413 412 412 412 407 407 407 407 407 406 END
START 408 407 408 407 408 407 415 415 416 416 415 415 411 412 412 413 413 412 END
START 409 408 410 410 410 410 413 413 413 414 413 412 408 408 408 408 407 406 END
START 408 407 408 408 408 408 410 410 410 410 410 409 404 404 404 405 404 404 END
START 397 395 396 395 395 395 393 394 395 396 396 397 398 398 398 397 396 396 END
START 399 400 400 400 401 401 404 404 404 405 405 405 416 416 416 416 416 416 END
START 458 457 458 457 458 457 478 478 478 479 478 478 487 487 487 487 487 487 END
START 487 486 487 486 487 486 483 483 483 484 483 483 488 488 489 488 487 487 END
START 474 473 474 473 473 472 469 470 470 469 469 469 468 468 469 468 468 467 END
START 460 458 459 458 459 458 455 455 455 455 455 455 450 450 450 450 450 450 END
START 459 458 459 458 458 458 440 440 440 440 439 439 439 439 439 438 438 437 END
START 434 433 434 432 433 432 431 431 430 431 430 429 425 424 424 425 424 424 END
START 411 410 410 409 409 409 415 415 415 415 414 414 404 405 405 406 406 406 END
START 408 407 408 407 407 407 404 404 404 404 404 403 404 404 404 404 404 403 END