START 364 364 363 363 364 364 363 362 363 362 362 362 357 357 357 356 355 355 END
START 356 356 356 355 355 355 363 363 362 363 362 361 370 370 371 372 372 372 END
START 380 381 382 381 382 382 362 363 364 366 366 366 349 349 349 350 351 350 END
START 358 359 359 358 359 359 381 381 381 380 379 379 405 404 405 404 403 403 END
START 392 393 393 392 393 392 385 386 386 387 387 387 427 427 427 427 426 425 END
START 399 400 400 399 400 399 394 394 394 393 392 392 416 416 416 417 417 417 END
START 399 400 400 399 400 400 416 416 416 415 415 415 429 429 429 429 428 428 END
START 397 397 397 396 397 397 385 383 381 378 374 372 391 391 390 390 390 389 END
START 398 398 398 397 397 397 372 373 373 376 377 378 399 399 400 401 402 402 END
START 410 411 411 411 412 412 407 407 407 409 409 409 444 446 447 449 450 451 END
START 484 483 483 482 483 482 497 497 498 499 498 498 523 523 523 523 522 522 END
START 490 488 487 483 482 480 480 480 481 482 483 484 458 459 460 463 463 464 END
START 496 495 496 495 496 496 481 481 481 480 479 479 470 470 469 469 468 468 END
START 469 467 467 466 466 465 444 444 444 445 445 445 443 444 443 443 442 442 END
START 461 461 461 461 462 462 455 456 456 457 456 456 452 453 454 455 455 455 END
START 423 422 423 421 421 420 442 442 442 443 442 442 413 413 414 414 413 413 END
START 386 385 385 384 385 385 408 408 408 408 408 408 386 385 385 384 383 382 END
START 356 357 357 357 358 357 316 316 316 316 315 315 306 306 307 307 307 307 END