START 387 387 387 386 387 387 385 384 384 384 383 383 380 380 380 379 378 379 END
START 377 378 378 377 377 377 380 381 381 381 381 380 380 379 379 379 378 378 END
START 374 375 375 376 376 375 371 372 372 371 371 371 365 365 365 366 365 365 END
START 361 362 361 361 362 361 372 372 371 372 371 371 381 382 381 382 381 381 END
START 368 369 370 370 370 370 375 374 373 374 373 373 367 367 367 367 366 367 END
START 376 377 377 377 378 377 384 383 383 384 384 383 387 388 388 388 388 387 END
START 395 395 396 394 394 393 385 386 386 386 385 385 390 390 390 389 389 388 END
START 382 382 383 382 382 382 384 384 384 383 383 382 384 384 385 384 383 384 END
START 384 384 384 383 383 383 383 384 384 383 383 382 375 376 375 374 374 373 END
START 376 377 377 375 375 374 377 377 378 378 377 376 370 369 369 370 369 368 END
START 363 363 363 363 362 362 367 367 367 368 367 367 371 371 371 371 370 370 END
START 373 374 375 375 376 375 373 373 373 373 372 371 373 373 372 372 372 372 END
START 377 378 379 377 377 377 369 369 368 369 368 368 397 397 396 397 397 396 END
START 428 430 431 431 431 431 456 456 456 456 455 455 461 460 461 460 460 460 END
START 460 458 459 458 458 458 446 445 446 446 445 444 444 443 443 444 443 443 END
START 444 444 444 444 445 444 426 426 426 427 426 425 414 415 415 416 415 415 END
START 410 409 410 410 410 410 407 408 407 409 408 408 405 404 404 404 403 402 END
START 392 391 392 392 392 392 382 382 381 381 380 379 377 377 377 377 376 375 END
START 372 372 373 372 373 372 365 365 366 364 364 363 369 368 368 369 368 368 END
START 323 323 324 322 323 322 280 281 280 282 281 280 259 260 259 259 258 258 END
START 244 246 246 246 246 246 263 263 263 263 262 262 263 262 263 262 262 261 END
START 287 287 288 287 287 287 288 289 288 288 287 287 299 300 300 301 301 300 END