START 390 391 390 390 391 391 392 391 391 392 392 392 391 391 391 391 390 391 END
START 377 378 379 378 379 378 379 378 378 378 377 377 374 373 374 374 373 373 END
START 386 386 386 385 386 386 385 385 384 385 385 384 383 383 383 383 383 383 END
START 381 382 382 381 382 382 395 395 395 394 394 394 395 395 396 395 395 395 END
START 390 391 392 391 392 393 393 392 392 392 391 391 390 390 390 390 390 390 END
START 400 400 401 400 400 400 401 400 401 400 400 400 406 405 406 406 406 406 END
START 403 402 403 402 403 402 404 405 404 405 404 403 409 409 409 409 408 408 END
START 400 399 400 399 400 400 408 408 408 409 408 407 407 408 408 408 408 407 END
START 411 412 412 412 412 412 405 405 405 406 405 405 409 409 409 410 410 410 END
START 407 406 406 405 406 405 412 412 412 413 412 412 414 414 414 415 414 413 END
START 422 421 422 421 422 421 434 433 434 435 434 434 442 441 442 443 442 441 END
START 469 468 469 469 470 470 485 484 484 484 483 482 485 485 486 486 486 486 END
START 487 486 487 486 487 486 471 471 472 471 470 470 474 474 474 473 473 473 END
START 464 463 464 463 464 464 472 472 471 472 472 472 471 471 470 470 469 469 END
START 449 448 449 449 449 449 440 439 439 440 440 440 442 443 442 443 443 443 END
START 439 438 440 439 440 440 427 427 427 427 426 426 425 425 425 425 424 423 END
START 429 428 429 429 429 429 410 410 409 410 409 409 413 414 413 415 414 414 END
START 408 407 408 408 409 409 397 397 398 397 397 396 393 393 393 394 393 393 END