START 381 382 380 380 382 381 380 378 379 379 379 379 376 376 377 376 375 376 END
START 381 382 383 382 383 382 385 384 384 385 384 383 383 382 382 383 382 382 END
START 383 384 384 383 384 383 380 380 380 380 379 378 383 383 384 383 383 383 END
START 381 382 382 382 382 381 381 380 380 380 380 379 380 381 381 380 380 379 END
START 375 376 377 376 376 376 371 371 371 370 370 369 364 364 364 363 363 363 END
START 356 357 358 357 357 356 335 335 334 336 335 334 331 331 330 331 330 329 END
START 317 318 319 318 318 318 316 315 314 316 315 314 315 313 313 314 314 313 END
START 318 319 320 319 320 320 330 329 330 330 330 329 336 335 336 336 335 335 END
START 349 350 351 350 350 349 371 371 371 372 372 371 391 390 390 393 391 392 END
START 408 408 409 408 408 408 418 417 417 418 417 416 423 422 423 422 422 421 END
START 416 415 416 416 416 415 417 416 416 417 416 415 409 409 408 409 408 407 END
START 412 410 411 410 411 410 404 403 403 404 403 403 402 402 402 403 402 401 END
START 398 396 398 397 397 396 391 392 392 393 392 391 392 393 393 393 391 391 END
START 383 384 385 384 385 384 384 383 384 383 383 382 375 373 374 373 373 372 END
START 376 377 377 377 376 376 371 372 372 371 371 370 369 369 369 370 369 369 END
START 371 372 373 371 372 372 357 357 357 358 357 357 357 358 357 357 356 356 END
START 342 344 344 343 343 342 336 335 336 336 335 334 325 324 325 325 324 323 END
START 318 318 319 318 319 318 320 319 318 319 318 318 326 327 326 328 327 326 END
START 357 358 359 358 359 358 397 397 398 399 398 398 428 429 428 429 428 428 END
START 442 443 443 443 444 443 459 458 458 458 457 458 455 455 454 455 454 454 END
START 452 450 452 451 451 450 440 440 440 440 439 439 431 430 431 430 430 429 END
START 425 423 424 423 423 423 416 414 414 416 415 414 408 407 407 408 408 407 END
START 397 395 397 396 396 395 393 392 393 393 392 392 387 387 387 388 386 386 END
START 382 383 383 383 383 382 377 375 376 376 375 375 370 370 370 369 369 368 END
START 369 370 370 370 370 370 365 365 364 365 365 364 361 361 361 362 361 360 END
START 356 358 358 358 358 358 355 357 355 356 356 355 354 355 354 354 353 352 END
START 348 350 350 350 350 350 354 353 354 354 352 352 331 330 331 331 330 330 END