START 369 370 368 368 370 369 370 369 370 370 370 370 370 370 371 370 369 370 END
START 368 369 369 369 369 369 369 368 368 369 368 368 370 371 370 370 370 369 END
START 366 367 368 367 368 367 372 373 372 373 372 371 369 368 368 368 368 367 END
START 367 368 368 368 368 368 365 365 364 365 364 364 365 366 365 365 365 364 END
START 369 369 370 369 369 369 367 367 366 367 366 366 367 367 367 368 367 366 END
START 363 364 364 364 364 364 358 359 358 358 357 356 352 352 352 351 350 350 END
START 339 339 340 339 339 339 330 329 330 330 329 329 323 322 323 323 323 322 END
START 321 322 323 321 322 322 324 324 324 325 324 323 342 342 341 342 342 341 END
START 356 357 358 357 357 357 383 383 383 384 383 383 401 401 402 401 400 400 END
START 407 407 408 408 408 407 406 407 406 406 405 405 405 405 406 406 404 404 END
START 403 401 402 401 402 400 397 397 397 398 397 396 399 399 399 399 399 398 END
START 394 392 393 392 393 392 390 389 390 389 389 389 386 385 385 385 385 384 END
START 380 381 381 381 382 381 374 374 374 373 373 373 369 369 369 369 369 369 END
START 371 373 373 372 372 372 369 368 368 369 368 368 389 390 390 390 390 389 END
START 410 411 412 411 412 411 424 425 424 424 424 423 429 428 429 428 428 427 END
START 428 427 428 428 429 428 422 422 421 422 421 420 414 415 413 414 414 413 END
START 407 406 406 406 406 406 396 396 396 396 396 395 392 391 392 393 392 391 END
START 386 385 387 386 386 386 380 379 380 380 379 379 378 378 378 378 377 377 END
START 368 370 370 370 370 369 366 366 365 366 366 366 363 362 362 363 362 361 END
START 360 361 361 361 361 361 357 358 357 357 357 356 357 358 357 358 357 357 END
START 355 356 356 356 356 355 357 356 356 357 356 355 353 353 354 353 352 352 END
START 352 353 353 353 353 353 356 355 356 356 355 354 352 351 351 351 351 350 END
START 349 350 351 350 350 350 347 346 347 347 346 346 347 346 347 347 347 347 END
START 345 346 347 346 346 345 347 347 347 347 346 345 344 344 345 344 344 343 END
START 344 345 346 345 345 345 347 347 348 348 346 346 345 346 346 346 345 344 END
START 349 349 350 349 349 349 345 345 346 346 344 344 349 350 350 350 349 349 END
START 352 352 353 353 353 352 340 341 341 341 340 340 325 324 325 324 324 323 END