START 375 375 374 374 375 374 374 373 374 374 374 374 373 373 373 373 372 373 END
START 363 364 364 363 363 363 363 363 363 363 363 362 365 365 365 365 365 364 END
START 365 366 367 366 366 366 366 366 366 366 365 364 364 365 364 364 364 363 END
START 371 372 373 372 372 372 366 365 365 365 364 363 364 364 363 364 363 363 END
START 364 365 365 364 365 364 361 362 362 363 362 362 360 361 360 361 360 359 END
START 360 361 362 361 361 361 352 352 351 352 350 350 346 346 345 346 345 344 END
START 342 343 343 343 343 343 337 336 337 337 336 336 348 348 349 349 348 347 END
START 364 364 365 364 364 364 379 379 379 380 379 379 384 385 385 385 384 384 END
START 380 381 382 381 381 381 378 378 377 378 378 377 380 380 380 379 379 379 END
START 380 381 381 381 381 380 375 374 374 375 374 374 375 374 374 375 374 374 END
START 372 373 373 372 373 372 375 373 373 375 374 373 373 372 372 372 372 371 END
START 367 368 369 368 369 368 372 371 371 371 370 370 374 373 372 373 372 372 END
START 370 371 372 371 371 371 369 368 369 369 368 368 368 368 367 368 368 367 END
START 368 369 369 368 369 368 374 375 374 375 374 374 374 374 373 374 372 372 END
START 368 369 369 369 369 368 371 370 369 370 369 369 368 367 367 367 367 366 END
START 363 363 364 363 364 364 362 362 362 363 362 362 362 363 362 363 362 362 END
START 362 363 363 363 363 362 366 367 366 367 366 366 365 365 364 365 364 363 END
START 359 361 361 361 361 361 368 368 368 368 367 366 361 361 360 361 360 360 END
START 362 363 363 363 364 363 363 363 362 363 362 361 361 362 361 362 361 361 END
START 362 362 363 362 363 362 365 366 365 366 365 364 368 368 367 368 367 367 END
START 361 362 362 362 363 362 365 366 365 365 365 364 364 364 363 364 363 362 END
START 364 366 366 366 366 366 364 364 363 363 363 362 362 363 363 363 362 362 END
START 371 372 372 371 372 372 402 403 402 403 403 402 424 425 424 425 424 424 END
START 430 431 432 431 432 431 435 435 435 436 435 435 431 431 430 431 429 429 END
START 425 423 424 424 424 424 420 419 419 420 418 418 412 412 412 413 411 411 END
START 407 405 407 406 406 405 398 397 398 399 398 398 397 396 396 397 396 395 END
START 385 384 385 384 385 384 383 382 383 382 381 381 379 379 379 379 378 378 END
START 374 374 375 374 375 374 371 371 371 370 370 369 363 363 363 364 363 362 END
START 364 365 365 365 365 364 359 358 357 359 358 358 358 359 358 359 359 357 END
START 355 355 355 355 355 355 356 355 356 356 355 354 359 358 359 359 358 358 END
START 358 359 359 358 358 358 339 337 338 338 337 336 320 318 319 319 318 318 END