START 374 375 374 374 375 374 374 373 374 375 376 376 380 380 380 380 379 380 END
START 372 373 373 372 373 372 384 385 384 386 386 386 378 377 378 378 378 377 END
START 371 372 372 372 372 372 380 379 380 379 379 378 377 377 377 378 378 378 END
START 364 365 367 366 366 366 374 373 374 375 374 374 374 374 374 375 374 374 END
START 369 370 370 370 371 370 370 369 369 370 369 368 369 368 368 368 367 366 END
START 344 346 345 345 345 344 335 335 335 335 334 333 327 326 325 325 323 323 END
START 324 324 325 324 324 324 317 316 315 316 315 315 319 319 319 321 320 319 END
START 326 326 326 324 324 323 331 330 332 333 331 332 341 341 340 341 339 338 END
START 388 390 390 392 392 392 395 395 395 398 399 399 415 414 414 415 414 414 END
START 412 413 414 414 415 414 411 410 411 411 410 411 387 386 386 386 385 384 END
START 385 383 384 383 384 383 391 389 389 389 387 386 391 391 392 392 392 392 END
START 407 408 409 409 409 408 374 374 374 373 373 372 389 388 388 387 388 387 END
START 351 349 350 350 350 349 347 347 346 347 346 344 361 360 360 358 358 356 END
START 310 311 311 309 310 308 306 307 307 307 306 306 306 305 306 307 307 306 END
START 330 332 333 333 333 333 369 369 370 370 369 369 380 381 381 381 379 378 END
START 389 389 390 388 389 388 390 391 391 393 392 392 376 375 375 375 374 374 END
START 383 384 384 384 385 384 429 428 430 430 430 430 448 448 448 450 449 449 END
START 446 447 446 444 444 443 456 455 456 457 457 457 461 461 462 462 462 462 END
START 456 455 455 456 456 455 443 443 443 443 442 442 439 439 439 440 440 439 END
START 429 428 429 428 428 427 408 408 408 407 407 405 408 409 409 408 407 406 END
START 403 402 403 403 404 403 392 392 391 391 391 390 396 395 396 396 396 395 END
START 386 385 385 384 384 383 377 376 377 377 377 376 376 374 375 374 374 372 END
START 367 369 370 369 370 369 355 354 353 354 353 352 323 322 322 322 321 320 END