START 351 352 351 351 351 351 351 350 351 351 351 351 350 350 350 350 349 350 END
START 359 360 361 360 361 360 359 358 359 359 358 358 361 361 362 361 361 361 END
START 365 366 366 365 366 365 367 366 367 367 366 366 368 368 367 367 367 366 END
START 360 361 362 361 361 361 368 368 368 368 367 367 369 370 369 369 368 368 END
START 364 365 366 365 365 364 362 363 362 362 362 360 365 365 365 365 365 364 END
START 364 365 366 365 365 365 354 354 354 354 353 353 344 344 343 344 343 343 END
START 328 329 330 329 329 328 324 323 324 324 324 323 320 320 321 321 319 319 END
START 336 338 339 338 339 338 365 365 364 365 364 363 383 382 383 383 383 382 END
START 399 400 399 399 399 399 393 394 394 394 393 393 394 395 394 394 394 393 END
START 390 391 392 391 391 391 391 390 390 390 390 389 386 385 386 385 384 384 END
START 388 389 389 388 389 388 383 381 383 382 381 381 380 380 380 379 378 378 END
START 380 382 381 381 381 381 380 380 380 379 379 379 382 381 381 382 381 380 END
START 377 379 378 378 377 377 365 365 364 365 364 364 358 358 358 357 356 356 END
START 341 342 343 342 342 342 348 349 348 348 347 346 367 366 367 368 366 367 END
START 417 419 419 419 420 419 450 450 451 451 449 450 467 467 467 466 466 466 END
START 473 472 473 472 472 471 472 472 472 472 471 470 463 464 463 463 462 462 END
START 452 451 452 452 452 452 443 443 443 443 443 442 432 433 432 432 431 431 END
START 427 425 427 426 426 426 413 413 413 413 412 411 407 406 406 407 407 406 END
START 398 397 398 397 397 396 392 391 392 392 391 390 386 386 386 386 385 385 END
START 376 377 378 377 378 377 375 374 375 374 374 373 367 367 367 367 366 366 END
START 363 364 365 364 364 364 356 355 355 355 355 355 353 353 352 353 352 352 END
START 357 357 358 357 358 357 355 354 355 355 355 354 329 328 328 328 327 326 END
START 286 288 288 287 287 286 259 258 259 258 257 256 221 222 220 221 220 219 END
START 220 222 222 222 222 222 231 229 231 230 230 229 235 235 235 236 235 235 END
START 254 254 255 254 254 254 263 264 263 265 264 264 273 272 272 272 271 271 END
START 284 285 286 285 285 286 298 298 298 298 297 297 306 305 305 306 305 305 END
START 317 318 318 318 318 318 322 322 322 322 322 321 326 326 326 327 326 325 END
START 337 338 339 338 338 337 345 345 344 345 344 344 351 351 350 351 351 350 END