START 375 375 374 374 375 374 374 373 374 374 374 375 374 374 374 374 373 374 END
START 373 375 374 374 374 373 367 367 367 367 367 366 368 368 367 368 368 367 END
START 369 370 371 370 370 369 369 369 368 369 368 368 371 371 370 371 370 370 END
START 365 367 367 367 367 366 365 366 365 366 366 365 370 369 369 369 369 368 END
START 371 372 373 372 373 372 374 374 373 374 373 372 365 365 365 365 365 364 END
START 352 353 354 353 353 352 340 340 340 340 340 338 329 329 328 329 328 327 END
START 325 325 326 325 326 326 328 328 328 327 326 325 315 315 314 315 314 314 END
START 316 317 318 318 318 318 331 332 330 331 331 330 339 338 340 341 340 339 END
START 369 370 370 370 369 369 391 390 390 391 391 390 403 403 404 404 403 403 END
START 400 401 402 401 401 400 401 400 401 401 400 400 395 395 395 395 394 394 END
START 390 389 390 390 390 390 387 387 387 387 386 385 381 381 381 381 380 380 END
START 385 386 386 386 386 385 382 383 383 382 382 381 385 385 385 385 384 384 END
START 379 379 380 380 379 379 381 381 381 380 380 379 376 377 377 376 376 376 END
START 376 377 377 376 376 376 373 373 373 372 372 372 373 372 371 372 371 371 END
START 370 371 371 370 370 370 361 361 361 362 361 360 361 360 360 360 358 358 END
START 354 355 356 354 354 354 359 359 358 359 358 358 369 368 369 369 368 368 END
START 394 396 396 396 396 396 427 427 428 428 427 426 440 440 440 440 440 440 END
START 452 453 453 453 453 452 449 450 448 449 448 448 440 440 441 440 440 439 END
START 431 429 430 430 430 429 426 426 426 426 424 424 418 418 418 418 416 416 END
START 410 408 409 408 409 408 404 405 404 405 404 403 396 394 395 396 394 394 END
START 389 388 389 388 389 388 385 385 385 385 384 384 383 382 382 382 382 382 END
START 370 371 371 370 370 370 368 368 368 367 368 367 368 368 368 367 367 366 END
START 360 362 362 361 362 362 361 361 360 361 360 359 360 361 360 361 360 360 END
START 329 330 331 330 330 330 295 295 295 294 294 293 276 276 276 276 275 275 END
START 269 269 269 269 269 269 278 277 278 278 278 277 287 287 287 287 288 287 END