START 387 387 386 385 385 384 381 380 381 380 380 380 377 377 377 377 376 377 END
START 368 370 371 371 372 373 374 374 374 374 373 373 361 360 360 360 360 360 END
START 369 370 370 369 369 368 370 369 369 369 368 367 362 362 361 360 359 358 END
START 375 376 377 377 378 378 369 369 368 369 368 368 373 373 373 374 373 374 END
START 389 390 390 389 389 389 400 401 401 402 402 402 408 407 407 407 407 406 END
START 400 400 401 399 400 400 412 413 413 413 412 411 415 415 414 414 413 412 END
START 399 399 400 399 399 399 394 394 394 393 392 391 406 405 406 406 405 404 END
START 397 397 398 397 397 397 400 399 400 399 399 399 399 399 399 400 399 399 END
START 403 404 404 403 404 404 427 426 426 425 424 423 443 443 443 443 442 442 END
START 468 467 468 467 468 468 475 475 474 475 474 474 490 491 491 491 490 490 END
START 496 496 497 496 497 496 488 488 487 488 487 487 474 474 475 475 475 476 END
START 464 462 463 462 462 462 475 475 475 475 474 474 470 469 468 468 467 466 END
START 475 473 474 472 472 471 465 465 465 465 465 465 464 464 463 462 461 460 END
START 455 454 455 454 454 454 440 441 440 442 441 441 444 444 444 445 444 444 END
START 440 439 440 439 440 440 437 437 438 438 437 437 420 420 420 420 419 418 END
START 363 362 363 361 362 362 335 335 335 335 335 335 307 306 307 307 306 305 END