START 340 340 339 338 340 339 339 338 339 339 339 339 339 339 340 340 339 340 END
START 346 347 347 347 347 347 347 346 345 347 345 346 355 355 354 355 354 354 END
START 351 353 353 352 352 352 357 357 358 358 357 357 361 360 361 361 360 360 END
START 364 365 364 365 365 364 369 368 369 369 368 367 368 369 368 368 367 367 END
START 360 362 362 362 362 362 359 360 359 360 360 359 366 367 366 367 367 366 END
START 360 361 362 360 361 360 350 351 350 351 350 350 354 354 354 354 353 352 END
START 357 358 358 358 358 358 382 381 382 382 381 381 402 402 402 403 402 401 END
START 411 412 411 411 411 411 405 406 405 405 405 404 402 402 402 403 402 401 END
START 401 399 400 399 400 399 394 395 395 396 395 395 396 397 396 397 396 395 END
START 395 395 396 395 396 395 391 389 390 389 389 388 392 392 392 391 391 390 END
START 386 387 388 387 387 386 377 377 377 377 377 376 383 382 383 383 383 382 END
START 372 373 374 373 374 373 375 374 373 374 373 373 375 374 375 374 373 373 END
START 364 365 365 365 365 365 366 366 365 366 365 365 362 362 361 362 361 360 END
START 360 361 361 360 360 360 346 347 346 347 346 345 343 343 343 343 343 342 END
START 339 340 341 340 341 340 335 336 336 336 335 334 339 338 339 339 338 338 END
START 352 353 354 354 354 354 377 377 376 378 377 377 384 384 383 384 383 382 END
START 384 385 385 385 385 385 379 378 378 379 378 378 390 390 391 391 391 391 END
START 432 433 433 433 433 433 459 458 458 459 458 458 467 466 466 466 466 465 END
START 466 464 464 464 465 464 464 463 464 463 463 462 456 456 456 456 455 455 END
START 447 447 447 446 447 446 435 436 435 435 435 434 429 428 429 429 429 428 END
START 419 417 419 418 418 417 413 412 412 413 412 411 404 404 403 404 403 402 END
START 390 390 390 390 390 390 387 386 387 387 386 386 375 375 375 375 374 373 END
START 370 371 372 371 371 372 370 370 370 369 369 368 363 363 362 363 362 362 END