START 387 388 386 386 386 387 388 386 388 388 388 388 388 389 389 389 387 389 END
START 384 384 385 384 384 383 384 384 384 384 384 384 384 385 385 385 384 384 END
START 382 383 384 383 384 383 386 386 386 385 385 384 384 384 384 383 383 383 END
START 381 382 382 382 382 381 384 384 384 384 383 384 385 385 386 385 384 384 END
START 382 383 383 382 382 382 372 372 372 371 371 371 368 368 368 367 367 367 END
START 353 355 355 354 354 354 346 345 345 346 344 344 336 337 336 336 336 335 END
START 323 324 324 323 323 323 313 313 313 314 312 312 321 321 320 322 321 321 END
START 321 323 323 322 323 322 329 328 329 330 329 329 344 344 344 345 344 343 END
START 366 367 368 367 368 367 390 390 389 391 389 389 398 399 399 398 398 397 END
START 396 398 398 398 398 397 395 396 395 395 394 394 394 393 394 394 394 393 END
START 391 393 393 392 392 392 391 390 391 390 390 390 391 390 391 390 390 390 END
START 380 381 382 381 381 381 382 381 381 381 381 380 383 382 383 383 382 381 END
START 383 385 384 384 385 384 386 386 387 386 385 385 400 400 400 399 399 399 END
START 425 427 427 426 427 427 444 444 444 444 444 443 459 458 459 458 458 458 END
START 462 460 462 461 461 461 466 467 467 467 466 466 459 458 459 459 458 458 END
START 445 444 445 445 445 445 435 435 434 434 433 433 428 427 428 428 427 426 END
START 416 415 416 416 416 415 405 405 404 406 405 405 399 400 399 400 399 399 END
START 391 390 391 390 391 390 388 388 389 390 388 388 381 381 382 381 380 380 END
START 375 376 377 376 376 376 372 371 372 371 371 370 366 366 367 365 365 365 END
START 364 365 365 364 365 364 357 357 357 358 357 356 357 357 357 358 357 356 END
START 349 350 350 350 349 349 349 348 349 349 349 348 350 349 350 350 349 348 END
START 342 343 344 343 344 343 348 348 349 349 348 347 344 343 344 343 343 343 END
START 345 345 346 346 346 345 346 345 346 345 345 344 346 347 348 348 346 346 END
START 344 345 345 344 344 343 320 320 321 320 320 319 302 302 303 303 301 301 END