START 380 380 379 379 381 379 381 380 380 381 381 381 382 383 383 383 383 383 END
START 380 381 381 381 381 381 382 382 382 381 381 380 382 382 382 382 381 381 END
START 380 380 381 380 380 380 379 380 379 379 379 378 379 378 379 378 378 378 END
START 374 374 376 375 375 374 381 380 380 381 380 380 380 379 379 380 379 378 END
START 370 372 372 371 372 371 367 368 367 367 366 366 359 358 358 360 358 358 END
START 346 346 347 345 345 344 342 342 341 341 340 339 335 335 335 336 335 334 END
START 328 329 330 329 329 329 329 328 328 328 328 327 336 335 334 336 335 335 END
START 353 353 354 354 354 354 371 371 371 372 372 371 397 396 395 396 396 396 END
START 413 415 415 414 414 414 414 414 414 414 413 413 417 416 416 416 416 415 END
START 410 408 409 409 409 409 404 404 404 405 404 404 399 398 399 399 398 398 END
START 387 385 386 386 386 385 380 380 380 380 379 378 377 376 376 376 375 375 END
START 372 374 374 374 374 374 363 362 361 361 359 359 369 369 369 371 370 369 END
START 372 374 374 374 375 374 398 397 398 399 398 398 423 423 423 424 424 423 END
START 454 456 456 456 456 456 457 456 456 456 455 455 449 449 448 449 448 447 END
START 452 450 451 451 451 450 437 436 437 437 436 435 436 435 436 436 435 435 END
START 427 425 427 426 426 425 417 416 416 417 416 416 411 410 410 410 410 409 END
START 398 398 398 397 398 397 391 390 391 391 391 390 389 388 388 389 388 387 END
START 384 384 385 384 384 384 373 372 373 372 371 371 368 369 368 368 367 366 END
START 358 359 359 358 359 358 367 367 366 367 367 366 360 360 359 360 359 359 END
START 346 348 348 347 348 347 351 352 351 352 351 351 351 350 351 350 350 349 END
START 348 349 349 349 348 348 315 315 315 315 314 313 291 289 291 291 289 289 END