START 367 368 366 366 367 366 367 365 366 367 366 367 366 366 367 367 366 367 END
START 368 368 369 368 368 368 374 375 374 375 374 374 375 375 375 375 374 374 END
START 364 365 366 365 366 365 371 370 370 371 370 370 371 370 370 371 370 370 END
START 373 374 374 374 374 373 374 373 373 374 373 373 377 376 375 376 375 375 END
START 378 379 379 379 379 378 378 378 377 378 377 376 379 379 378 379 378 378 END
START 372 373 374 373 373 372 369 368 368 368 367 367 362 362 361 362 362 362 END
START 353 354 354 354 354 353 348 349 348 348 348 347 341 342 341 342 341 340 END
START 345 347 347 346 346 346 345 345 346 346 345 345 350 350 350 350 350 348 END
START 360 361 362 361 362 361 376 376 377 377 376 376 393 392 392 393 392 392 END
START 402 403 404 402 403 402 406 404 405 405 404 404 402 401 402 402 401 401 END
START 405 404 405 405 405 404 400 400 400 400 399 399 400 399 400 400 399 399 END
START 391 390 391 390 391 390 393 392 393 392 392 391 385 384 384 384 384 382 END
START 366 367 367 367 367 367 372 371 372 371 370 370 374 374 374 374 373 373 END
START 387 389 389 390 390 390 409 409 408 409 408 408 435 434 434 435 435 435 END
START 450 451 452 451 451 451 454 454 454 454 453 453 453 452 452 453 453 452 END
START 446 444 445 444 444 444 438 437 437 437 437 436 431 430 431 431 430 430 END
START 425 424 424 424 424 423 412 411 411 412 411 410 402 401 401 403 402 401 END
START 395 394 395 394 394 394 388 388 388 388 387 387 387 387 387 387 386 386 END
START 374 375 375 374 375 374 372 373 372 372 372 371 370 370 370 369 369 369 END
START 365 366 366 366 366 365 361 360 359 360 359 358 355 356 355 356 355 355 END
START 353 354 355 354 354 354 355 354 355 355 355 354 335 333 334 335 333 333 END
START 301 302 302 301 301 300 279 278 279 279 278 277 269 268 268 269 268 267 END