START 361 362 361 361 363 361 363 361 363 363 363 363 363 363 364 364 363 364 END
START 372 373 374 373 373 372 370 371 370 371 370 369 371 372 370 371 371 370 END
START 367 368 369 368 368 368 376 375 375 376 375 374 371 371 370 371 371 370 END
START 368 370 370 369 370 369 361 361 360 362 361 360 362 361 360 362 361 360 END
START 368 369 369 369 368 368 361 362 361 362 362 361 364 364 363 364 363 362 END
START 360 361 361 361 361 360 359 360 360 361 360 359 357 357 356 357 356 355 END
START 354 355 356 355 356 356 359 359 358 358 357 357 361 360 361 362 360 360 END
START 367 367 367 367 367 367 366 365 366 366 365 365 366 366 365 366 365 365 END
START 363 364 364 364 364 364 368 368 367 368 367 367 368 369 368 368 368 367 END
START 366 367 368 367 367 367 369 370 369 369 368 368 365 366 365 365 364 364 END
START 366 367 367 366 367 366 369 369 369 369 368 368 369 369 368 369 368 368 END
START 367 368 368 367 368 368 367 367 367 368 367 367 370 370 370 370 370 369 END
START 370 371 372 371 371 371 367 367 367 367 366 365 357 357 356 357 356 356 END
START 357 357 358 357 357 357 358 358 357 357 357 356 366 365 366 367 366 365 END
START 368 369 369 368 369 368 377 376 377 377 376 376 377 378 377 378 376 376 END
START 375 376 377 376 376 376 367 367 366 366 366 365 387 387 386 388 387 387 END
START 433 434 434 434 435 434 444 444 443 444 443 443 453 453 454 453 453 452 END
START 456 454 454 454 454 454 449 449 449 449 448 448 449 448 450 449 449 448 END
START 437 436 436 436 436 435 429 429 429 429 428 428 419 419 420 419 419 418 END
START 412 411 412 412 411 411 403 403 401 403 401 401 398 397 398 398 397 397 END
START 388 387 388 387 387 386 379 380 380 380 380 379 383 383 383 383 383 382 END
START 330 331 332 330 330 330 293 293 293 292 291 291 263 262 262 262 261 261 END
START 240 241 241 240 241 240 249 249 249 249 249 248 257 258 257 258 257 256 END
START 269 270 271 270 270 270 278 278 279 279 278 277 285 285 286 286 285 284 END