START 372 373 372 372 373 373 375 374 375 375 375 375 374 374 374 374 372 374 END
START 365 366 366 366 367 366 357 356 356 356 355 354 354 353 352 353 353 352 END
START 341 341 341 340 340 340 339 338 339 339 339 338 343 342 342 342 341 341 END
START 347 348 348 348 348 348 353 352 352 353 353 352 351 351 351 350 349 348 END
START 328 329 330 329 331 330 312 312 312 313 311 312 316 317 317 316 316 314 END
START 320 321 321 320 321 320 338 337 338 340 340 338 356 355 356 358 357 357 END
START 364 366 366 366 366 366 377 377 378 378 377 376 377 377 377 377 376 376 END
START 372 372 373 372 371 370 373 373 373 373 372 371 368 367 367 367 366 366 END
START 376 377 378 376 377 376 383 382 381 381 380 379 355 354 353 351 351 349 END
START 372 373 374 374 374 374 380 381 382 383 384 384 369 369 369 370 369 368 END
START 350 351 351 349 348 347 329 330 330 330 329 329 341 340 339 338 337 335 END
START 359 360 361 360 361 360 341 342 342 344 344 344 398 397 397 399 398 398 END
START 429 430 430 429 429 428 427 427 427 427 426 426 452 450 450 449 447 447 END
START 445 444 446 448 449 450 485 484 484 483 482 481 473 473 472 471 469 468 END
START 446 445 447 448 448 448 455 456 456 457 457 457 455 455 454 455 454 454 END
START 437 436 437 436 437 436 409 409 410 411 411 410 420 419 420 419 418 417 END
START 412 410 411 409 409 408 400 399 399 399 397 396 397 396 395 395 394 393 END
START 397 396 397 397 398 397 382 381 382 382 381 381 387 386 386 386 385 384 END
START 357 358 357 356 356 356 367 368 368 367 367 367 368 369 369 368 368 367 END
START 349 350 350 350 351 350 351 351 351 351 351 349 328 328 327 328 326 326 END
START 291 292 292 291 291 291 257 256 256 255 254 253 260 261 260 261 261 260 END