START 395 395 394 393 393 392 388 387 388 388 388 389 389 390 391 391 390 391 END
START 394 395 396 395 396 396 359 359 360 360 360 361 389 390 390 390 390 390 END
START 377 375 374 370 369 368 394 394 394 395 394 394 401 401 402 402 402 403 END
START 381 383 384 384 386 386 389 388 388 388 387 387 390 390 391 391 390 390 END
START 394 394 394 393 394 394 400 401 401 401 401 401 403 403 403 403 402 402 END
START 400 401 402 401 402 402 392 392 392 393 392 392 386 387 386 387 386 385 END
START 399 399 400 399 399 398 377 376 378 378 378 378 399 399 399 398 397 397 END
START 406 407 408 408 409 409 391 391 391 391 391 390 408 408 409 410 410 409 END
START 398 397 398 396 397 396 398 398 398 398 398 398 401 401 401 401 400 400 END
START 404 405 406 406 407 408 448 447 447 447 446 446 460 460 460 460 460 460 END
START 469 468 469 467 468 467 483 483 484 483 483 483 472 473 473 474 474 474 END
START 482 480 480 478 478 477 484 484 485 484 484 484 468 467 467 466 466 465 END
START 459 458 459 458 459 459 450 451 451 451 451 451 454 455 455 457 457 457 END
START 450 449 450 448 448 448 445 445 445 445 445 445 433 433 433 433 433 433 END
START 449 447 448 447 448 448 433 433 434 433 433 432 428 427 427 427 426 426 END
START 414 413 414 413 414 414 422 422 422 423 422 422 409 409 408 408 407 406 END