START 349 350 349 349 350 350 352 351 352 352 352 352 352 351 352 351 350 352 END
START 350 351 351 350 351 350 345 344 346 346 345 345 351 350 351 351 350 350 END
START 349 350 350 350 350 350 363 363 363 363 362 362 358 357 358 359 358 358 END
START 379 381 381 382 383 383 387 386 385 384 383 382 354 353 354 355 355 355 END
START 348 347 346 342 342 340 352 352 352 351 351 350 377 376 377 377 377 376 END
START 397 398 398 397 398 397 411 411 411 412 411 411 437 437 437 438 438 438 END
START 401 401 401 399 400 400 431 431 431 431 429 429 390 389 389 390 389 389 END
START 405 406 407 407 407 408 425 426 426 427 427 427 432 432 433 433 433 433 END
START 409 408 409 408 409 409 425 425 425 426 426 425 425 424 424 426 425 425 END
START 413 412 413 414 414 414 407 408 407 407 406 405 414 413 412 412 410 409 END
START 410 409 409 408 408 407 394 394 394 395 394 394 397 397 398 398 398 397 END
START 387 386 387 386 387 387 403 402 403 403 402 402 423 422 422 421 420 420 END
START 401 401 401 400 400 400 429 429 429 429 428 427 408 409 408 410 410 409 END
START 396 394 395 393 394 394 397 398 398 401 401 402 436 435 436 436 435 434 END
START 451 452 453 453 454 454 489 490 490 491 491 491 486 485 485 485 484 483 END
START 464 464 465 464 465 465 480 479 479 478 477 477 478 478 479 478 479 479 END
START 469 468 469 469 470 470 467 467 466 467 466 466 455 455 455 456 455 455 END
START 446 445 446 446 447 447 462 463 462 463 463 463 437 437 438 438 438 437 END
START 433 432 433 433 433 433 425 425 424 424 423 422 429 428 427 427 426 425 END
START 431 429 430 429 429 428 422 423 422 423 423 423 418 419 418 420 420 419 END