START 363 364 362 363 363 363 363 362 363 363 363 363 362 362 362 362 361 362 END
START 361 362 362 362 362 362 365 366 365 366 365 363 358 358 358 358 358 357 END
START 360 361 362 361 361 360 360 360 359 360 359 358 360 359 360 360 359 359 END
START 360 361 361 361 360 360 362 361 362 362 361 361 357 356 357 357 356 355 END
START 357 358 359 358 359 359 364 364 364 364 363 363 363 362 363 363 362 362 END
START 357 357 358 357 358 357 357 357 357 357 356 356 359 360 359 359 359 358 END
START 354 355 355 355 354 354 362 361 362 362 361 361 356 355 356 356 354 354 END
START 344 345 345 344 345 344 343 343 343 343 342 342 335 334 335 335 335 334 END
START 328 329 329 329 329 328 320 320 321 320 320 319 321 320 320 321 320 320 END
START 326 327 328 327 328 327 345 346 345 346 346 345 368 368 368 368 368 368 END
START 391 392 393 392 393 392 406 407 407 407 406 405 406 406 405 406 405 404 END
START 403 403 404 403 404 404 396 397 397 397 396 396 395 395 396 396 395 394 END
START 390 388 390 389 389 388 389 388 389 389 389 389 385 385 385 385 384 384 END
START 384 385 385 385 385 384 374 374 374 374 373 373 376 377 376 376 376 375 END
START 370 371 371 371 371 370 359 359 358 358 357 356 354 353 352 353 353 352 END
START 343 344 345 344 344 344 336 336 337 337 336 335 334 333 334 334 333 333 END
START 335 336 337 336 337 336 354 354 353 354 354 353 359 358 357 359 357 357 END
START 377 379 379 379 379 379 393 392 393 393 392 392 405 404 405 405 404 404 END
START 421 422 423 422 422 422 430 429 430 430 429 429 435 436 436 436 436 435 END
START 431 430 431 430 430 429 429 430 429 430 429 429 423 422 422 423 422 421 END
START 419 417 418 418 418 417 412 413 411 413 411 411 411 411 410 411 410 410 END
START 414 413 414 413 414 413 405 405 405 406 406 405 401 401 401 402 401 401 END
START 394 393 393 393 394 393 390 391 390 391 390 390 386 386 386 386 385 384 END
START 369 370 370 369 369 369 364 364 363 363 362 362 356 357 356 356 356 355 END
START 351 352 353 352 352 352 344 344 344 345 344 343 347 346 347 347 347 346 END
START 340 341 342 341 341 341 343 343 344 344 344 342 344 344 345 344 344 343 END
START 341 342 342 342 342 341 344 345 345 345 344 344 334 335 334 334 333 332 END
START 310 310 311 310 310 310 288 288 289 288 288 287 273 272 272 273 272 272 END