START 386 386 385 385 386 385 384 383 384 384 384 385 385 386 386 386 385 386 END
START 379 380 381 380 380 380 368 369 369 369 369 369 373 373 373 372 372 371 END
START 370 371 372 371 372 372 317 317 316 315 314 313 347 347 347 348 348 348 END
START 378 379 380 380 382 382 379 378 378 377 375 374 387 387 387 387 386 385 END
START 420 421 422 422 423 423 379 379 379 380 380 380 431 431 430 428 427 426 END
START 408 407 409 408 409 408 387 387 386 386 385 385 376 376 375 375 374 373 END
START 370 369 370 368 369 369 375 375 375 374 374 373 375 374 373 374 373 372 END
START 392 393 394 394 394 394 379 378 378 379 378 378 375 374 374 374 373 372 END
START 380 380 381 380 380 380 388 388 389 390 390 390 385 385 385 385 384 384 END
START 388 388 388 387 387 386 381 381 381 382 382 383 387 387 388 387 387 387 END
START 372 373 373 372 372 372 351 352 353 353 354 354 356 356 355 355 355 355 END
START 362 364 364 366 367 367 370 369 371 371 371 371 412 412 412 411 410 410 END
START 409 409 408 406 406 405 452 452 451 451 450 450 438 438 439 440 439 439 END
START 473 471 471 468 467 465 475 474 473 469 467 465 472 472 472 473 473 473 END
START 475 474 474 473 473 472 457 457 456 456 456 455 471 471 471 471 471 470 END
START 456 455 455 454 455 454 468 468 469 470 469 470 444 443 442 441 440 439 END
START 458 457 458 457 457 457 450 451 451 451 451 451 439 439 439 438 437 437 END
START 443 443 444 444 445 446 425 425 426 426 426 425 434 433 432 431 430 429 END
START 433 432 433 433 434 434 429 430 429 428 427 427 417 417 417 417 416 416 END
START 407 406 407 407 408 408 394 395 394 395 395 394 361 360 361 361 360 360 END
START 315 314 315 313 314 313 280 280 281 281 281 281 307 308 307 308 307 306 END