START 365 366 364 364 366 365 366 365 366 367 367 367 367 368 368 368 367 368 END
START 368 369 369 368 368 368 372 373 371 372 372 371 373 372 372 373 372 371 END
START 368 369 369 369 369 369 368 368 367 368 367 366 365 365 364 365 365 364 END
START 369 370 370 370 370 370 364 364 364 364 364 363 368 368 368 369 367 367 END
START 367 368 368 367 368 367 368 368 368 368 368 367 371 371 371 371 370 370 END
START 367 368 368 369 369 368 370 370 370 370 370 369 368 367 367 367 366 366 END
START 367 368 368 368 369 368 368 368 367 368 367 367 367 367 366 367 366 366 END
START 362 363 364 363 363 363 366 367 365 367 366 365 365 366 365 365 364 364 END
START 357 358 359 357 358 358 348 348 347 347 346 346 336 335 335 335 334 334 END
START 320 320 321 320 320 320 312 312 313 312 311 311 307 307 306 308 307 306 END
START 306 307 307 306 306 306 305 305 305 306 305 304 312 312 313 313 312 311 END
START 328 329 330 329 330 330 354 354 355 355 354 353 375 374 375 375 375 375 END
START 392 393 394 394 394 393 394 393 394 394 393 393 391 391 390 391 391 390 END
START 394 395 395 394 394 394 390 390 390 390 390 389 391 390 391 390 390 389 END
START 387 388 388 388 389 388 389 389 389 389 388 388 380 379 379 379 379 378 END
START 368 368 369 368 369 368 365 365 365 365 364 364 362 361 361 363 361 361 END
START 370 372 371 371 372 372 391 391 390 391 391 390 417 418 417 419 417 417 END
START 443 444 443 444 444 444 465 464 465 464 464 464 472 472 472 472 471 471 END
START 469 468 469 469 469 468 462 461 460 461 460 460 450 450 449 450 449 449 END
START 447 445 447 446 446 446 431 432 431 432 430 430 424 425 425 424 424 423 END
START 416 415 415 415 415 415 407 407 406 407 407 406 400 400 399 400 399 398 END
START 389 388 389 389 388 388 386 386 386 386 385 385 381 381 381 380 380 380 END
START 374 375 375 374 375 374 369 369 369 369 368 368 366 366 367 366 365 365 END
START 361 362 362 362 362 361 357 358 358 358 357 357 355 355 355 355 354 354 END
START 348 350 350 349 349 350 351 350 351 351 351 350 348 347 349 349 348 347 END
START 348 349 350 349 349 349 336 336 336 336 335 334 315 316 316 316 315 314 END
START 285 286 287 286 286 285 271 270 269 271 270 269 279 278 278 279 278 278 END