START 371 372 370 371 371 372 372 372 372 373 373 372 373 374 373 374 372 373 END
START 367 368 369 368 368 368 371 370 370 371 371 370 372 371 371 372 370 371 END
START 368 370 370 369 369 369 369 368 368 369 368 367 363 363 363 364 363 362 END
START 363 364 365 364 364 364 356 356 356 356 356 355 360 361 360 361 360 360 END
START 352 352 353 352 353 352 357 356 357 357 357 356 369 369 368 369 368 367 END
START 373 374 375 374 375 374 375 374 375 375 374 373 375 375 375 376 375 374 END
START 377 378 379 378 378 378 375 375 374 375 375 374 372 371 371 372 371 371 END
START 366 367 366 366 367 366 370 369 369 370 369 369 373 373 373 373 373 372 END
START 365 365 366 365 366 364 370 371 370 370 370 370 362 361 361 362 361 360 END
START 356 357 357 357 357 356 348 347 347 347 347 346 347 347 347 348 347 346 END
START 353 354 355 354 354 354 364 364 364 365 363 364 379 379 379 379 378 378 END
START 377 378 378 377 377 377 378 379 378 378 378 377 373 372 372 372 372 371 END
START 363 363 364 363 364 363 361 361 360 361 360 359 367 366 366 367 366 366 END
START 365 365 366 365 365 365 374 374 374 375 375 374 413 413 412 413 412 412 END
START 437 439 439 439 439 439 449 448 448 449 448 448 453 452 452 452 451 451 END
START 451 449 451 450 450 450 440 440 440 440 439 439 437 436 437 438 436 436 END
START 426 425 426 425 426 425 418 418 417 419 418 418 416 416 415 417 416 415 END
START 404 403 404 403 403 402 404 403 403 404 403 402 398 397 397 398 397 396 END
START 389 387 389 388 388 388 377 378 377 377 375 374 339 338 338 338 337 336 END
START 295 296 297 295 295 295 260 259 259 259 259 258 263 264 262 264 263 263 END
START 265 266 267 266 267 266 279 278 279 279 278 277 282 282 282 282 282 281 END
START 291 293 293 293 293 293 300 300 300 300 300 299 302 303 303 302 302 302 END