START 379 379 379 378 379 378 378 376 377 377 377 377 375 376 375 376 375 376 END
START 375 376 376 376 376 376 376 376 376 376 375 375 377 376 376 377 377 376 END
START 374 375 375 374 375 374 375 375 375 376 375 375 374 374 374 375 373 373 END
START 371 372 372 372 372 371 376 376 376 377 375 375 367 367 366 367 366 365 END
START 362 363 364 363 364 362 351 351 351 351 350 349 341 342 341 342 341 341 END
START 340 340 341 340 340 340 333 332 333 333 332 332 334 334 335 335 334 333 END
START 337 338 339 338 338 338 354 354 353 355 354 354 371 370 370 371 370 370 END
START 400 401 401 401 402 400 413 412 413 413 412 411 411 411 411 412 411 411 END
START 415 413 414 413 414 413 403 402 403 403 402 402 403 403 404 404 404 404 END
START 399 397 398 398 399 398 406 407 407 407 406 405 396 396 396 396 396 394 END
START 393 394 394 394 394 393 391 390 391 391 390 389 405 405 405 405 405 404 END
START 413 414 414 413 413 413 422 421 422 422 422 421 434 434 434 434 433 433 END
START 433 432 432 432 432 431 437 436 436 437 436 436 434 433 433 434 433 432 END
START 424 423 424 423 423 423 413 412 412 413 412 412 399 398 398 399 398 397 END
START 398 397 398 397 398 396 384 383 384 384 384 383 377 376 377 377 377 377 END
START 370 371 372 371 372 371 367 367 367 366 367 366 363 362 362 363 362 362 END
START 357 358 359 358 359 358 359 360 359 359 359 358 354 354 354 354 354 353 END
START 355 356 357 355 356 355 351 350 351 351 351 350 350 349 350 350 350 349 END
START 346 348 348 347 348 347 351 350 351 351 351 350 350 349 350 350 348 347 END
START 347 349 349 349 349 349 333 332 333 333 332 331 310 310 310 310 309 308 END