START 358 359 357 358 359 359 359 358 359 359 360 359 360 360 361 361 359 361 END
START 355 355 356 355 355 355 358 358 358 358 357 356 361 360 361 361 360 360 END
START 358 359 360 360 360 360 363 362 363 363 362 362 358 359 358 359 357 357 END
START 362 364 364 364 364 364 360 361 360 361 360 359 359 359 359 360 358 358 END
START 361 362 362 361 361 361 359 359 358 359 359 358 365 364 365 365 364 364 END
START 360 360 361 360 360 360 363 362 362 363 362 361 366 367 366 366 365 364 END
START 364 365 365 365 365 365 358 358 357 357 355 355 349 350 349 350 349 349 END
START 345 345 346 345 345 345 339 338 339 339 338 338 334 335 335 335 334 334 END
START 335 336 336 336 336 336 349 349 348 349 348 347 360 360 359 360 360 359 END
START 376 377 378 377 378 378 390 390 390 390 389 389 397 397 397 397 397 396 END
START 396 397 398 397 397 397 391 391 391 391 390 390 391 391 391 391 391 391 END
START 385 385 386 385 385 384 387 387 387 387 387 386 384 383 384 383 383 382 END
START 380 381 381 381 382 381 379 380 379 379 378 377 378 378 378 378 377 377 END
START 376 377 377 377 378 377 374 373 373 374 373 373 374 374 373 374 374 373 END
START 365 366 366 366 366 366 372 372 371 372 371 371 371 370 370 371 370 370 END
START 368 369 369 369 370 369 373 372 371 372 371 371 369 368 368 369 368 368 END
START 364 365 365 364 364 364 357 356 356 356 356 355 353 353 353 353 353 352 END
START 338 339 339 339 338 339 335 335 336 336 336 335 333 333 334 334 334 333 END
START 326 327 327 326 327 327 331 330 330 331 330 330 340 339 339 340 339 339 END
START 354 355 355 355 356 355 363 362 361 363 362 362 380 380 380 381 380 380 END
START 398 398 399 398 398 398 400 401 400 401 400 400 399 399 398 398 398 397 END
START 388 389 389 388 389 388 395 395 395 395 394 394 391 390 390 390 389 389 END
START 387 388 388 388 388 387 383 382 382 382 382 381 386 387 387 387 386 386 END
START 375 375 376 375 376 375 375 376 376 375 375 375 381 380 381 380 379 379 END
START 396 398 399 398 399 398 425 425 424 425 425 425 429 428 427 428 428 427 END
START 433 433 434 433 434 433 431 431 430 431 430 430 422 423 422 423 422 422 END
START 417 416 417 416 416 416 410 409 409 410 409 408 408 409 408 409 408 408 END
START 400 399 400 399 400 399 397 397 397 397 396 395 387 387 387 387 386 386 END
START 386 388 388 387 388 387 379 378 379 379 379 378 375 375 375 375 375 374 END
START 370 371 371 370 371 371 367 367 367 368 367 366 369 369 368 369 368 368 END
START 357 358 359 358 358 358 361 361 360 361 360 360 359 359 358 358 358 357 END
START 354 356 356 356 356 356 345 345 345 344 344 343 325 325 326 326 325 325 END