START 415 415 414 414 415 415 415 414 414 415 414 414 413 413 413 413 412 412 END
START 400 398 399 398 398 398 391 390 390 391 390 390 396 396 396 397 396 396 END
START 387 388 389 388 389 388 373 372 373 373 373 372 391 390 390 389 388 387 END
START 390 390 390 389 389 388 387 386 386 386 385 384 373 374 374 375 375 375 END
START 377 378 378 377 377 377 387 387 387 387 387 387 389 389 389 390 389 389 END
START 400 401 401 401 401 401 395 395 395 395 395 395 397 397 397 397 397 397 END
START 393 392 393 393 393 393 405 404 404 403 402 401 394 393 393 392 392 392 END
START 396 397 398 397 397 397 394 394 394 393 392 391 399 398 399 398 398 397 END
START 398 399 400 399 399 399 409 409 410 412 412 412 420 419 419 418 417 417 END
START 420 421 422 421 421 422 415 414 415 415 414 413 413 412 413 413 412 412 END
START 406 405 406 405 406 405 384 383 383 383 383 382 379 379 379 380 379 378 END
START 389 388 389 389 389 389 388 388 388 387 387 387 386 386 385 386 385 384 END
START 386 387 388 387 388 388 387 387 387 386 386 386 429 429 429 428 428 427 END
START 469 470 471 470 471 471 479 479 480 479 479 478 488 488 488 488 487 487 END
START 478 477 477 476 477 476 468 467 467 467 467 466 465 465 465 464 464 464 END
START 454 453 453 452 453 452 461 461 460 461 460 460 463 463 463 463 463 462 END
START 461 460 461 460 461 461 439 439 439 440 439 439 448 448 447 448 448 448 END
START 441 439 440 438 439 438 421 421 421 421 421 420 421 421 421 421 420 420 END
START 415 414 415 414 414 414 416 416 415 415 414 413 379 380 378 380 379 379 END
START 339 338 338 338 338 338 311 310 311 311 311 310 309 308 308 308 308 308 END