START 397 397 396 395 396 395 394 393 394 393 393 393 390 390 391 390 389 390 END
START 395 396 396 396 396 395 379 379 380 380 380 380 385 385 386 386 386 386 END
START 388 390 390 390 391 391 393 393 393 392 392 392 402 402 403 403 403 403 END
START 374 375 375 374 375 374 371 370 370 368 368 367 352 352 352 352 352 351 END
START 366 367 367 367 368 368 372 374 374 375 375 375 393 393 393 394 394 394 END
START 401 401 402 401 401 401 423 424 424 425 425 425 425 424 425 424 424 423 END
START 417 416 417 416 416 415 412 412 411 409 408 406 413 414 414 415 415 415 END
START 436 435 436 436 437 437 408 409 409 409 409 408 400 398 398 396 395 393 END
START 388 386 386 384 384 383 373 375 376 379 380 380 401 401 402 401 402 402 END
START 405 406 406 405 405 404 412 411 409 406 404 402 398 399 400 401 401 401 END
START 402 400 400 398 398 397 406 406 407 408 408 408 379 379 379 380 380 380 END
START 400 401 401 399 399 397 414 414 414 413 412 411 425 426 426 427 428 428 END
START 456 457 457 456 457 457 482 481 480 479 478 477 471 471 470 469 468 466 END
START 489 488 490 490 491 491 450 450 449 451 450 451 464 465 465 467 467 467 END
START 450 448 448 446 446 446 444 444 444 445 445 445 439 439 437 437 436 436 END
START 463 461 460 457 457 456 452 454 455 457 458 459 440 438 436 434 432 431 END
START 453 451 451 448 448 447 458 457 458 458 457 457 440 440 440 442 442 442 END
START 431 429 430 429 429 429 428 427 427 427 427 426 421 422 422 422 422 422 END