START 356 357 356 356 357 356 357 356 357 357 357 357 357 358 358 357 356 358 END
START 358 359 359 359 359 359 361 360 362 361 361 360 362 360 361 361 360 359 END
START 360 361 361 360 361 360 358 358 357 358 357 356 363 364 363 364 363 362 END
START 361 362 362 362 362 362 361 360 361 361 360 360 365 366 365 366 365 364 END
START 362 364 364 364 363 363 365 366 365 365 365 364 365 365 365 365 364 364 END
START 362 363 363 364 364 363 354 355 354 354 354 353 349 349 348 348 348 347 END
START 338 338 339 338 338 338 327 326 327 327 326 326 330 330 331 331 330 329 END
START 329 330 331 330 330 329 336 336 336 336 336 335 345 344 344 345 344 343 END
START 365 366 367 366 367 366 389 388 387 389 389 388 403 403 403 403 402 402 END
START 406 407 408 406 407 406 400 400 400 399 399 399 403 403 403 404 403 402 END
START 395 393 394 394 395 394 394 393 394 394 393 393 391 391 392 392 390 390 END
START 386 387 387 387 388 387 387 386 387 386 386 385 373 373 374 373 373 372 END
START 365 366 366 365 365 364 347 347 348 347 346 346 336 336 336 337 336 335 END
START 327 328 329 328 328 328 325 326 326 326 325 324 331 330 329 331 330 330 END
START 337 338 339 338 338 338 358 358 358 359 358 358 374 374 373 375 374 374 END
START 403 404 404 404 404 404 422 421 422 422 421 421 440 440 439 440 439 439 END
START 454 453 454 453 454 454 457 458 457 458 457 457 455 454 453 454 454 453 END
START 450 449 450 449 450 450 442 441 442 442 441 440 432 431 432 432 431 430 END
START 427 426 427 426 427 426 414 413 414 413 413 412 413 411 411 413 412 411 END
START 401 400 400 400 400 399 392 391 391 392 391 390 388 388 388 388 388 387 END
START 383 382 383 382 382 382 378 378 378 377 377 376 372 372 372 371 370 370 END
START 367 368 368 368 368 368 360 359 359 360 359 359 358 358 358 358 358 357 END
START 355 356 356 356 356 355 340 339 339 339 339 338 316 315 316 316 315 314 END