START 374 375 374 374 375 375 376 375 376 376 377 377 377 378 378 378 377 378 END
START 365 366 366 366 367 367 374 374 374 374 374 373 373 373 373 373 372 372 END
START 376 377 377 377 377 376 358 358 359 361 362 362 385 384 384 384 383 383 END
START 389 390 391 390 390 390 363 364 364 364 364 363 366 364 362 357 355 353 END
START 384 384 384 382 382 381 370 370 369 368 367 366 395 395 395 396 396 395 END
START 408 408 407 405 405 404 391 391 391 392 391 391 403 402 401 400 399 398 END
START 414 413 414 413 414 414 407 406 406 406 406 406 417 416 415 412 411 410 END
START 402 402 403 404 405 405 399 401 402 405 405 406 414 414 414 415 414 413 END
START 411 409 410 407 406 405 383 383 383 382 381 381 423 424 424 426 425 426 END
START 416 415 416 415 416 415 422 423 423 424 424 424 406 407 407 408 408 408 END
START 411 411 412 413 414 415 411 411 410 411 410 410 406 406 406 405 404 403 END
START 422 421 422 422 422 422 398 397 397 395 394 393 418 418 418 419 418 418 END
START 475 474 474 472 472 471 466 466 467 466 466 466 473 472 471 470 469 467 END
START 501 500 500 499 498 497 473 474 474 475 475 475 473 474 474 474 474 474 END
START 474 474 475 475 476 476 485 485 486 487 487 487 470 470 470 472 472 472 END
START 467 466 467 466 467 467 431 431 431 431 431 431 447 446 446 447 446 446 END
START 442 441 441 440 441 440 421 421 421 422 422 421 409 408 408 407 406 404 END
START 356 354 355 354 355 354 332 331 331 331 330 329 324 324 325 326 325 325 END