START 379 378 377 376 377 376 372 371 371 371 371 370 366 366 366 365 364 364 END
START 368 369 369 368 368 367 364 363 363 364 363 363 368 369 368 368 367 367 END
START 364 366 366 367 367 367 373 375 374 376 375 375 361 362 361 362 361 362 END
START 357 358 358 356 356 356 376 375 375 375 374 374 376 376 375 375 374 373 END
START 373 374 374 372 373 372 373 372 371 372 372 371 369 369 368 370 370 369 END
START 370 372 372 372 373 372 371 370 370 371 370 370 375 375 374 375 375 374 END
START 366 368 369 368 368 368 368 367 366 366 365 364 364 363 363 364 363 363 END
START 350 351 352 351 350 350 342 342 342 344 343 343 320 319 319 319 318 317 END
START 327 328 330 329 330 330 324 324 324 324 323 322 319 319 320 321 319 319 END
START 311 312 313 313 314 314 352 353 352 352 351 350 367 366 367 368 367 367 END
START 386 387 388 387 388 388 395 393 394 394 393 393 401 401 400 400 399 399 END
START 395 396 395 395 395 394 399 398 399 398 397 397 396 395 395 394 393 392 END
START 395 396 397 396 396 395 385 385 386 386 386 386 384 384 384 384 384 384 END
START 385 386 387 387 387 386 381 381 381 380 380 379 367 367 367 367 366 366 END
START 360 361 361 360 361 360 356 356 357 356 356 356 363 363 363 364 362 362 END
START 361 362 362 361 361 360 367 365 366 365 364 363 363 364 363 364 363 363 END
START 366 367 368 368 369 368 363 363 363 363 363 362 363 363 362 362 361 360 END
START 346 346 346 345 345 344 337 338 337 338 337 336 328 329 328 330 329 328 END
START 323 324 325 323 324 322 314 313 313 315 314 313 323 323 322 323 322 321 END
START 342 343 344 343 343 342 356 356 356 357 356 356 366 366 366 367 366 366 END
START 387 388 388 387 387 387 402 400 401 401 400 400 400 399 399 399 398 397 END
START 399 400 401 399 399 399 391 391 391 392 391 391 395 394 394 394 394 394 END
START 412 413 414 413 414 414 435 433 435 433 433 433 448 447 448 447 447 447 END
START 460 459 460 460 460 460 449 449 448 450 449 449 447 447 447 446 446 445 END
START 434 433 434 433 434 434 433 433 434 434 433 432 420 420 420 420 419 418 END
START 412 410 412 411 412 410 406 405 404 406 405 405 400 399 400 400 399 398 END
START 394 393 394 394 395 394 386 387 386 387 386 385 381 381 381 380 380 380 END
START 375 376 375 375 375 374 370 370 370 369 369 368 374 374 374 373 373 372 END
START 359 360 361 360 361 360 360 360 360 360 360 359 355 355 355 356 355 354 END
START 356 356 357 357 357 357 349 349 349 350 348 348 351 350 351 351 350 350 END
START 336 337 337 336 335 335 315 315 316 315 314 313 285 283 284 284 283 282 END