START 398 399 398 398 399 398 399 398 399 399 399 399 399 400 400 400 399 400 END
START 384 385 385 384 384 383 382 381 382 382 382 381 387 386 387 386 385 385 END
START 371 372 373 374 375 376 370 371 371 371 371 370 363 363 362 361 361 359 END
START 342 343 343 342 342 342 321 320 320 320 319 319 328 328 328 329 328 328 END
START 364 365 365 364 364 364 390 390 390 390 390 389 410 410 409 409 408 407 END
START 406 406 406 404 405 404 420 419 420 419 419 419 403 402 402 402 400 400 END
START 398 397 398 397 398 398 403 403 403 403 402 401 429 429 430 431 431 431 END
START 478 480 480 480 481 481 493 494 494 494 494 494 517 517 517 519 519 519 END
START 510 510 510 510 511 510 487 487 487 486 486 486 492 491 491 490 488 487 END
START 483 482 483 483 484 484 477 477 477 476 476 475 472 472 472 471 471 470 END
START 468 467 468 468 469 469 465 465 465 467 466 467 452 452 451 452 452 452 END
START 453 452 453 452 453 453 450 450 449 449 448 448 441 440 440 440 439 439 END
START 440 440 440 439 440 440 436 436 436 435 434 434 410 410 409 410 409 409 END
START 433 432 434 434 434 434 425 425 424 426 425 425 422 423 423 423 422 422 END
START 396 395 396 395 395 395 346 347 346 347 346 346 319 319 318 318 317 316 END