START 366 367 366 366 367 366 368 367 368 369 369 369 370 370 371 370 369 370 END
START 367 368 369 368 368 368 372 373 373 373 372 372 377 378 377 377 377 376 END
START 378 379 379 379 380 378 382 381 381 381 381 380 379 379 378 379 378 378 END
START 383 384 385 385 385 384 385 385 385 384 384 384 390 390 390 391 389 389 END
START 381 381 382 381 382 381 386 387 386 386 386 386 388 388 388 387 388 387 END
START 388 388 389 388 389 388 379 379 380 379 378 378 366 367 366 366 366 365 END
START 357 358 358 358 358 358 347 346 347 347 347 347 348 349 348 349 348 348 END
START 343 344 344 344 344 344 344 343 344 343 342 343 348 348 348 348 347 347 END
START 355 356 357 356 356 356 372 371 372 372 371 371 384 384 385 385 384 384 END
START 402 403 403 403 403 402 406 405 405 406 405 405 406 407 407 406 406 406 END
START 409 407 409 408 408 408 406 406 406 406 405 405 405 406 406 406 405 405 END
START 403 402 403 402 403 402 401 402 401 401 400 400 402 402 402 402 401 400 END
START 398 397 398 398 398 398 383 383 384 383 383 382 379 380 379 380 379 378 END
START 386 387 388 387 387 387 391 392 392 391 392 391 410 409 410 410 410 409 END
START 429 430 430 430 431 431 447 446 447 447 446 446 451 451 451 452 450 450 END
START 448 447 449 448 448 448 443 444 444 444 443 443 434 432 433 433 433 432 END
START 426 425 426 425 425 424 414 414 415 415 414 413 406 406 406 407 406 406 END
START 397 396 397 396 396 396 394 394 394 395 394 393 386 386 386 386 385 384 END
START 377 378 378 377 378 377 368 367 367 367 366 366 362 362 362 362 362 361 END
START 359 361 361 360 360 360 358 358 358 359 358 358 357 357 356 356 356 355 END
START 352 352 353 352 353 352 350 349 350 350 350 349 347 346 347 347 346 345 END
START 344 345 346 345 346 345 345 344 345 345 344 343 341 342 342 342 341 341 END
START 335 335 336 335 335 334 307 307 307 307 306 305 285 285 286 286 284 284 END
START 259 260 260 259 259 259 242 242 242 243 242 242 250 250 250 250 250 250 END