START 378 378 376 377 377 377 376 376 376 376 376 377 375 375 375 374 374 374 END
START 376 377 377 377 377 377 372 372 371 372 371 370 371 371 370 371 371 370 END
START 370 371 371 370 370 370 375 374 374 375 374 374 374 374 373 374 373 373 END
START 371 371 372 371 372 371 373 372 372 373 372 372 371 370 370 370 369 368 END
START 373 374 375 374 375 374 358 357 357 357 356 355 355 356 356 356 355 355 END
START 346 347 348 347 347 346 335 334 335 335 334 334 330 329 330 330 330 330 END
START 331 332 332 332 332 331 341 340 340 341 341 339 344 344 343 344 344 342 END
START 355 356 356 356 357 356 370 370 371 371 370 369 380 380 381 380 380 379 END
START 390 391 392 390 391 390 389 389 388 389 389 388 390 390 391 390 390 389 END
START 385 385 386 385 386 385 388 389 388 389 388 388 382 382 382 381 381 381 END
START 379 380 381 381 381 381 385 384 384 384 383 383 378 378 378 378 377 377 END
START 374 375 376 375 375 374 378 379 379 378 378 377 379 378 378 378 378 377 END
START 368 369 369 369 369 369 370 370 370 371 370 370 367 367 366 367 366 366 END
START 356 357 357 358 358 358 360 359 359 360 358 358 358 359 358 359 358 356 END
START 369 370 370 370 371 370 391 391 392 392 392 391 418 418 418 419 418 418 END
START 436 437 437 437 437 436 452 452 452 452 451 451 448 447 448 449 448 447 END
START 439 438 439 438 439 438 429 428 429 429 428 427 417 417 417 417 416 416 END
START 415 413 415 413 414 413 400 400 400 401 400 400 391 391 392 393 391 391 END
START 384 383 383 383 383 383 381 381 382 382 381 381 379 378 379 379 378 378 END
START 367 369 369 368 369 368 369 370 369 369 369 368 365 365 364 365 364 363 END
START 364 365 366 365 365 365 357 357 356 357 356 356 357 357 356 357 356 356 END
START 354 356 356 355 355 354 356 356 356 357 355 355 346 345 347 346 345 344 END