START 377 378 377 377 377 377 378 376 378 378 378 378 378 378 378 378 378 379 END
START 377 378 378 378 378 377 380 379 379 380 379 379 379 378 378 379 378 378 END
START 373 374 374 373 374 374 380 379 379 379 379 378 377 376 375 376 375 374 END
START 377 378 379 378 378 377 379 378 378 378 377 377 374 373 373 374 373 373 END
START 371 373 373 372 372 372 376 375 375 376 376 375 378 377 377 378 377 376 END
START 368 369 370 370 369 369 371 371 371 372 371 370 365 364 364 365 364 363 END
START 360 361 362 361 362 362 357 356 356 357 356 356 353 354 353 354 353 353 END
START 362 363 363 363 363 363 373 372 373 373 372 372 385 385 386 386 385 385 END
START 391 392 392 392 393 392 404 404 403 404 404 403 396 396 396 395 395 394 END
START 390 392 392 391 392 391 389 389 388 388 388 387 383 382 383 382 382 382 END
START 381 381 382 381 381 381 377 378 377 377 376 375 376 376 377 376 375 375 END
START 372 373 373 372 373 372 374 373 373 373 372 373 369 368 368 368 368 367 END
START 370 372 372 372 372 372 369 369 368 369 368 367 365 366 364 365 364 363 END
START 366 367 368 367 367 367 359 359 359 359 359 358 355 356 355 356 355 355 END
START 352 353 353 352 353 351 353 352 353 353 352 352 351 349 350 351 349 349 END
START 334 334 335 334 335 334 321 320 321 320 320 318 317 318 318 318 317 317 END
START 321 322 323 322 323 322 327 328 326 328 327 326 331 330 331 332 331 331 END
START 335 336 336 336 337 336 339 339 339 340 339 338 342 341 340 342 341 340 END
START 341 342 342 342 343 342 347 346 346 347 347 346 380 381 381 381 380 380 END
START 419 421 421 421 422 421 436 436 436 436 435 434 448 449 448 448 448 447 END
START 451 450 451 451 450 450 452 451 451 452 451 450 448 448 448 448 447 446 END
START 438 436 438 437 438 436 434 432 434 433 433 432 425 426 426 425 425 424 END
START 422 421 421 421 422 421 410 409 409 410 409 409 404 404 404 404 403 403 END
START 396 394 395 394 395 394 388 388 388 388 387 386 385 386 386 386 385 385 END
START 378 378 379 379 379 378 378 377 378 377 377 377 374 375 374 374 373 373 END
START 374 375 376 376 376 376 366 365 365 365 364 364 359 358 358 359 359 358 END
START 358 359 359 359 359 358 367 367 366 367 365 364 341 340 340 340 340 339 END