START 369 369 368 368 369 368 369 368 369 370 369 369 369 369 370 370 369 370 END
START 369 369 370 370 370 369 372 373 372 372 371 371 368 368 367 368 367 366 END
START 365 367 367 367 367 366 367 366 366 367 366 365 367 368 367 368 367 366 END
START 367 367 367 367 367 366 371 371 371 371 370 370 369 370 369 370 369 368 END
START 368 369 369 368 368 368 371 370 370 370 370 369 368 369 368 368 367 367 END
START 369 370 371 371 370 370 364 363 362 363 362 362 356 356 355 356 355 355 END
START 346 347 348 346 346 346 340 339 339 340 339 338 336 336 337 337 336 336 END
START 328 330 330 329 330 329 331 331 330 332 331 330 327 326 326 327 326 325 END
START 328 329 330 329 329 329 331 331 330 331 330 330 334 335 333 335 334 334 END
START 342 343 343 342 343 342 354 353 353 355 354 353 369 369 368 370 370 369 END
START 384 386 386 385 386 385 408 407 408 408 407 407 416 415 415 415 415 415 END
START 408 408 409 409 409 408 407 407 407 407 406 405 404 403 404 404 403 403 END
START 401 399 400 400 400 400 393 393 393 393 392 392 396 397 396 397 396 395 END
START 392 390 391 391 391 390 391 391 391 391 390 390 389 387 388 388 387 387 END
START 374 376 376 376 377 375 375 374 374 374 373 373 357 357 358 356 357 355 END
START 351 352 353 352 353 351 342 341 341 342 341 340 339 337 338 338 338 337 END
START 337 338 339 338 338 338 341 342 341 342 340 340 346 345 345 346 346 345 END
START 362 363 364 363 364 364 395 395 396 396 394 395 417 417 418 417 416 416 END
START 444 445 446 445 446 445 449 448 449 448 448 447 452 451 451 452 451 451 END
START 451 450 450 450 450 449 443 442 443 443 442 442 435 434 435 435 435 434 END
START 427 425 427 426 426 425 418 417 418 417 417 416 410 409 409 410 409 409 END
START 408 407 407 407 408 407 395 394 395 395 394 394 393 393 393 393 393 392 END
START 388 386 387 387 387 386 384 383 384 384 383 383 383 383 383 383 383 382 END
START 369 370 370 369 370 369 367 367 367 367 366 366 367 367 368 366 366 366 END
START 360 362 362 361 362 361 353 353 352 353 352 351 353 353 352 353 352 352 END
START 350 351 351 351 351 350 345 343 345 345 344 343 349 348 349 349 348 347 END
START 348 349 350 349 349 349 346 347 347 347 346 345 340 340 340 340 339 338 END
START 343 343 344 344 344 343 342 342 342 342 341 340 336 335 335 336 335 334 END
START 319 320 320 320 320 319 292 292 292 292 291 290 277 276 276 277 276 275 END