START 377 377 376 376 377 377 377 375 377 376 377 376 375 375 375 375 374 375 END
START 374 375 376 375 376 375 373 374 373 373 373 372 369 368 368 369 368 368 END
START 374 376 376 375 376 375 368 368 367 368 367 367 371 371 370 371 370 370 END
START 368 369 369 369 368 368 370 371 370 371 370 370 372 372 371 372 371 370 END
START 367 368 369 368 368 368 370 370 369 370 369 369 371 370 370 370 369 369 END
START 372 373 374 373 373 373 355 355 354 354 353 353 345 346 345 346 345 345 END
START 330 331 331 330 330 330 323 322 323 323 322 322 318 318 319 318 317 317 END
START 316 318 318 317 318 318 325 326 324 326 324 324 345 344 345 346 345 344 END
START 370 372 373 372 372 372 388 388 388 388 387 387 401 401 402 402 401 400 END
START 396 397 397 397 397 396 393 394 393 393 393 392 396 395 395 396 394 394 END
START 388 389 389 388 388 387 388 387 388 388 387 387 390 389 390 389 389 388 END
START 387 388 389 388 388 387 381 381 381 380 380 380 388 388 389 388 388 388 END
START 386 386 387 386 386 385 380 380 381 380 380 379 390 391 390 390 390 389 END
START 387 389 388 388 388 387 382 382 382 381 380 380 383 382 382 382 381 381 END
START 383 385 385 385 385 385 378 378 378 377 378 377 380 380 380 379 379 379 END
START 379 379 380 379 380 379 389 388 388 389 388 388 394 394 394 395 394 393 END
START 408 409 409 409 410 409 429 429 429 428 427 427 433 433 434 432 432 431 END
START 434 433 435 434 434 434 428 428 428 428 427 426 420 419 419 420 420 419 END
START 418 416 417 416 417 416 405 405 405 405 405 404 400 400 399 401 399 399 END
START 390 389 390 389 390 390 387 388 388 388 387 387 385 384 385 385 384 384 END
START 380 381 381 380 381 380 377 376 376 376 375 375 370 370 370 369 369 369 END
START 367 368 368 367 368 367 362 362 361 362 361 361 356 356 356 356 356 355 END
START 351 352 353 352 352 351 354 355 354 355 354 353 353 353 354 353 353 352 END
START 348 348 349 349 349 349 350 349 350 350 349 348 344 342 344 344 343 342 END
START 344 345 345 345 345 344 336 336 337 337 335 335 341 341 341 341 341 340 END
START 341 342 342 342 342 342 346 346 345 346 346 345 350 350 350 350 349 349 END
START 340 341 342 341 341 341 316 317 317 317 315 315 295 295 295 295 294 293 END