START 365 366 364 365 366 365 365 364 366 365 365 365 364 364 365 365 364 365 END
START 365 366 366 365 365 365 359 360 359 360 359 359 363 363 362 364 362 362 END
START 365 366 366 365 366 365 368 367 368 368 367 367 365 366 365 365 364 364 END
START 363 364 364 364 364 364 363 363 362 363 362 361 360 361 360 361 360 360 END
START 363 365 365 364 365 364 366 367 366 366 366 365 363 362 362 363 362 361 END
START 351 352 352 351 351 351 347 347 346 347 346 346 329 330 329 329 328 328 END
START 326 327 327 327 328 327 319 320 319 319 318 318 314 314 313 314 313 312 END
START 319 320 321 320 320 320 329 328 329 330 330 329 349 348 349 350 349 349 END
START 373 374 376 375 375 375 401 400 400 401 401 400 406 407 407 407 406 405 END
START 405 406 407 406 406 406 405 405 405 405 404 403 397 397 397 397 396 396 END
START 400 399 399 399 399 398 395 395 395 395 394 394 391 390 391 390 391 390 END
START 388 390 390 389 389 390 391 389 390 390 389 389 381 380 381 380 380 380 END
START 372 373 373 373 373 372 367 367 367 367 367 366 361 360 361 360 360 360 END
START 370 372 372 371 371 371 389 389 389 389 389 389 408 409 408 409 409 408 END
START 421 422 422 422 422 421 434 434 434 434 433 433 440 440 440 441 440 439 END
START 430 429 429 429 429 428 425 424 424 425 424 424 416 417 417 416 415 415 END
START 411 409 410 409 409 409 398 398 397 398 397 397 399 397 399 399 398 398 END
START 387 386 387 386 386 386 374 373 374 373 373 373 374 373 373 373 373 373 END
START 373 374 375 374 374 374 371 370 370 370 369 369 367 366 366 366 366 366 END
START 369 370 370 370 370 370 362 363 362 362 361 361 360 360 360 360 359 359 END
START 358 358 359 358 359 358 355 354 354 355 354 353 358 357 358 358 357 357 END
START 352 353 353 353 353 353 352 351 352 352 351 350 350 349 349 349 348 348 END
START 349 351 351 351 351 350 349 348 349 349 348 347 347 348 348 348 347 347 END
START 349 350 351 349 350 349 347 347 347 348 347 346 351 352 351 352 351 351 END
START 337 338 337 337 338 337 322 322 322 322 321 320 298 297 298 298 297 296 END