START 323 324 323 324 326 326 331 330 331 331 331 331 326 326 326 325 323 324 END
START 308 310 311 310 310 310 309 308 308 308 308 307 335 335 334 336 335 334 END
START 341 343 343 343 344 344 358 359 359 359 359 358 365 365 364 365 365 364 END
START 370 372 372 372 372 372 379 378 378 378 378 377 378 378 377 377 376 376 END
START 380 381 382 381 381 381 379 379 379 380 378 378 383 383 383 385 384 384 END
START 375 375 376 375 375 374 381 380 380 380 380 379 377 377 377 376 376 376 END
START 379 380 380 380 380 380 383 383 383 383 382 382 375 375 374 374 373 373 END
START 373 374 374 374 375 374 372 372 372 372 371 370 378 378 378 380 379 379 END
START 378 380 380 381 381 381 380 380 380 382 382 382 394 394 394 395 395 394 END
START 414 414 415 414 414 414 430 430 430 430 429 429 438 438 439 438 438 438 END
START 454 453 453 453 453 452 456 456 455 456 455 454 463 462 462 464 463 463 END
START 463 461 462 461 460 459 453 452 453 454 452 453 451 451 450 450 449 449 END
START 423 422 423 423 423 423 426 425 426 426 425 425 418 417 418 418 416 416 END
START 405 404 406 405 405 405 398 398 398 398 397 397 396 396 396 397 396 396 END
START 389 388 389 388 389 388 381 381 381 381 380 380 376 375 376 375 375 374 END
START 367 368 368 368 368 367 364 364 364 364 365 364 359 359 359 359 358 358 END
START 362 363 363 364 365 364 324 323 322 323 321 320 287 285 287 286 285 285 END
START 249 250 251 249 249 248 227 227 225 227 226 225 233 232 233 233 232 232 END