START 364 365 364 364 365 364 367 366 367 368 368 368 370 370 371 371 369 371 END
START 371 371 372 370 371 370 370 370 370 371 370 369 370 371 369 371 369 369 END
START 371 372 372 372 373 372 364 364 364 365 365 364 348 349 349 349 349 349 END
START 341 342 344 344 344 344 352 353 352 353 352 352 377 377 377 377 377 376 END
START 395 396 395 393 393 392 406 405 406 406 406 405 403 401 401 402 401 401 END
START 384 385 385 385 385 384 385 385 385 386 384 384 385 385 385 386 384 384 END
START 387 388 388 387 387 387 373 373 373 372 372 372 380 380 381 380 381 380 END
START 356 357 356 355 355 354 369 369 368 370 369 369 373 374 374 374 373 374 END
START 365 366 366 365 366 365 365 365 364 365 364 363 373 372 371 371 370 369 END
START 376 377 378 377 378 378 378 378 378 378 378 377 385 385 385 386 386 386 END
START 435 436 436 435 437 436 455 454 454 456 455 455 469 470 470 469 469 469 END
START 471 470 471 471 472 471 466 466 467 467 467 466 458 459 458 458 457 457 END
START 444 443 444 443 444 443 423 423 422 423 422 421 411 411 411 412 411 410 END
START 410 408 410 408 409 408 389 390 389 390 389 389 392 392 392 393 391 391 END
START 376 375 376 375 375 375 378 379 379 378 378 377 362 361 362 362 361 361 END
START 366 367 368 368 368 368 364 363 363 364 362 362 353 353 352 353 352 351 END
START 354 355 355 354 355 354 354 354 353 353 352 351 353 352 354 354 353 353 END
START 352 353 353 352 352 351 350 349 350 350 349 349 352 351 352 352 352 351 END
START 335 337 337 337 337 337 310 309 310 309 308 307 287 286 287 287 286 286 END
START 270 272 272 272 272 271 275 276 275 277 275 275 288 288 288 288 288 288 END