START 376 377 376 376 377 377 378 377 378 378 378 378 378 378 378 378 377 378 END
START 373 374 375 375 375 375 376 376 375 376 375 375 374 374 374 375 373 373 END
START 381 382 382 382 382 381 391 390 389 390 388 387 377 377 377 378 377 376 END
START 358 359 358 357 358 357 354 355 355 355 355 354 353 352 352 353 351 352 END
START 348 348 349 348 349 348 349 348 349 349 348 348 355 355 355 354 354 353 END
START 380 381 382 381 381 381 400 400 400 400 399 399 403 402 403 403 402 401 END
START 400 400 401 400 400 399 400 400 400 400 399 399 395 394 395 395 395 394 END
START 391 390 391 391 391 391 389 388 389 389 389 388 388 388 388 388 387 387 END
START 385 386 387 386 387 387 387 387 387 387 387 386 367 367 367 366 366 366 END
START 371 371 371 371 371 371 368 368 369 369 369 368 370 370 369 370 369 369 END
START 365 366 367 366 367 366 354 354 354 354 354 353 353 352 352 352 351 351 END
START 350 351 351 350 350 350 368 367 368 369 368 367 377 376 377 377 377 376 END
START 372 373 373 373 374 373 374 374 373 374 373 372 367 367 367 368 367 367 END
START 386 387 387 387 388 387 437 437 437 438 437 437 443 443 442 442 441 441 END
START 464 465 465 465 465 465 455 454 453 454 454 453 447 447 448 447 446 446 END
START 444 443 444 443 443 443 428 428 429 429 428 428 427 428 428 428 428 427 END
START 416 414 415 414 414 413 418 419 419 420 419 420 400 400 399 400 400 400 END
START 397 395 396 395 395 394 381 380 381 382 381 380 384 384 385 385 385 385 END
START 386 387 387 386 386 386 375 375 375 374 374 373 370 371 371 371 370 370 END
START 356 357 357 356 356 355 369 368 368 368 367 366 365 364 364 365 364 363 END
START 315 317 317 316 316 316 287 287 286 287 286 285 260 260 259 259 259 257 END
START 237 238 239 238 239 239 256 256 256 256 256 256 260 259 260 259 259 258 END