START 383 383 382 381 382 382 380 378 379 378 378 378 376 377 377 377 376 377 END
START 379 379 380 379 379 379 379 378 378 379 377 377 359 358 358 359 358 358 END
START 353 354 354 352 353 352 336 336 336 337 336 336 329 328 329 328 328 327 END
START 315 317 317 316 317 316 338 337 336 338 338 337 361 362 360 362 361 360 END
START 382 384 384 384 384 384 406 405 404 405 404 403 407 407 406 407 405 405 END
START 396 397 397 397 397 396 402 402 402 402 401 400 405 405 405 405 404 402 END
START 395 396 396 396 396 395 393 393 394 394 393 393 392 392 392 393 391 391 END
START 386 387 388 388 388 388 389 388 389 388 387 387 387 386 387 387 387 387 END
START 385 386 387 385 386 385 383 383 384 383 383 382 373 373 373 373 372 372 END
START 345 346 346 344 344 343 345 345 344 344 344 343 336 335 335 335 335 334 END
START 320 321 321 321 321 321 322 322 323 323 321 321 327 326 325 327 326 325 END
START 347 348 349 348 349 348 370 371 370 371 371 371 386 387 385 386 385 385 END
START 380 381 381 381 381 381 384 384 383 383 383 382 386 387 387 386 386 385 END
START 397 398 398 399 399 400 431 431 431 430 430 429 446 446 447 447 446 446 END
START 466 467 468 467 467 466 465 464 464 465 464 463 465 465 465 464 463 462 END
START 456 454 455 455 455 455 450 451 450 451 450 450 444 444 443 443 442 441 END
START 428 426 427 426 427 426 421 420 421 421 421 421 411 411 411 411 410 409 END
START 413 412 413 412 413 412 387 387 385 386 384 384 394 392 393 393 392 391 END
START 380 378 380 379 379 379 372 372 372 371 371 371 364 364 364 364 364 364 END
START 362 363 364 364 364 364 362 362 362 362 362 361 356 356 355 357 356 355 END
START 350 351 352 351 352 352 348 348 347 347 346 345 326 325 325 326 325 324 END
START 275 276 276 275 276 276 248 248 249 249 249 248 244 244 244 245 244 244 END