START 382 382 381 381 382 382 383 382 383 384 384 384 384 385 386 386 385 386 END
START 381 381 381 381 382 381 387 387 387 386 387 386 389 389 390 389 389 388 END
START 382 384 384 383 384 383 389 388 389 388 388 387 384 384 385 384 384 383 END
START 385 386 387 386 386 386 385 385 386 385 384 384 385 386 386 385 385 385 END
START 379 380 381 380 381 380 374 375 375 375 375 375 376 377 377 376 376 376 END
START 362 363 364 364 364 364 362 361 360 361 360 359 359 357 357 358 357 356 END
START 346 348 348 347 347 347 334 335 333 334 333 332 343 342 343 343 343 342 END
START 368 369 370 369 369 369 391 390 390 392 391 391 412 413 412 413 412 412 END
START 416 417 417 416 417 416 415 415 415 414 415 414 407 405 406 406 405 405 END
START 411 410 411 411 411 410 406 406 406 407 405 405 401 402 401 402 401 400 END
START 392 391 391 391 391 390 390 391 390 391 391 390 396 397 397 397 396 396 END
START 394 396 395 395 396 395 418 416 418 417 417 416 423 422 422 421 421 420 END
START 427 428 428 428 428 428 430 428 430 430 428 428 426 426 425 426 425 424 END
START 421 419 420 420 420 420 405 405 404 406 405 404 400 401 400 401 400 399 END
START 395 393 395 394 394 394 394 394 394 395 394 394 386 386 386 386 385 384 END
START 376 377 377 376 377 376 374 374 374 374 373 373 371 371 371 371 370 370 END
START 369 370 370 370 370 370 361 361 360 361 360 360 362 361 361 362 361 360 END
START 358 359 359 358 359 358 357 357 356 357 356 356 356 356 355 356 355 354 END
START 350 351 352 351 351 351 353 352 353 353 352 351 349 348 348 349 348 348 END
START 349 350 350 350 350 350 348 347 348 349 348 347 338 339 339 339 338 337 END
START 309 311 310 310 310 309 294 294 295 295 294 293 299 299 298 299 299 298 END