START 371 372 371 371 372 371 372 370 371 371 371 370 369 370 370 369 368 370 END
START 369 370 371 371 371 371 370 369 368 369 368 368 365 366 365 365 365 364 END
START 367 367 368 367 367 366 363 363 363 363 362 362 367 368 368 368 367 367 END
START 362 363 364 363 364 363 361 362 361 362 361 361 366 366 365 366 365 364 END
START 362 363 363 363 363 363 365 365 364 365 364 364 365 365 364 365 364 364 END
START 364 366 366 365 365 365 363 364 363 363 363 362 359 360 359 360 359 359 END
START 362 364 363 363 363 362 366 367 366 367 367 366 370 369 370 369 369 368 END
START 364 365 366 365 366 366 350 351 350 351 349 349 341 342 341 341 340 340 END
START 328 328 329 328 328 328 312 312 312 312 312 311 306 306 307 306 306 305 END
START 300 301 300 300 301 300 311 310 311 312 311 310 331 331 332 332 331 330 END
START 362 363 364 364 364 364 392 392 392 392 391 391 405 404 403 404 404 403 END
START 409 410 411 410 410 410 400 399 400 400 399 399 401 402 401 402 401 401 END
START 400 399 400 399 399 399 395 394 395 394 395 394 394 395 395 395 394 394 END
START 391 392 393 392 392 392 392 392 392 392 391 390 383 382 383 383 382 382 END
START 379 380 381 380 380 380 378 377 378 377 377 376 376 376 376 376 376 375 END
START 373 374 374 374 374 373 378 378 378 379 378 378 383 382 381 382 382 381 END
START 382 383 383 383 384 383 385 385 385 385 384 383 380 380 380 379 379 378 END
START 383 384 384 384 384 384 388 388 388 387 387 386 378 377 377 378 377 376 END
START 364 365 365 364 364 363 338 338 338 337 337 336 320 320 320 320 319 319 END
START 312 313 314 313 313 313 321 320 320 321 320 320 325 324 325 325 325 324 END
START 336 336 338 337 337 337 346 346 345 346 345 345 347 348 346 348 346 346 END
START 350 351 352 351 351 350 352 352 352 352 351 351 352 352 353 353 352 352 END
START 350 352 352 351 352 352 353 352 353 353 352 351 377 376 378 378 377 377 END
START 420 421 422 422 422 422 445 445 446 446 445 445 450 450 449 451 449 449 END
START 456 455 456 455 456 454 448 448 449 449 448 448 449 449 450 450 449 449 END
START 437 435 436 435 435 435 433 433 433 433 432 432 428 428 428 428 427 426 END
START 417 416 417 417 417 416 410 409 408 410 409 408 404 405 403 405 403 403 END
START 401 399 400 399 399 399 388 388 388 388 387 387 385 385 385 385 385 384 END
START 375 376 376 376 376 376 376 376 376 375 375 374 371 371 371 370 370 369 END