START 368 368 367 367 367 367 367 367 367 368 368 368 371 371 372 372 371 372 END
START 376 377 378 377 377 376 377 378 377 377 376 375 375 374 374 375 374 374 END
START 366 367 367 366 366 365 368 367 367 367 366 366 370 369 369 369 369 368 END
START 382 383 384 386 387 388 390 390 390 389 388 386 379 379 378 380 379 379 END
START 385 387 387 386 387 387 377 377 377 377 377 376 375 375 375 376 375 375 END
START 379 380 381 381 382 382 377 376 376 377 377 376 382 382 382 383 383 382 END
START 380 381 382 380 380 380 373 373 372 373 372 371 372 372 372 372 372 371 END
START 376 377 377 377 377 376 373 372 372 373 373 372 375 375 375 376 375 375 END
START 361 361 361 361 361 361 363 363 363 364 363 362 366 365 365 366 365 365 END
START 362 364 364 363 364 362 358 358 357 359 358 357 357 358 358 358 358 358 END
START 362 363 364 363 364 363 373 372 373 372 371 371 380 379 381 380 379 379 END
START 402 403 403 402 403 402 423 423 422 423 422 422 446 445 445 445 444 444 END
START 455 454 455 454 455 454 447 448 447 448 447 447 449 449 449 448 448 448 END
START 441 440 441 440 441 440 436 435 436 435 434 433 423 422 423 423 421 421 END
START 412 410 412 411 411 410 412 411 411 412 411 411 405 405 404 405 404 403 END
START 394 392 393 392 392 392 389 388 389 389 388 387 381 381 381 382 380 380 END
START 372 373 373 371 371 370 366 366 366 365 365 365 369 369 369 368 368 367 END
START 350 350 351 350 350 349 320 319 319 319 318 317 284 284 282 283 282 281 END
START 253 254 255 253 254 253 249 248 248 249 248 248 254 254 254 254 254 252 END
START 269 270 270 269 270 270 276 277 277 277 276 275 290 290 291 292 291 291 END