START 387 388 386 386 387 386 385 384 384 384 384 384 383 383 383 384 383 384 END
START 377 378 378 377 377 378 371 371 371 371 371 370 374 374 373 372 370 369 END
START 392 393 393 393 393 393 347 347 347 348 347 347 370 370 370 370 370 370 END
START 374 375 375 374 375 374 375 376 376 376 375 375 386 386 386 386 386 385 END
START 392 393 393 393 394 394 399 398 398 398 398 398 409 409 409 408 408 407 END
START 407 408 409 408 408 408 412 412 412 412 412 411 412 412 413 413 412 412 END
START 411 410 411 410 410 410 414 414 414 415 414 413 406 405 406 406 406 405 END
START 416 416 416 416 416 416 415 415 415 415 414 414 412 413 413 414 413 413 END
START 412 411 411 409 409 408 399 399 400 401 400 400 408 408 408 408 408 408 END
START 408 406 407 406 407 407 398 398 398 399 398 398 385 385 385 385 384 383 END
START 376 375 376 375 375 375 385 385 385 386 385 385 404 404 405 404 404 404 END
START 411 412 413 412 412 412 410 411 411 411 410 410 412 412 412 413 412 412 END
START 405 404 405 404 404 404 439 438 439 440 439 439 463 463 463 464 464 464 END
START 482 480 481 480 481 480 475 475 474 475 474 474 497 497 497 498 497 498 END
START 476 474 475 474 475 474 469 469 469 470 469 469 486 486 486 485 484 484 END
START 463 463 464 463 464 464 469 469 469 469 469 469 467 467 466 465 464 463 END
START 465 465 466 465 466 465 449 449 448 447 447 446 440 440 440 441 441 441 END
START 446 445 446 445 446 445 448 448 448 448 448 447 401 402 402 402 401 400 END
START 351 350 351 350 350 350 337 337 337 337 336 336 329 329 329 330 329 328 END