START 389 389 388 388 389 389 389 387 389 389 389 389 387 387 388 387 386 387 END
START 383 384 385 384 384 383 387 387 387 386 385 385 386 386 386 385 385 385 END
START 385 386 386 386 386 385 382 383 383 383 382 382 383 383 384 383 383 382 END
START 382 384 384 383 384 383 387 388 387 387 386 386 384 384 384 383 383 383 END
START 384 385 386 385 386 385 386 386 386 386 385 385 387 388 387 387 387 386 END
START 393 394 394 394 394 393 392 391 392 391 391 390 392 392 392 392 391 391 END
START 391 392 392 391 392 391 387 386 387 386 386 385 380 379 379 379 378 378 END
START 368 369 369 368 369 368 353 353 353 352 352 352 341 341 341 342 340 339 END
START 336 337 338 337 338 337 335 334 335 335 334 333 336 336 337 337 336 336 END
START 334 336 336 335 336 336 359 359 358 360 359 359 375 375 375 376 375 375 END
START 390 391 392 392 392 392 400 399 400 400 399 399 394 393 393 394 393 393 END
START 392 393 394 393 393 393 389 389 389 388 389 388 390 389 389 389 389 388 END
START 383 384 384 383 384 383 386 386 386 386 385 385 384 384 384 383 383 382 END
START 378 379 379 378 379 379 384 384 384 384 384 383 372 372 372 371 371 370 END
START 365 366 366 366 366 365 356 357 357 356 356 356 371 371 370 371 371 370 END
START 388 389 390 389 389 389 416 415 416 416 416 416 441 440 440 441 440 440 END
START 449 449 449 450 450 449 448 447 447 448 447 446 443 443 443 443 442 441 END
START 435 434 435 435 435 434 427 427 427 427 426 426 421 422 422 422 421 421 END
START 413 411 412 411 412 411 400 401 400 401 400 400 394 394 393 395 393 393 END
START 392 389 391 390 390 390 389 389 389 390 389 388 381 380 381 380 379 379 END
START 372 373 373 373 373 373 371 371 371 370 370 369 366 365 365 366 365 365 END
START 363 364 365 364 364 364 361 360 360 361 360 360 358 359 358 359 358 358 END
START 352 353 354 353 353 352 352 353 352 353 352 352 352 351 352 352 351 351 END
START 345 347 347 346 347 346 349 348 349 349 348 347 346 345 346 346 345 345 END
START 349 350 351 349 350 350 334 334 334 334 333 332 311 311 311 311 310 309 END