START 368 368 367 368 369 369 373 373 374 375 375 377 381 381 382 382 382 383 END
START 380 381 381 380 380 380 363 363 363 365 364 364 382 382 382 383 383 382 END
START 375 375 375 374 374 373 386 386 386 387 386 386 383 384 384 383 383 383 END
START 364 365 366 367 369 369 383 383 384 384 384 384 378 378 379 380 380 381 END
START 399 400 400 398 398 397 395 395 396 395 395 395 398 398 399 398 399 398 END
START 404 405 405 404 404 404 411 411 411 411 411 411 405 404 404 404 404 403 END
START 401 400 400 399 400 399 409 409 409 410 409 409 409 409 409 409 408 407 END
START 407 408 408 407 407 407 409 409 409 408 407 407 408 408 409 409 409 408 END
START 408 407 408 406 407 406 425 426 426 425 425 424 389 390 390 391 390 390 END
START 391 390 392 391 392 392 392 393 392 392 391 391 369 369 369 369 369 369 END
START 388 388 388 386 387 386 366 365 365 365 364 364 400 400 400 400 400 399 END
START 409 410 410 409 410 409 416 416 416 417 417 417 420 421 421 423 423 423 END
START 430 429 429 427 426 425 418 418 419 420 419 419 419 420 419 420 420 420 END
START 430 429 430 429 430 430 473 472 473 473 472 472 476 476 475 476 474 474 END
START 484 483 484 483 483 483 495 495 495 497 497 497 482 482 482 483 482 482 END
START 474 473 473 472 473 472 474 474 475 475 476 476 477 477 476 475 474 473 END
START 473 472 472 471 472 471 459 459 459 459 459 459 442 441 441 442 442 442 END
START 443 442 442 441 442 442 454 454 454 454 453 452 443 443 443 443 442 442 END
START 436 435 436 435 436 436 430 430 430 430 430 429 422 422 422 422 421 420 END
START 433 432 432 431 432 431 394 393 392 392 391 390 348 348 347 347 346 345 END