START 361 362 360 360 361 361 362 360 361 362 361 362 362 363 363 363 362 363 END
START 363 364 364 364 363 362 362 363 362 363 362 362 366 367 366 367 366 366 END
START 364 365 366 365 365 365 366 366 365 366 365 365 363 363 363 363 362 362 END
START 361 362 363 363 363 362 362 362 361 362 361 360 365 366 365 366 365 364 END
START 370 371 371 370 370 370 370 370 369 370 369 368 365 366 365 366 365 365 END
START 368 368 369 367 367 366 359 360 359 361 360 360 351 351 351 350 349 348 END
START 352 354 354 353 354 353 352 352 351 352 351 351 350 350 351 351 350 350 END
START 356 358 358 357 358 358 373 372 373 373 372 372 375 374 376 376 376 375 END
START 371 372 373 372 372 372 379 379 379 379 379 378 372 372 372 372 372 370 END
START 366 367 368 367 368 368 373 372 372 373 372 372 372 371 371 371 371 370 END
START 373 374 373 373 373 373 372 372 371 372 371 371 372 371 371 372 371 371 END
START 366 367 367 367 367 366 371 371 370 371 370 369 373 372 373 373 372 372 END
START 353 354 354 353 353 353 341 340 340 340 340 339 330 329 329 329 329 328 END
START 327 328 328 328 329 328 321 321 321 321 321 320 325 326 325 327 326 325 END
START 350 351 351 351 352 351 379 379 379 380 379 378 389 389 388 389 388 388 END
START 383 384 385 384 385 384 387 386 386 387 386 386 388 389 389 389 388 388 END
START 434 435 435 435 436 435 454 454 454 454 453 453 470 471 471 470 470 469 END
START 476 474 475 474 474 473 473 472 474 474 472 473 470 468 468 469 468 468 END
START 456 454 455 454 455 454 443 442 442 442 442 441 436 436 435 436 435 435 END
START 431 430 431 430 431 430 416 416 416 416 415 415 406 406 405 406 405 404 END
START 408 406 408 407 407 406 397 396 397 397 396 396 388 388 388 388 387 386 END
START 382 381 382 381 381 381 378 377 378 378 377 377 369 369 369 368 368 367 END
START 368 369 370 369 369 368 347 346 346 346 345 344 310 310 310 310 310 309 END
START 268 268 269 267 267 266 236 236 237 237 236 235 247 247 247 248 248 247 END