START 384 385 383 383 384 384 384 383 383 384 383 383 380 379 380 379 378 380 END
START 377 378 377 377 378 377 379 379 379 378 378 377 377 376 376 377 376 375 END
START 385 385 386 385 385 384 377 377 376 376 375 374 380 379 379 380 380 379 END
START 376 377 377 376 377 376 377 377 377 378 377 377 377 377 377 376 376 375 END
START 368 369 370 369 370 370 373 373 372 373 373 372 379 379 378 379 378 377 END
START 372 372 373 372 372 371 376 376 376 376 376 375 376 376 376 377 377 377 END
START 372 372 373 372 372 371 373 372 371 372 372 371 377 376 376 376 375 375 END
START 367 368 369 368 369 369 375 375 375 375 374 373 375 375 374 375 374 373 END
START 375 376 376 374 374 373 369 368 369 370 369 368 372 372 372 374 373 373 END
START 374 375 376 375 376 376 372 373 371 372 372 371 360 359 359 359 358 357 END
START 344 344 346 345 345 345 350 350 349 350 349 348 344 343 344 345 344 343 END
START 357 359 360 360 360 360 374 373 374 373 373 371 381 381 382 381 380 380 END
START 381 382 382 381 382 381 385 384 384 384 384 384 383 383 383 382 382 382 END
START 376 377 377 377 377 376 375 375 375 374 373 373 375 375 375 375 374 375 END
START 392 393 394 394 394 393 433 432 432 433 432 432 450 450 450 450 450 450 END
START 453 454 454 453 454 453 455 454 454 456 455 455 453 452 452 451 450 450 END
START 436 436 437 436 437 437 441 440 440 441 440 439 430 429 430 430 429 428 END
START 418 417 419 418 418 418 412 412 413 411 410 410 404 405 404 405 404 404 END
START 397 395 396 396 396 395 386 386 386 387 386 386 386 387 387 387 386 386 END
START 369 370 371 370 370 369 368 369 369 369 368 368 369 369 370 369 369 369 END
START 364 365 366 365 365 364 357 357 357 357 356 355 353 353 352 352 351 352 END
START 359 361 361 361 361 361 325 324 324 324 324 324 302 301 303 303 302 302 END
START 268 269 269 268 268 268 253 254 253 254 253 253 270 270 270 271 269 269 END