START 360 361 360 360 361 361 362 361 362 363 362 363 364 364 365 365 363 364 END
START 362 363 363 363 363 362 363 364 364 364 364 363 369 369 368 369 368 367 END
START 362 364 365 364 364 364 368 369 367 368 367 367 366 367 366 367 366 365 END
START 370 371 370 371 371 371 367 367 367 367 366 365 370 370 370 370 370 369 END
START 370 371 371 370 370 370 368 369 368 369 368 368 366 366 365 366 365 365 END
START 354 355 355 354 355 354 357 357 357 357 356 355 348 348 348 348 347 347 END
START 346 346 347 347 347 347 347 347 347 347 347 346 353 353 354 353 353 352 END
START 364 365 365 365 365 364 377 377 378 378 377 377 383 382 383 383 382 381 END
START 375 376 377 376 376 376 379 378 378 378 377 377 376 377 377 376 375 375 END
START 378 379 380 379 380 379 375 375 374 375 374 374 373 372 372 373 373 372 END
START 373 375 375 374 374 374 371 371 371 372 371 371 373 373 373 373 373 372 END
START 368 369 370 369 369 368 371 371 371 371 370 370 370 369 369 370 369 368 END
START 366 367 367 367 367 367 369 369 368 369 368 368 366 367 365 366 366 365 END
START 363 364 365 363 364 362 365 365 365 365 364 364 358 358 357 358 357 357 END
START 355 356 357 355 356 355 363 363 362 363 362 362 362 362 362 362 362 361 END
START 392 392 393 392 393 392 418 419 418 419 418 418 432 432 432 432 432 432 END
START 443 444 445 444 444 443 437 436 437 438 437 436 432 431 431 432 431 431 END
START 419 418 419 418 418 418 415 415 414 415 415 414 408 407 407 408 407 407 END
START 402 400 402 401 402 401 396 396 396 396 395 395 400 400 401 401 400 400 END
START 403 401 402 401 402 401 392 391 391 391 391 391 390 390 390 391 390 389 END
START 383 381 383 382 383 382 383 382 382 382 382 381 373 372 372 371 371 370 END
START 368 369 370 369 370 370 366 366 367 365 365 364 364 364 363 364 364 363 END
START 361 362 363 362 362 362 356 357 356 357 356 356 353 353 353 353 352 351 END
START 353 355 355 354 354 354 352 351 352 353 352 352 353 352 353 353 353 352 END
START 346 347 348 347 347 347 345 344 344 345 343 342 346 345 346 346 345 345 END
START 349 350 350 350 350 350 346 346 346 346 345 345 346 347 347 347 346 346 END
START 344 345 346 345 345 344 337 337 338 338 337 335 321 321 321 321 320 320 END