START 399 399 398 397 398 397 396 395 396 396 396 396 395 395 395 395 394 395 END
START 395 396 396 396 396 395 389 388 389 389 388 388 387 386 387 386 386 385 END
START 393 394 395 394 394 394 387 388 388 388 388 387 397 397 397 396 396 395 END
START 368 368 369 368 369 369 392 392 392 390 390 390 415 414 415 414 414 413 END
START 403 404 405 405 407 407 408 408 409 409 409 409 408 408 408 409 408 408 END
START 403 402 404 403 404 404 423 423 423 424 423 423 403 404 404 405 405 405 END
START 395 393 394 394 394 394 409 410 409 410 410 409 410 411 411 412 411 411 END
START 404 405 406 406 407 407 407 406 406 406 406 405 393 393 394 394 394 394 END
START 409 408 410 410 411 411 414 414 414 414 413 412 405 404 403 400 399 397 END
START 411 410 411 410 410 410 399 398 398 399 398 398 404 404 404 404 404 403 END
START 405 404 405 406 407 407 411 410 409 408 407 405 407 406 406 405 404 403 END
START 410 409 410 409 410 410 397 398 398 398 398 397 381 382 382 382 380 380 END
START 394 393 393 392 393 392 401 401 402 401 402 401 406 406 406 405 405 405 END
START 405 406 407 407 407 407 396 396 396 396 394 394 391 391 391 391 390 389 END
START 437 437 438 438 439 439 456 455 456 455 455 455 476 476 477 477 477 477 END
START 480 480 480 480 481 480 487 486 487 486 485 485 481 481 481 481 481 480 END
START 471 470 470 469 470 469 450 451 450 450 449 449 447 447 448 447 447 447 END
START 459 458 459 458 458 458 443 442 442 441 441 440 429 429 429 428 428 427 END
START 447 446 447 446 447 446 433 434 434 435 435 435 435 436 435 436 435 435 END
START 415 414 415 415 416 416 429 428 428 429 429 429 419 419 419 420 419 419 END
START 420 419 420 419 419 419 411 411 410 411 411 410 406 405 406 406 405 405 END