START 368 369 368 367 369 369 369 368 369 369 369 369 369 369 370 370 368 370 END
START 367 369 369 368 368 368 368 368 368 368 367 367 365 365 364 365 364 363 END
START 367 368 368 368 368 367 365 366 365 365 365 364 368 369 368 369 368 368 END
START 366 367 367 366 366 365 372 371 371 372 371 370 370 370 370 370 369 369 END
START 367 368 369 368 369 368 371 371 371 371 370 370 375 375 375 375 375 374 END
START 376 377 377 377 377 377 375 375 375 375 374 374 372 371 371 372 371 371 END
START 364 366 366 365 365 364 353 353 353 353 353 352 347 346 346 347 346 345 END
START 333 334 334 334 334 334 329 327 328 329 327 327 324 325 325 325 323 323 END
START 328 329 330 329 329 329 343 343 343 344 343 342 366 366 365 367 366 365 END
START 388 388 389 388 389 388 398 398 399 399 397 397 396 397 396 397 396 395 END
START 388 389 389 389 389 389 394 393 394 393 393 393 391 390 391 390 389 389 END
START 387 388 388 388 389 388 383 382 383 382 382 381 374 375 374 374 374 374 END
START 371 371 371 370 371 370 369 368 369 368 368 367 362 361 361 361 361 359 END
START 364 365 365 364 365 364 374 375 373 374 374 373 386 386 386 386 385 385 END
START 410 411 412 412 412 412 430 429 429 430 429 429 443 443 444 443 443 442 END
START 446 444 445 445 445 444 441 442 441 442 441 441 435 435 435 435 434 433 END
START 426 424 425 424 425 424 417 418 418 418 416 416 411 410 410 411 411 410 END
START 404 403 404 403 403 402 390 389 389 390 388 388 387 387 388 388 387 387 END
START 383 382 383 382 383 382 377 378 377 377 377 376 380 380 381 380 379 379 END
START 372 373 373 373 373 372 371 370 370 371 370 370 367 366 366 367 366 365 END
START 364 364 364 364 364 363 358 358 357 358 358 357 356 356 355 356 356 355 END
START 356 357 358 357 357 356 361 360 362 361 361 361 331 331 331 331 330 330 END
START 292 292 293 292 292 292 273 273 272 273 272 272 258 257 257 258 257 256 END
START 265 266 266 265 266 266 271 270 270 271 270 269 277 276 277 277 277 276 END