START 391 391 390 390 391 390 391 390 391 391 391 391 392 392 392 392 392 393 END
START 380 381 381 380 380 380 383 383 383 383 383 382 376 376 376 377 377 377 END
START 377 378 378 377 377 378 390 391 391 390 390 390 390 389 389 389 388 388 END
START 370 372 372 373 374 374 362 361 362 362 361 361 365 365 365 364 364 364 END
START 376 377 377 376 377 377 398 399 398 399 398 398 403 404 403 404 404 403 END
START 398 398 399 398 398 398 411 410 410 408 407 405 406 406 406 406 405 404 END
START 394 395 396 397 397 397 381 380 380 380 379 379 410 409 410 409 408 408 END
START 426 427 427 426 427 427 394 394 394 396 396 396 411 411 412 413 413 413 END
START 413 412 413 412 412 411 391 389 389 387 387 386 386 385 386 385 385 384 END
START 380 379 381 382 383 384 413 413 414 413 413 413 384 385 385 385 386 386 END
START 402 402 402 400 399 398 406 406 408 409 410 410 413 413 413 412 412 411 END
START 412 411 412 412 412 412 416 416 417 418 418 418 403 403 404 406 406 406 END
START 442 441 442 442 443 443 467 466 466 466 465 465 465 464 463 462 461 460 END
START 491 490 491 490 491 491 471 472 471 472 472 472 482 482 480 479 477 476 END
START 450 449 448 446 446 445 452 452 451 452 452 452 463 462 461 460 460 459 END
START 457 456 457 456 456 456 441 441 441 440 440 439 419 420 421 423 423 424 END
START 448 448 450 450 451 451 432 434 435 437 437 438 449 449 448 449 448 448 END