START 375 376 374 374 376 375 375 374 375 375 375 375 374 374 375 375 373 375 END
START 376 377 377 376 376 376 377 377 377 377 376 376 381 380 380 381 380 379 END
START 374 376 376 376 376 375 385 384 383 383 382 381 378 378 378 376 376 375 END
START 376 377 378 378 377 377 374 375 376 375 376 375 367 367 367 367 367 366 END
START 365 366 366 365 365 364 371 371 371 371 371 371 374 374 373 374 373 372 END
START 376 377 378 378 378 378 384 384 383 383 382 382 376 375 375 376 375 375 END
START 370 370 371 370 370 370 375 376 376 375 375 374 371 370 370 370 370 369 END
START 378 378 379 378 378 378 371 370 370 372 371 371 374 374 373 373 372 372 END
START 367 368 368 368 369 368 371 370 370 371 371 370 373 372 372 373 371 370 END
START 369 369 370 369 370 369 368 367 367 368 367 366 371 370 370 371 370 369 END
START 363 364 365 364 364 364 360 361 359 361 360 359 363 362 362 363 362 361 END
START 346 348 349 348 349 348 354 355 354 354 354 353 353 354 353 353 352 352 END
START 373 374 375 375 374 374 382 381 382 382 381 380 376 376 377 377 376 375 END
START 383 384 384 383 384 383 376 376 377 376 376 376 378 377 376 377 376 376 END
START 389 390 390 389 390 390 424 423 423 424 423 423 442 441 441 441 441 440 END
START 446 448 448 448 448 448 445 445 444 445 444 444 439 440 440 439 438 438 END
START 444 442 443 442 443 442 424 425 425 425 425 424 421 420 420 420 420 419 END
START 415 413 414 413 413 413 406 406 405 406 405 405 403 403 402 403 403 402 END
START 395 393 394 394 394 393 367 367 367 367 365 365 323 323 323 324 322 321 END
START 288 289 290 289 288 288 262 263 263 263 262 261 275 275 274 275 275 274 END
START 273 274 274 273 273 273 285 286 285 286 285 285 291 290 290 291 290 289 END
START 296 298 298 297 297 298 304 304 304 303 302 302 307 306 307 307 306 306 END