START 371 371 371 371 372 372 373 372 373 373 373 373 373 373 373 373 372 373 END
START 364 364 365 365 365 365 375 374 375 375 374 374 371 370 370 370 370 369 END
START 362 363 364 363 363 363 367 367 366 367 366 366 369 368 368 369 368 368 END
START 375 376 376 376 376 375 372 372 372 373 372 371 377 378 376 377 377 377 END
START 374 375 376 375 376 374 373 372 372 372 372 371 363 362 363 363 361 361 END
START 350 351 351 350 351 350 337 337 337 338 337 337 335 336 335 336 335 333 END
START 334 335 335 335 335 334 335 334 333 335 334 334 343 342 342 344 343 342 END
START 355 356 356 356 357 356 377 377 377 378 377 377 388 389 389 388 387 387 END
START 401 402 403 402 403 402 405 404 403 404 403 402 406 406 405 405 405 404 END
START 401 400 401 400 400 400 393 393 394 394 393 392 399 400 400 400 399 398 END
START 392 391 393 391 392 391 388 386 388 387 387 386 388 387 387 387 386 386 END
START 385 386 386 386 387 386 384 384 384 383 383 382 382 382 382 382 381 381 END
START 382 383 383 382 383 382 384 384 385 384 384 384 382 383 383 382 382 381 END
START 359 360 361 360 360 359 351 352 352 351 351 351 344 344 344 344 343 342 END
START 330 331 331 331 332 330 321 320 321 322 321 320 321 321 321 321 320 319 END
START 331 331 332 332 332 332 344 344 344 345 344 343 363 363 362 364 363 363 END
START 387 388 389 388 388 388 430 430 430 431 430 429 456 455 455 456 455 455 END
START 459 460 461 460 461 460 464 464 464 464 463 463 458 457 458 458 456 456 END
START 456 454 455 454 455 454 441 442 440 441 440 440 436 435 436 436 436 435 END
START 425 424 425 425 424 424 421 421 422 421 421 421 415 415 414 415 415 414 END
START 400 398 400 399 400 399 394 395 393 394 394 393 388 388 388 389 388 387 END
START 382 383 383 382 383 382 377 376 377 377 377 376 373 373 373 372 372 371 END
START 365 366 366 365 366 366 367 366 366 367 366 366 365 365 365 366 365 364 END
START 358 359 360 359 360 359 352 352 351 351 351 350 329 329 328 328 328 327 END
START 296 296 297 296 296 296 269 268 269 269 268 267 266 267 265 267 266 265 END