START 384 384 384 383 384 384 384 384 384 385 384 385 384 384 384 384 382 383 END
START 377 378 379 378 378 378 378 378 378 377 376 376 376 376 376 375 375 374 END
START 376 378 378 377 378 377 375 375 375 375 374 374 374 373 373 374 374 373 END
START 373 374 375 374 374 373 378 377 376 377 376 376 375 374 374 375 374 373 END
START 369 371 370 370 371 370 373 372 373 373 373 372 362 361 361 362 361 361 END
START 352 353 354 353 352 352 347 346 346 347 346 345 346 347 347 347 347 345 END
START 336 337 338 336 337 336 336 336 336 336 336 335 341 340 341 341 340 340 END
START 344 345 346 345 345 345 366 365 365 366 365 365 380 381 380 380 380 379 END
START 398 400 400 400 400 400 400 401 400 401 399 399 399 400 399 399 399 399 END
START 397 396 397 396 396 396 393 392 392 392 391 392 394 394 394 394 393 393 END
START 387 387 388 387 387 387 387 385 386 386 386 385 381 380 380 380 379 379 END
START 382 383 384 383 384 383 374 375 375 374 374 373 369 368 368 369 368 367 END
START 361 362 362 361 362 361 355 354 354 355 354 354 356 356 355 356 356 354 END
START 347 348 348 348 348 348 369 368 369 369 369 368 388 388 388 389 388 388 END
START 414 415 416 415 416 416 428 429 428 429 428 427 435 435 435 434 434 433 END
START 437 436 437 436 437 436 424 424 424 425 424 423 419 419 419 420 420 419 END
START 410 409 410 409 409 409 406 407 405 407 405 405 401 401 400 401 400 399 END
START 391 390 391 390 391 390 384 384 385 385 384 384 380 380 380 380 379 379 END
START 378 380 380 379 379 378 371 372 371 371 371 370 371 371 370 371 370 370 END
START 366 366 367 366 366 366 364 363 364 364 363 363 363 362 362 362 362 361 END
START 357 358 358 358 358 357 357 358 357 357 356 356 350 351 350 351 349 349 END
START 353 354 355 353 354 353 351 350 351 351 350 350 352 352 352 352 351 351 END
START 350 351 352 351 351 350 349 348 349 349 349 348 345 344 345 345 344 343 END
START 319 320 320 319 320 319 295 295 296 295 295 294 274 274 275 274 273 272 END