START 373 372 372 372 372 373 374 373 374 374 375 374 375 375 375 376 374 375 END
START 373 373 374 372 373 372 371 372 371 372 371 371 379 379 379 380 379 378 END
START 372 374 374 374 375 374 383 382 382 382 381 381 381 381 381 382 380 381 END
START 369 370 371 370 371 370 367 367 367 366 366 366 361 361 362 361 361 361 END
START 360 361 361 360 360 359 361 361 360 361 360 360 371 371 371 371 370 369 END
START 377 377 377 377 377 376 382 383 382 383 382 382 381 381 380 381 380 380 END
START 379 380 381 381 382 381 379 379 379 378 378 378 377 377 378 377 376 376 END
START 376 377 378 377 377 376 375 374 374 375 373 372 380 379 379 380 378 378 END
START 369 371 371 371 371 370 371 371 370 371 371 370 367 367 366 367 366 365 END
START 360 361 361 361 361 361 352 351 351 351 350 349 349 350 349 350 349 349 END
START 350 351 352 351 352 352 364 364 364 365 364 364 375 375 375 375 374 374 END
START 372 374 374 373 374 373 377 376 376 377 375 375 383 382 382 383 382 382 END
START 375 376 377 376 377 376 371 371 370 370 369 369 393 394 394 394 393 393 END
START 433 435 435 434 434 433 449 449 448 449 448 448 455 454 455 454 454 455 END
START 454 453 454 453 454 453 451 451 451 451 450 450 446 445 445 445 444 444 END
START 434 433 434 434 434 434 426 425 425 425 424 424 419 419 419 418 417 417 END
START 418 417 418 417 417 416 401 401 400 401 400 400 394 394 394 395 395 394 END
START 388 386 387 386 386 386 385 384 385 385 384 384 375 374 375 374 373 374 END
START 367 369 369 368 368 368 358 358 358 357 356 355 328 326 326 327 325 325 END
START 288 288 289 288 288 288 252 252 252 252 251 250 254 254 254 255 254 253 END