START 368 368 367 367 368 367 368 367 368 368 368 369 370 370 370 371 369 371 END
START 368 370 370 369 369 368 366 367 367 367 367 366 361 361 360 361 360 359 END
START 346 347 348 347 347 346 334 334 333 334 333 332 321 321 321 321 320 320 END
START 347 349 349 349 350 348 368 368 368 369 368 367 379 380 379 380 380 379 END
START 377 377 378 377 377 376 377 377 376 377 377 376 377 377 377 376 376 376 END
START 371 371 372 372 372 371 374 373 373 374 373 372 372 371 371 372 371 370 END
START 371 372 372 372 372 371 369 368 368 369 367 367 369 369 369 369 369 368 END
START 365 367 367 366 366 366 366 367 366 366 365 365 367 367 367 367 366 366 END
START 365 367 367 366 367 366 372 372 372 372 371 371 365 365 365 366 364 364 END
START 370 370 371 371 371 371 373 373 372 373 372 372 391 391 391 392 391 391 END
START 424 425 426 425 426 425 445 444 444 445 444 445 449 449 450 449 449 448 END
START 443 441 443 441 442 441 436 436 436 436 435 434 429 429 429 429 427 427 END
START 419 418 418 418 419 418 410 409 408 410 409 408 403 403 402 402 402 402 END
START 398 396 398 397 397 396 390 390 391 391 390 390 388 388 388 389 388 388 END
START 378 379 380 379 379 378 378 377 378 378 378 377 374 374 374 374 373 372 END
START 368 369 369 369 369 368 367 365 365 366 365 364 363 362 361 362 361 360 END
START 361 362 362 361 361 361 356 356 355 356 356 355 356 357 356 357 356 355 END
START 351 352 353 352 352 352 352 352 352 352 352 352 354 353 354 353 352 352 END
START 327 328 328 327 328 327 310 308 310 309 308 308 310 309 310 310 310 309 END
START 318 319 319 319 319 318 321 322 321 322 321 320 326 326 326 327 326 325 END