START 380 380 379 379 380 379 380 379 379 380 380 380 380 380 380 381 380 381 END
START 372 373 373 372 373 372 370 370 371 370 370 370 367 368 368 368 368 368 END
START 373 374 375 374 374 374 383 383 383 383 382 382 387 387 387 387 386 386 END
START 389 390 389 387 387 387 398 398 398 397 397 396 395 395 395 395 394 394 END
START 384 385 385 385 386 385 399 399 400 399 399 399 400 400 399 399 399 398 END
START 404 404 404 403 403 402 402 402 402 402 401 401 403 402 403 403 402 402 END
START 410 409 409 408 409 408 412 412 412 412 412 411 403 403 403 403 402 402 END
START 403 402 404 403 404 404 411 411 411 411 410 409 406 407 406 407 405 405 END
START 400 399 400 400 400 400 393 393 394 394 394 394 398 398 399 399 399 399 END
START 433 431 431 430 430 429 439 439 439 439 438 438 437 436 436 435 435 435 END
START 433 432 433 432 433 432 402 401 401 401 401 400 380 380 380 382 381 381 END
START 384 383 384 382 383 382 382 383 383 383 382 382 385 385 385 385 385 384 END
START 393 394 394 394 394 393 395 395 394 394 394 394 395 395 395 395 394 394 END
START 410 412 412 412 414 414 467 466 467 467 467 466 467 467 467 467 467 467 END
START 487 486 487 486 486 486 479 479 478 479 478 478 479 479 478 479 478 478 END
START 471 471 471 470 470 470 469 468 468 467 466 466 465 465 464 465 464 464 END
START 453 452 453 452 453 452 453 453 452 452 451 450 445 445 444 444 444 443 END
START 450 449 450 450 450 450 434 434 434 434 434 433 425 426 426 426 426 425 END
START 433 432 432 431 431 431 396 395 395 395 395 394 368 368 367 367 366 366 END
START 331 330 331 330 330 330 330 329 330 330 330 330 335 335 335 335 335 335 END