START 356 356 355 355 355 355 354 352 353 354 353 354 351 352 351 351 350 351 END
START 352 353 353 353 353 353 332 331 332 332 330 329 298 296 297 297 296 296 END
START 261 262 262 261 260 260 243 243 242 243 243 241 234 233 233 233 232 232 END
START 226 227 227 226 227 226 240 240 240 240 240 238 247 247 246 247 246 246 END
START 262 263 264 263 263 264 272 272 272 272 272 271 276 276 277 277 276 276 END
START 286 287 288 287 287 287 298 297 298 299 298 298 307 307 307 307 306 306 END
START 312 313 314 313 313 313 332 331 332 331 332 331 333 333 334 334 333 332 END
START 343 344 345 344 345 344 355 354 354 355 354 354 359 360 358 360 359 358 END
START 371 372 372 371 372 371 372 371 372 373 372 371 381 380 382 382 381 381 END
START 383 384 384 384 384 384 391 390 390 391 390 390 394 394 394 393 393 392 END
START 389 390 390 390 390 390 395 394 394 393 393 393 389 388 389 389 388 388 END
START 395 396 396 395 395 395 391 391 391 392 391 391 422 423 423 423 423 422 END
START 455 455 456 456 456 455 493 493 493 493 492 493 509 509 508 509 508 507 END
START 507 506 507 507 507 506 499 498 499 498 498 497 481 481 481 481 480 480 END
START 473 472 472 473 473 472 454 454 455 454 454 453 451 451 451 450 450 450 END
START 437 436 437 436 437 436 430 429 430 430 429 429 424 423 424 424 422 422 END
START 411 409 411 410 411 410 405 405 404 405 404 403 394 395 394 395 394 393 END
START 389 388 389 388 388 388 377 377 378 378 377 377 378 378 378 378 378 377 END
START 370 370 371 370 370 370 367 367 366 367 367 366 365 365 365 366 365 364 END
START 352 353 354 353 354 353 350 350 350 349 349 348 344 345 344 344 344 343 END
START 346 346 346 346 347 346 341 342 342 342 341 340 345 344 345 345 344 344 END
START 344 345 345 344 344 343 340 341 341 342 341 341 346 347 347 347 347 346 END
START 341 342 342 342 342 341 347 347 347 347 346 346 345 345 345 345 344 344 END
START 341 342 343 343 343 342 344 345 345 344 344 344 343 343 343 343 342 341 END
START 346 348 348 347 347 347 342 343 343 343 342 342 344 344 344 343 343 342 END
START 339 340 340 339 340 339 345 345 345 345 345 344 333 333 333 333 332 332 END
START 333 335 334 334 335 334 332 332 333 333 331 331 348 347 347 349 348 347 END
START 388 389 389 389 389 389 413 413 412 414 413 413 422 423 423 423 422 422 END
START 416 417 417 416 416 416 413 412 414 414 413 412 411 411 410 411 410 409 END
START 400 399 400 399 400 400 393 393 393 393 393 391 390 389 390 391 389 389 END