START 362 362 361 361 361 361 361 360 361 361 361 361 359 360 360 360 358 359 END
START 357 358 359 359 359 358 360 360 359 360 358 358 356 355 356 356 355 355 END
START 367 368 368 368 368 367 331 330 330 330 329 329 301 300 301 301 300 300 END
START 261 262 262 261 262 261 251 251 250 252 250 250 243 243 243 243 243 241 END
START 234 235 236 235 236 235 245 243 245 244 244 243 254 254 254 255 254 253 END
START 272 274 273 273 274 273 285 285 286 286 285 284 296 296 297 297 297 296 END
START 304 306 306 305 305 305 322 322 323 322 322 322 331 330 331 331 331 330 END
START 334 335 336 336 336 336 347 349 347 348 347 346 350 349 349 350 349 349 END
START 360 361 361 361 361 361 363 363 363 363 362 362 371 372 372 372 371 371 END
START 373 374 374 373 374 373 381 381 381 382 381 380 389 388 388 389 388 387 END
START 385 386 387 386 387 386 395 395 395 395 394 394 392 392 392 391 391 390 END
START 393 395 395 394 395 394 392 392 392 391 391 391 393 392 393 393 392 393 END
START 395 396 396 395 396 395 394 393 394 394 394 394 422 422 422 422 422 421 END
START 453 454 454 454 455 454 484 484 484 484 484 484 501 501 500 501 500 500 END
START 514 513 514 514 514 513 498 499 498 497 497 497 486 486 486 486 485 485 END
START 477 476 477 476 477 476 463 462 463 462 462 462 455 455 455 454 454 453 END
START 441 440 441 440 441 440 436 436 435 436 435 435 427 425 426 426 425 424 END
START 421 420 421 421 421 421 408 407 407 407 406 406 391 392 390 392 391 390 END
START 388 386 387 387 387 386 367 367 367 368 367 367 367 365 367 366 366 365 END
START 350 352 351 351 352 351 339 340 339 340 339 339 337 337 337 337 336 335 END
START 340 340 341 341 341 340 341 341 340 341 340 339 335 335 334 336 334 334 END
START 341 342 342 342 343 342 338 339 339 339 338 338 343 343 342 344 343 342 END
START 336 337 338 337 337 336 343 342 342 343 343 342 341 341 341 341 340 340 END
START 375 376 377 377 377 377 407 408 408 408 407 407 416 416 416 416 415 414 END
START 415 416 416 415 415 415 396 396 397 397 395 395 384 383 384 385 384 384 END
START 376 375 376 375 375 375 371 370 371 370 370 370 369 369 369 369 368 367 END