START 363 363 362 361 363 363 363 362 362 363 363 363 363 364 364 364 363 364 END
START 363 364 365 363 364 364 369 370 368 370 369 368 376 376 375 376 376 375 END
START 371 372 373 373 372 372 367 367 367 367 366 365 363 363 362 363 362 361 END
START 355 355 356 356 356 355 320 320 319 320 318 318 290 290 289 290 289 288 END
START 268 270 269 268 269 268 255 254 255 256 255 256 259 259 260 260 259 258 END
START 251 252 252 252 252 252 264 263 264 264 263 263 271 271 271 271 270 270 END
START 274 275 275 275 275 276 284 284 283 285 284 282 297 297 296 298 297 296 END
START 311 313 313 312 313 312 316 316 316 315 315 315 327 326 327 327 326 326 END
START 337 338 338 338 339 338 345 344 345 346 345 344 349 349 348 349 349 348 END
START 357 358 359 358 359 358 363 363 363 363 362 361 365 365 365 365 365 363 END
START 375 376 376 375 376 375 379 379 378 379 378 378 387 387 387 388 386 386 END
START 382 383 383 382 383 382 388 387 386 387 387 386 389 390 390 389 389 388 END
START 391 392 392 392 393 392 391 391 390 390 389 389 391 392 392 391 391 390 END
START 410 410 411 410 411 410 442 442 442 442 442 441 467 466 467 467 467 466 END
START 488 487 488 487 488 487 496 496 497 496 495 495 490 490 489 489 488 488 END
START 480 479 479 479 480 479 465 464 465 464 464 464 458 458 458 457 457 456 END
START 465 465 465 465 465 465 453 453 453 453 452 452 447 447 447 447 447 447 END
START 430 429 430 429 429 428 401 400 400 400 400 399 377 377 378 378 376 376 END
START 359 358 359 359 359 359 364 364 364 365 364 363 364 363 363 364 363 362 END
START 368 369 369 368 368 368 362 363 362 362 361 361 363 364 363 364 363 363 END
START 360 360 361 360 360 360 354 355 354 355 353 353 356 357 356 356 355 355 END
START 348 349 349 348 348 348 346 345 346 346 344 344 333 332 333 334 332 332 END
START 314 316 316 315 316 315 300 300 300 299 299 298 287 286 285 286 286 285 END
START 289 290 290 289 290 290 305 304 305 305 305 305 325 325 325 324 324 324 END
START 325 325 326 325 325 325 338 338 338 339 338 337 339 339 338 339 338 337 END