START 306 307 305 305 305 305 306 304 305 305 305 305 304 304 305 305 304 305 END
START 288 290 289 288 289 288 273 274 274 274 273 272 265 265 265 265 264 264 END
START 254 254 255 254 254 254 266 265 265 265 264 264 271 271 271 272 271 270 END
START 281 282 282 281 282 281 284 285 284 285 284 284 299 299 299 299 298 298 END
START 305 306 306 306 306 305 317 318 318 318 318 317 324 323 324 324 323 323 END
START 332 333 334 333 334 334 340 339 340 340 340 339 347 347 346 348 347 347 END
START 357 358 358 357 357 356 360 360 361 361 360 359 364 365 365 364 364 363 END
START 368 369 369 369 369 368 373 373 373 374 373 373 379 379 378 379 378 377 END
START 384 384 384 384 385 384 395 394 394 395 394 393 385 384 384 384 384 383 END
START 395 396 396 396 397 396 431 430 431 430 431 430 457 457 457 457 457 457 END
START 482 484 484 483 484 483 498 498 498 499 499 498 498 497 498 498 496 497 END
START 473 472 472 472 472 472 467 466 467 465 465 465 456 456 456 455 455 455 END
START 449 448 449 448 448 448 440 440 439 439 438 438 437 437 438 438 437 437 END
START 423 422 422 422 422 421 419 418 418 419 418 418 412 411 411 412 410 410 END
START 400 399 400 399 399 399 385 383 384 384 382 383 367 366 366 367 365 365 END
START 348 349 349 348 349 348 340 340 340 340 340 339 346 346 345 347 346 345 END
START 341 341 342 341 341 341 346 346 347 347 346 346 356 356 356 355 356 354 END
START 368 369 369 369 369 369 400 400 401 401 400 400 422 421 422 422 421 421 END
START 432 432 433 432 433 432 413 413 413 414 413 412 393 394 392 394 393 393 END
START 381 380 381 380 380 380 374 373 374 375 374 373 373 372 373 373 373 372 END
START 365 366 366 366 367 366 366 365 364 365 364 363 361 361 360 361 360 360 END