START 365 366 365 365 366 367 367 367 368 368 368 368 369 368 369 369 368 369 END
START 365 366 367 366 367 366 375 377 376 377 376 376 397 397 396 397 396 396 END
START 419 421 420 420 421 420 426 425 425 426 425 425 422 422 422 421 421 420 END
START 420 418 419 418 419 418 410 411 410 411 410 409 415 415 414 415 414 414 END
START 407 405 406 405 406 405 407 406 407 407 406 405 405 404 405 405 405 404 END
START 401 400 401 401 401 400 394 394 394 395 393 393 379 379 379 379 378 376 END
START 346 344 345 344 344 344 313 312 312 312 312 311 303 302 303 304 303 302 END
START 302 303 304 303 303 302 299 298 299 299 298 298 302 303 302 303 302 302 END
START 307 308 308 309 308 308 315 314 315 315 315 314 316 316 317 317 316 315 END
START 324 325 325 325 325 324 328 327 328 328 328 327 337 336 337 337 337 336 END
START 337 338 338 338 338 337 342 343 342 343 343 342 345 345 344 346 345 345 END
START 348 349 349 350 350 350 354 355 356 356 356 355 389 389 389 389 389 388 END
START 428 429 429 429 430 429 448 447 448 447 447 446 460 461 461 459 460 459 END
START 455 453 454 454 454 453 446 447 447 447 445 445 437 438 437 437 436 436 END
START 421 420 421 421 421 420 413 413 413 413 412 412 409 408 408 408 406 406 END
START 399 397 399 398 398 398 383 381 382 382 381 381 371 371 371 372 371 370 END
START 352 353 354 353 353 353 336 336 336 335 335 334 345 345 344 345 345 344 END
START 340 341 342 340 341 341 352 351 352 352 351 351 349 349 350 349 348 348 END
START 355 356 356 355 356 355 351 350 351 351 350 349 354 354 354 354 353 352 END
START 352 354 353 353 353 353 357 356 358 358 356 356 356 356 356 356 356 355 END
START 352 353 354 353 353 352 352 351 352 351 351 350 347 346 346 346 345 345 END
START 350 351 351 351 351 350 355 354 355 355 354 353 377 377 377 377 376 376 END
START 407 408 409 409 409 408 437 436 437 438 436 436 445 444 444 445 444 444 END
START 419 418 418 418 419 418 398 397 397 398 397 396 388 388 388 388 387 387 END
START 388 387 388 387 388 387 381 380 381 380 380 379 375 375 376 375 375 374 END
START 372 373 374 373 373 373 368 368 368 367 367 366 363 363 363 364 364 363 END