START 405 405 404 403 404 404 404 403 403 403 403 404 403 403 403 403 402 403 END
START 401 399 400 399 400 399 392 392 392 392 391 391 387 387 387 387 387 386 END
START 384 385 385 384 385 384 385 384 385 385 384 384 385 386 385 384 384 384 END
START 365 367 367 366 367 366 329 329 329 328 327 327 298 298 299 298 297 297 END
START 282 284 284 283 284 282 280 280 280 280 280 279 281 281 282 281 281 281 END
START 287 288 288 288 288 287 296 296 296 296 295 295 298 299 299 298 298 298 END
START 300 301 302 301 301 301 311 312 312 311 311 310 318 317 318 317 317 317 END
START 322 323 323 322 323 322 328 327 328 329 327 327 334 334 334 335 334 333 END
START 345 347 347 346 347 346 352 353 352 353 352 352 359 358 359 360 359 358 END
START 352 353 354 353 353 353 363 362 363 363 363 362 367 366 367 367 367 366 END
START 402 403 403 403 404 404 430 430 429 430 429 429 450 450 450 450 449 449 END
START 479 477 479 478 479 478 476 476 475 476 475 475 469 469 469 469 468 468 END
START 457 455 456 455 455 454 465 464 464 465 464 464 464 465 463 463 463 463 END
START 464 462 463 463 463 463 455 456 454 454 454 453 453 453 453 453 452 452 END
START 447 446 447 446 446 445 426 426 427 427 426 426 424 423 424 424 423 423 END
START 402 401 402 401 401 401 393 394 392 394 393 392 386 387 386 386 385 384 END
START 374 373 374 374 374 373 372 372 372 371 371 370 366 366 366 366 365 365 END
START 365 366 367 366 366 366 358 358 357 358 357 356 359 359 359 360 359 359 END
START 352 353 353 352 353 352 352 352 352 353 352 352 355 354 355 355 355 354 END
START 348 349 349 349 349 349 346 345 346 346 345 345 342 341 342 342 341 341 END
START 332 334 334 333 334 333 330 331 331 331 330 329 328 328 329 329 328 328 END
START 313 314 315 313 313 313 300 299 299 300 299 299 296 297 296 297 296 295 END
START 296 297 298 297 298 297 311 311 311 310 310 309 314 313 314 314 313 312 END