START 342 343 341 341 342 341 341 339 340 340 339 340 338 338 338 338 337 338 END
START 310 311 311 310 310 310 281 280 280 281 280 279 270 270 269 271 270 270 END
START 256 256 257 256 256 255 258 258 259 258 258 257 257 256 256 257 256 256 END
START 261 262 262 262 262 262 277 276 277 277 276 275 279 278 279 279 278 277 END
START 294 295 295 294 295 294 300 299 300 300 300 299 310 310 310 311 311 310 END
START 320 321 321 321 320 320 332 332 333 334 333 332 338 337 337 338 337 337 END
START 345 346 346 346 347 346 354 354 353 354 353 352 357 357 356 358 357 357 END
START 365 366 367 366 367 366 371 370 371 370 370 369 378 377 378 378 377 377 END
START 380 381 381 381 381 381 379 379 379 380 379 378 400 400 400 400 400 400 END
START 434 435 436 435 435 435 469 468 468 469 468 468 481 481 481 481 480 480 END
START 503 503 503 503 503 503 487 488 487 487 486 486 475 475 475 474 474 473 END
START 469 467 468 467 467 466 456 456 456 456 455 455 451 450 449 450 449 448 END
START 438 437 438 437 438 437 433 432 433 433 432 432 424 425 425 424 423 422 END
START 416 414 415 414 414 414 406 405 405 405 405 404 394 395 394 395 394 393 END
START 385 384 384 384 384 383 381 381 382 382 380 380 375 374 375 374 374 374 END
START 367 368 368 368 368 368 371 371 370 370 369 369 367 367 366 367 366 366 END
START 363 364 364 363 364 363 361 361 360 361 359 359 356 357 355 356 355 354 END
START 354 356 356 355 355 354 354 353 354 354 353 353 356 354 356 356 355 354 END
START 353 354 354 354 354 353 355 354 355 355 354 353 355 354 355 355 354 354 END
START 354 356 356 356 356 356 357 356 357 357 356 355 354 353 354 354 353 353 END
START 356 358 358 357 358 357 353 352 353 353 352 352 359 358 359 359 358 358 END