START 369 370 368 369 370 370 370 368 370 370 370 369 368 369 369 368 367 368 END
START 367 368 369 368 368 368 351 350 350 351 350 349 321 321 320 321 320 319 END
START 291 292 293 292 292 292 273 273 274 274 273 273 268 268 268 269 268 267 END
START 268 269 269 269 269 269 283 282 282 282 282 281 286 287 286 286 286 285 END
START 295 296 296 296 296 296 307 307 308 307 307 306 310 310 310 310 310 309 END
START 323 324 324 324 324 324 325 326 326 326 325 325 339 338 339 339 339 338 END
START 341 342 342 342 343 341 353 353 353 353 352 352 357 356 356 357 356 356 END
START 361 362 362 362 363 362 368 367 367 368 367 366 369 368 368 368 368 367 END
START 373 374 374 374 373 373 375 375 375 376 375 375 381 381 380 381 380 379 END
START 400 402 402 401 402 401 445 444 444 445 445 444 466 466 466 466 465 465 END
START 484 483 484 483 484 484 489 489 490 489 488 488 478 479 477 478 477 477 END
START 470 469 470 468 469 468 456 456 456 455 455 455 454 453 453 454 453 452 END
START 442 441 442 441 441 441 429 429 429 430 428 429 426 425 426 426 425 424 END
START 416 414 415 415 415 414 413 412 412 413 411 411 399 399 398 399 398 398 END
START 391 390 392 391 391 391 372 372 372 372 372 371 365 364 365 365 364 364 END
START 356 356 356 356 356 356 358 357 357 358 357 357 358 359 358 359 358 357 END
START 356 356 356 356 356 356 354 354 354 354 353 353 354 352 354 354 353 352 END
START 351 353 353 352 353 352 348 347 348 348 347 346 352 352 353 353 353 352 END
START 350 351 351 350 350 350 347 347 347 347 347 346 346 346 346 347 345 345 END
START 344 344 345 345 345 345 364 364 365 365 364 364 387 388 388 388 387 387 END
START 416 417 417 417 417 417 420 421 419 420 419 419 401 401 402 401 401 401 END
START 383 382 382 381 382 381 377 376 377 377 377 376 377 376 377 377 376 375 END
START 367 367 368 367 368 368 370 369 369 370 369 369 365 365 364 366 365 364 END
START 364 365 365 364 365 365 360 361 360 361 360 360 362 363 362 363 362 362 END