START 358 359 358 358 359 359 359 357 358 358 359 359 358 358 358 358 357 358 END
START 351 352 352 351 352 350 321 320 320 320 319 319 293 292 293 293 292 291 END
START 258 259 258 258 259 258 255 254 254 254 253 252 251 252 251 251 251 250 END
START 256 258 258 257 258 257 256 256 256 257 256 256 271 270 271 271 271 270 END
START 283 284 284 283 284 282 295 294 296 296 296 295 305 305 304 305 304 304 END
START 305 306 307 306 306 306 320 319 320 319 319 319 327 327 327 327 326 326 END
START 334 336 336 336 336 336 342 342 342 343 342 341 346 347 346 347 347 346 END
START 357 358 359 358 358 358 364 364 365 365 364 363 373 372 373 373 372 372 END
START 370 371 372 371 372 371 378 379 379 379 378 377 382 381 381 382 381 380 END
START 382 383 383 383 384 383 386 385 385 386 385 384 387 387 387 386 386 386 END
START 390 390 391 390 390 390 388 388 388 388 388 387 392 392 392 392 392 391 END
START 386 387 387 387 387 386 401 401 401 401 401 400 429 429 429 428 428 428 END
START 452 453 454 454 454 454 480 480 481 481 480 479 490 490 490 491 489 489 END
START 496 495 496 495 495 494 475 476 476 475 475 474 471 471 471 470 470 470 END
START 454 453 454 453 453 453 447 446 446 447 446 446 441 440 440 441 440 440 END
START 425 424 425 424 424 424 422 422 422 422 421 420 414 414 414 414 413 413 END
START 406 404 405 404 404 404 392 393 392 393 391 391 390 390 390 390 390 389 END
START 382 381 382 380 381 380 377 377 376 376 377 376 369 368 369 368 368 367 END
START 352 353 353 352 353 352 352 351 352 352 351 351 346 347 346 346 345 345 END
START 352 353 354 353 354 353 364 364 364 364 364 363 362 363 364 363 362 363 END
START 359 360 360 359 360 359 359 359 359 359 358 358 362 362 360 361 360 360 END
START 355 357 357 356 357 356 352 350 352 352 351 351 349 349 348 349 348 347 END
START 339 340 341 340 340 340 320 320 321 321 319 319 315 315 316 316 315 315 END
START 313 314 314 313 313 313 313 312 313 314 313 312 329 329 330 330 330 329 END
START 330 331 331 330 331 330 339 339 339 340 339 339 338 337 337 338 337 337 END
START 341 343 343 342 342 342 341 341 341 342 342 341 377 378 377 379 378 378 END