START 345 345 344 344 345 344 343 342 343 343 343 343 341 341 342 342 340 341 END
START 313 314 315 314 314 314 320 319 320 320 319 318 323 324 324 324 323 322 END
START 323 324 325 324 324 324 315 314 315 315 314 313 289 289 289 289 288 288 END
START 263 264 264 264 263 264 259 258 259 259 259 258 256 257 256 256 256 255 END
START 266 267 268 267 267 268 275 274 276 276 275 274 275 274 276 275 275 275 END
START 289 290 290 290 291 290 300 300 299 300 300 300 305 305 304 306 305 304 END
START 314 315 316 315 315 315 329 330 330 330 329 329 335 335 335 335 334 334 END
START 339 340 341 340 340 340 351 352 351 352 351 351 357 356 355 357 356 356 END
START 360 361 361 361 361 361 365 364 364 365 364 364 371 371 372 372 371 371 END
START 373 374 374 374 373 373 378 379 378 379 378 377 381 381 381 381 381 380 END
START 384 386 385 385 385 384 387 387 386 387 386 386 384 384 384 383 383 382 END
START 416 418 417 418 418 418 454 454 454 454 453 453 485 485 485 485 485 485 END
START 512 511 511 511 512 511 524 523 524 524 523 522 512 512 512 511 510 510 END
START 496 495 496 496 496 495 482 482 481 482 480 480 472 472 473 473 472 472 END
START 458 457 458 457 457 457 442 443 442 442 442 441 437 437 436 437 436 436 END
START 432 431 432 432 431 431 421 421 421 421 420 420 421 420 419 421 420 419 END
START 422 420 421 421 421 420 420 420 419 421 420 419 415 416 415 415 415 414 END
START 408 407 408 408 408 407 398 398 397 398 397 396 379 378 379 379 378 377 END
START 354 352 353 352 353 352 334 333 333 333 333 332 329 329 328 329 328 328 END
START 325 327 327 326 327 326 327 326 326 327 326 325 326 326 325 326 326 325 END
START 326 327 328 327 327 326 329 329 328 330 328 328 331 331 330 331 330 330 END
START 331 332 332 331 332 332 334 334 333 335 334 332 321 320 320 321 320 319 END
START 308 309 310 309 309 308 306 306 305 307 305 305 311 312 312 312 311 311 END
START 327 328 328 328 328 328 341 342 342 342 341 341 355 354 355 356 355 355 END
START 370 371 371 371 371 370 373 373 373 373 372 371 368 367 368 368 367 366 END
START 360 361 361 361 361 360 368 367 367 368 367 367 369 369 368 369 368 368 END
START 361 363 363 362 362 362 363 364 362 363 363 362 361 362 361 361 360 360 END