START 292 292 291 291 291 290 291 290 290 290 290 291 289 290 290 290 289 290 END
START 259 260 260 260 259 259 248 247 248 248 248 247 241 241 241 241 241 240 END
START 235 236 236 236 236 236 249 249 249 249 249 247 248 248 249 249 247 247 END
START 263 264 264 263 264 264 274 274 275 275 274 273 286 287 288 288 287 287 END
START 298 299 299 298 299 298 309 309 309 310 309 308 321 321 320 320 320 320 END
START 328 329 329 329 329 328 344 344 344 344 343 342 350 350 349 350 349 348 END
START 355 356 357 356 356 356 362 362 362 362 361 361 365 366 366 366 365 365 END
START 376 377 377 376 377 376 379 378 378 378 378 378 387 387 386 387 386 385 END
START 382 383 383 383 383 383 387 387 387 388 387 387 389 389 390 389 388 388 END
START 413 414 415 414 415 414 447 447 448 446 447 446 475 475 476 475 475 475 END
START 510 509 509 509 509 509 518 518 518 518 517 517 522 521 521 522 521 521 END
START 507 506 506 506 506 506 497 496 496 496 496 495 479 479 478 479 477 477 END
START 467 467 467 467 467 466 452 452 452 451 451 450 440 439 439 440 439 438 END
START 437 435 437 436 436 435 426 425 426 426 425 424 416 416 415 416 415 415 END
START 403 402 403 402 403 402 385 385 385 386 384 384 368 368 368 368 367 366 END
START 355 354 356 355 355 355 337 337 337 336 336 336 336 337 336 337 336 335 END
START 340 341 342 341 341 341 340 340 339 341 340 339 347 347 346 347 347 346 END
START 349 350 351 350 350 350 357 357 357 357 356 356 359 359 359 359 358 357 END
START 352 353 353 353 353 352 355 355 355 355 354 353 349 349 350 350 349 348 END
START 355 357 357 356 356 356 348 348 348 348 348 347 349 349 350 350 349 349 END
START 348 349 350 349 349 350 351 352 351 352 351 350 369 369 369 369 369 368 END
START 382 383 384 384 384 384 411 411 411 412 411 411 418 418 418 418 417 417 END
START 409 410 410 410 410 409 382 381 382 382 381 380 368 367 368 369 367 367 END
START 370 368 369 368 369 368 364 364 365 364 364 363 366 366 366 366 366 365 END