START 381 382 381 381 383 382 383 383 383 384 385 385 386 386 387 387 386 387 END
START 430 430 431 431 431 431 445 445 445 444 445 444 439 440 440 439 439 438 END
START 430 429 430 429 429 429 421 421 421 421 420 420 417 417 416 417 417 416 END
START 409 407 409 408 408 408 404 404 403 404 403 402 401 400 400 401 400 399 END
START 393 391 393 392 392 391 394 394 394 394 393 393 389 389 389 390 389 389 END
START 380 380 381 380 380 380 380 379 380 380 379 379 385 385 385 384 384 383 END
START 339 340 341 340 340 340 299 299 299 299 299 297 275 275 275 275 275 274 END
START 268 269 270 269 270 269 260 260 260 260 260 260 265 265 265 266 265 264 END
START 271 272 272 271 271 271 276 277 276 277 277 276 284 284 284 285 283 283 END
START 292 293 293 292 293 292 303 303 302 303 302 301 310 310 310 310 310 309 END
START 315 316 317 316 316 316 322 322 322 322 322 321 333 332 333 333 332 332 END
START 338 339 339 338 338 338 347 347 347 347 347 346 352 352 352 353 352 352 END
START 356 357 358 357 357 357 362 362 363 362 362 361 359 358 359 359 358 358 END
START 390 391 392 392 392 392 426 427 426 426 426 426 448 447 448 448 447 447 END
START 472 473 474 473 474 473 470 470 470 471 469 470 461 461 462 461 461 460 END
START 453 452 453 452 453 452 444 444 443 444 443 443 435 435 435 435 434 434 END
START 428 427 427 427 427 426 423 423 423 423 422 421 412 411 411 412 411 411 END
START 412 411 412 412 412 412 398 399 397 399 397 396 401 401 401 401 400 399 END
START 395 393 394 393 394 392 391 390 390 390 390 390 381 380 381 381 380 380 END
START 370 371 371 370 370 370 373 372 372 372 372 371 373 372 372 372 371 371 END
START 371 372 373 372 373 372 367 366 366 367 366 365 367 367 367 368 367 367 END
START 367 368 369 368 368 368 357 358 357 358 357 357 364 365 363 364 363 363 END
START 354 355 355 354 354 354 353 352 352 353 352 352 339 339 338 339 338 337 END
START 341 342 343 342 343 342 334 333 334 333 333 332 329 329 329 330 329 329 END
START 335 336 336 336 336 336 345 344 344 345 345 344 357 357 356 357 356 356 END
START 348 349 350 349 349 349 353 353 353 353 352 352 355 354 355 355 354 353 END
START 354 355 356 355 355 355 359 358 359 359 358 357 355 354 355 355 354 354 END