START 388 389 388 388 388 387 387 386 387 387 387 387 384 385 385 384 384 384 END
START 353 353 354 353 353 353 314 314 314 313 313 312 285 285 285 285 285 284 END
START 276 276 277 276 276 276 264 264 264 265 264 263 269 269 269 269 269 268 END
START 273 274 275 274 274 274 281 281 281 282 281 281 291 291 291 291 291 290 END
START 308 309 310 309 310 310 317 317 317 317 317 316 325 325 325 325 325 324 END
START 341 342 342 341 342 342 351 351 351 352 351 351 359 360 360 360 360 359 END
START 367 368 368 367 367 367 379 379 380 380 380 379 387 387 387 387 386 386 END
START 389 390 390 389 390 390 391 391 391 390 390 390 415 415 415 415 415 414 END
START 440 441 441 440 441 441 451 450 451 450 450 450 462 463 463 463 463 463 END
START 467 466 466 465 465 465 460 460 460 460 460 460 460 461 460 460 460 460 END
START 455 454 455 454 455 455 454 455 454 454 454 453 449 450 449 449 449 449 END
START 473 472 473 472 473 472 462 462 462 462 461 461 459 459 459 459 458 458 END
START 462 461 462 460 461 461 468 469 469 469 469 469 461 461 461 461 460 460 END
START 457 456 457 456 457 457 461 462 462 462 461 461 452 452 452 452 451 451 END
START 443 442 443 442 443 443 432 432 432 432 432 432 435 435 435 435 435 435 END
START 433 432 433 432 433 432 429 429 428 429 429 428 430 430 430 431 430 429 END
START 430 429 430 429 430 430 440 440 440 440 440 439 434 434 433 434 433 432 END
START 443 443 443 442 443 443 418 418 418 417 417 416 413 413 412 413 413 413 END