START 356 357 355 354 356 355 355 354 354 354 354 355 353 353 353 353 351 353 END
START 355 356 357 356 356 356 358 357 358 358 357 356 356 355 356 356 355 355 END
START 354 354 355 354 355 354 355 355 356 355 355 354 355 354 355 355 354 354 END
START 348 349 350 349 350 349 354 353 354 354 353 353 353 352 353 353 352 351 END
START 358 359 360 359 359 358 355 354 355 355 354 354 359 359 359 360 360 359 END
START 336 336 337 336 336 335 308 308 308 308 308 307 287 287 286 287 286 285 END
START 267 268 269 268 268 268 259 258 259 259 258 258 255 255 254 254 254 253 END
START 267 268 269 268 268 268 273 272 273 273 272 272 279 278 279 279 278 278 END
START 291 292 292 291 291 291 303 303 303 304 303 303 313 312 312 313 312 312 END
START 317 317 318 318 318 318 334 335 335 335 335 334 335 333 334 335 334 333 END
START 348 349 350 349 350 350 351 351 351 351 351 350 355 356 355 356 356 355 END
START 367 367 368 367 367 367 378 377 379 379 378 378 408 408 408 409 408 408 END
START 438 439 439 439 439 439 470 469 469 470 469 469 483 484 483 483 483 482 END
START 480 479 480 480 480 479 467 467 467 467 466 465 458 458 458 457 457 457 END
START 453 452 453 452 453 452 443 443 442 443 442 442 443 441 443 443 442 441 END
START 424 423 424 423 423 422 419 418 419 419 419 418 407 407 408 407 407 406 END
START 392 391 392 391 392 391 385 384 385 385 384 384 375 375 376 376 375 374 END
START 371 372 372 372 371 371 367 368 368 367 367 366 372 372 372 373 372 371 END
START 371 372 372 371 371 371 379 379 379 379 378 378 375 375 374 375 374 374 END
START 375 376 377 376 376 376 369 368 367 368 368 367 364 364 363 365 364 363 END
START 372 373 373 373 373 372 368 368 368 369 367 368 383 383 382 383 382 382 END
START 384 385 385 384 385 384 401 401 401 401 400 400 392 391 392 391 390 390 END
START 369 370 370 369 370 369 353 353 353 354 352 352 350 349 350 349 350 349 END
START 351 352 353 352 352 352 349 348 349 349 348 348 352 352 353 353 352 352 END