START 284 284 282 282 283 282 281 279 280 280 279 279 277 277 277 277 275 276 END
START 256 258 258 257 257 257 247 247 247 248 247 246 249 249 248 249 249 248 END
START 253 253 254 253 253 253 262 262 263 263 262 262 275 275 276 276 274 274 END
START 278 279 280 279 280 278 293 294 293 294 292 292 299 298 298 299 298 298 END
START 310 312 312 311 312 311 317 316 317 317 317 316 329 329 330 330 330 329 END
START 336 337 338 336 337 336 345 345 346 346 346 345 356 356 355 356 355 355 END
START 353 354 355 354 355 354 366 366 367 367 365 365 368 366 367 367 366 366 END
START 372 373 373 373 373 373 375 375 375 375 375 374 376 376 376 376 376 375 END
START 382 383 384 383 383 383 379 379 379 380 379 379 384 384 384 384 384 383 END
START 382 382 383 383 383 383 390 389 389 390 389 388 402 402 402 401 401 401 END
START 439 440 441 440 441 440 469 469 470 468 468 468 488 488 488 488 488 487 END
START 514 512 513 513 513 513 512 512 511 512 511 511 504 504 505 504 503 503 END
START 484 483 484 484 484 483 477 476 477 477 477 476 468 468 468 468 467 466 END
START 454 453 454 454 454 454 441 440 440 440 439 439 426 426 425 426 425 425 END
START 425 423 425 423 424 423 402 401 401 402 401 401 393 393 393 393 393 391 END
START 369 367 368 367 367 366 338 338 339 339 338 337 323 322 323 322 322 321 END
START 314 314 316 315 315 314 321 321 321 322 321 320 331 332 331 332 331 331 END
START 356 358 358 358 358 358 349 350 348 349 349 347 353 353 352 354 353 353 END
START 353 354 355 353 354 353 351 351 352 351 350 350 351 351 351 351 351 351 END
START 350 351 352 351 352 351 348 348 348 347 347 346 344 343 344 344 343 343 END
START 370 372 372 372 372 371 400 400 401 401 400 400 421 422 422 422 422 421 END
START 421 421 421 420 421 420 393 393 393 393 392 391 385 385 384 385 384 384 END
START 376 375 376 375 376 375 373 372 373 373 372 372 369 369 369 368 368 367 END
START 368 368 369 369 369 368 362 361 361 361 361 360 360 360 359 360 359 360 END