START 367 368 367 367 368 367 367 367 368 368 368 369 368 369 368 368 367 368 END
START 365 366 366 366 366 365 367 368 367 367 366 366 363 363 362 363 362 361 END
START 366 367 368 367 368 366 366 366 366 366 365 365 364 364 363 364 363 362 END
START 365 366 367 365 365 364 326 326 326 326 325 324 293 293 293 293 292 291 END
START 264 264 265 264 264 264 254 254 253 255 253 253 253 253 253 253 253 252 END
START 255 256 257 256 256 256 262 261 262 262 261 260 269 268 269 269 268 268 END
START 281 282 282 281 282 281 290 291 290 291 291 290 302 302 301 302 301 300 END
START 308 309 310 309 309 308 323 322 323 323 323 322 331 331 331 332 331 330 END
START 341 342 342 342 342 342 343 343 342 343 342 342 353 353 352 353 353 353 END
START 362 363 363 363 363 362 367 368 368 368 367 367 372 372 372 373 372 371 END
START 376 377 378 377 378 378 424 424 423 424 423 423 458 458 458 459 458 458 END
START 490 491 492 491 492 491 514 515 514 515 514 514 525 524 524 524 524 523 END
START 509 509 509 509 509 508 495 494 495 496 494 494 484 484 483 484 483 483 END
START 468 467 468 467 467 467 458 457 458 457 456 456 449 449 450 449 448 448 END
START 443 442 443 443 443 442 432 431 432 431 430 429 410 410 410 409 408 408 END
START 396 395 396 395 395 395 366 365 364 366 365 364 337 337 338 338 337 336 END
START 319 320 321 319 320 320 328 328 327 328 327 327 337 336 336 337 337 336 END
START 340 341 342 341 342 341 344 344 344 345 344 343 343 342 342 343 343 342 END
START 348 348 349 348 348 347 342 342 342 342 341 340 338 339 339 339 338 337 END
START 357 358 359 359 359 359 392 393 393 393 393 392 417 416 415 417 416 416 END
START 430 431 432 430 431 430 411 411 411 410 411 410 392 392 392 393 392 392 END
START 383 382 383 382 382 382 375 374 375 375 375 374 377 376 376 376 376 375 END
START 368 369 369 369 369 369 366 366 366 366 365 365 365 365 364 365 365 364 END