START 354 355 354 354 356 355 357 356 357 358 358 359 359 359 360 360 359 361 END
START 355 357 357 356 356 356 361 360 361 361 361 360 359 358 359 359 358 358 END
START 330 331 331 331 331 330 285 286 284 284 283 283 257 257 257 257 256 256 END
START 243 243 245 243 244 242 234 234 234 234 234 233 235 234 236 235 235 234 END
START 241 242 242 241 242 242 259 258 258 259 259 258 269 268 268 269 269 268 END
START 280 280 281 281 281 281 291 290 291 290 289 288 297 298 297 298 297 297 END
START 315 317 318 316 317 316 323 324 323 323 323 322 332 332 332 332 332 331 END
START 337 338 339 337 338 338 347 347 346 348 347 346 353 352 351 353 352 351 END
START 359 360 361 360 361 360 366 366 366 366 365 365 368 367 368 368 367 367 END
START 378 379 379 378 379 378 378 378 378 378 377 376 380 381 380 381 380 379 END
START 385 386 386 385 385 385 391 391 391 392 392 391 393 393 394 393 392 392 END
START 393 394 395 394 394 394 412 411 412 411 411 411 437 436 437 437 437 437 END
START 475 477 477 477 477 477 498 497 499 499 498 498 514 513 514 515 514 514 END
START 511 510 511 510 511 510 494 494 494 494 493 493 484 483 484 484 483 483 END
START 471 470 471 470 471 470 469 468 469 468 467 467 469 469 469 468 468 468 END
START 474 473 473 474 474 473 451 451 450 449 449 448 426 426 425 425 424 424 END
START 397 396 396 395 395 394 367 367 367 367 367 366 365 366 365 366 365 365 END
START 357 357 358 357 357 356 357 357 356 357 356 356 353 353 353 353 352 352 END
START 351 352 352 352 353 352 350 349 350 350 349 348 343 343 343 343 343 342 END
START 347 347 348 346 347 346 338 338 339 339 338 338 350 350 351 351 350 349 END
START 372 373 374 373 373 373 406 406 406 407 406 406 423 422 422 422 421 420 END
START 404 405 405 405 405 404 390 389 390 390 389 388 383 383 382 383 383 382 END
START 379 379 380 379 379 378 369 369 369 369 369 368 370 370 370 370 370 369 END
START 361 362 363 362 362 362 360 361 361 361 361 361 367 367 367 367 367 366 END