START 262 263 260 261 260 260 258 256 256 256 256 255 254 254 255 255 253 254 END
START 260 261 262 261 261 260 252 251 252 252 252 251 265 265 266 266 266 265 END
START 280 281 282 281 281 281 284 283 285 285 285 284 295 296 296 297 297 297 END
START 314 315 316 315 315 314 317 317 317 316 316 315 325 324 324 324 323 322 END
START 333 334 335 334 334 334 335 335 335 336 336 336 343 344 343 345 344 344 END
START 352 353 354 353 353 353 360 360 360 362 361 361 358 358 358 357 357 356 END
START 378 379 380 380 380 379 378 378 376 376 374 373 382 381 382 382 381 381 END
START 375 376 376 374 375 374 382 382 382 383 382 382 372 372 373 372 372 372 END
START 404 405 405 405 407 406 445 445 446 445 445 445 477 477 476 477 476 476 END
START 489 488 489 490 490 490 506 506 506 505 504 503 504 503 503 503 502 502 END
START 486 484 485 484 484 483 470 471 471 472 472 472 456 457 457 457 456 456 END
START 453 452 453 452 452 451 426 425 425 426 426 425 421 421 421 421 420 419 END
START 411 410 411 411 411 410 396 396 395 395 394 393 396 396 395 395 394 394 END
START 380 379 381 382 382 382 367 366 366 365 363 363 374 374 375 375 375 375 END
START 373 374 374 372 372 371 363 364 364 365 365 365 368 367 366 366 364 364 END
START 371 372 374 373 374 374 361 361 361 361 360 360 356 356 355 356 356 355 END
START 364 365 366 366 366 366 383 383 382 383 382 382 401 401 402 403 403 404 END
START 393 395 395 394 394 394 372 373 373 373 374 373 347 348 347 348 347 346 END
START 342 343 343 342 343 342 341 340 339 340 340 339 350 351 351 351 350 349 END
START 354 355 356 355 356 356 346 346 347 346 345 344 348 347 348 348 348 347 END
START 347 348 349 348 349 348 363 362 363 362 360 360 375 374 375 375 374 374 END