START 358 359 357 357 358 358 358 357 357 358 358 357 357 357 358 357 356 358 END
START 367 367 368 367 367 367 366 365 366 366 365 364 362 361 361 362 361 361 END
START 359 361 361 360 361 360 342 343 342 342 341 341 303 303 302 302 301 300 END
START 260 261 262 261 261 261 248 249 249 248 248 247 240 240 240 241 240 239 END
START 251 252 252 251 252 252 249 249 249 250 248 248 259 260 260 261 260 260 END
START 272 273 273 273 273 273 283 283 284 283 283 282 289 289 288 289 288 287 END
START 299 300 301 300 300 301 317 317 317 316 316 315 323 323 323 322 323 322 END
START 336 337 337 338 339 337 340 340 340 341 339 340 346 347 345 347 346 346 END
START 354 354 355 354 354 354 365 364 364 365 364 364 367 367 367 367 366 366 END
START 366 367 368 367 368 368 375 376 374 375 375 374 374 374 374 375 374 373 END
START 378 378 379 378 378 377 409 408 408 409 408 408 443 442 443 444 443 443 END
START 473 474 475 474 475 474 498 498 499 499 499 499 513 514 514 513 513 513 END
START 513 511 512 512 513 512 506 506 506 505 505 504 494 493 493 494 493 492 END
START 482 480 481 481 482 481 462 462 462 462 462 461 454 453 454 453 453 453 END
START 447 446 447 446 447 446 440 441 440 441 440 440 433 432 432 432 432 431 END
START 422 420 422 421 421 420 412 412 412 411 411 410 379 379 378 379 378 377 END
START 354 353 353 352 353 352 336 336 336 336 335 334 335 334 334 335 334 334 END
START 339 340 340 340 340 339 326 325 324 326 325 325 319 319 318 319 319 318 END
START 309 310 311 310 310 310 317 318 316 318 317 316 327 327 327 328 326 326 END
START 343 344 344 344 345 344 346 345 346 346 345 344 346 346 346 346 346 345 END
START 347 349 350 349 349 348 350 350 351 350 350 349 350 350 350 350 350 349 END
START 344 345 345 344 344 344 353 352 353 353 353 352 357 356 357 357 356 356 END
START 363 363 364 363 364 363 348 347 348 348 347 346 337 337 337 338 337 336 END
START 336 337 337 336 337 336 340 340 340 340 340 339 349 349 349 350 349 349 END
START 345 346 347 346 346 346 349 349 350 350 349 348 351 351 351 350 350 349 END