START 368 368 367 367 367 368 368 367 368 368 368 368 368 368 369 368 367 368 END
START 367 368 369 368 368 367 366 367 366 366 365 365 368 368 368 368 367 367 END
START 370 371 371 371 371 370 353 354 352 353 351 351 320 320 319 319 319 318 END
START 286 287 288 287 287 288 271 270 271 271 270 269 259 258 259 259 259 258 END
START 260 261 261 260 261 260 267 267 266 267 267 266 276 275 276 276 276 275 END
START 287 288 288 288 288 288 295 295 295 296 295 295 307 307 307 308 307 306 END
START 315 316 316 315 316 315 319 319 319 319 319 318 330 330 330 331 330 330 END
START 340 341 341 341 342 341 349 348 348 349 348 348 351 351 350 351 351 350 END
START 354 354 355 354 354 354 360 360 360 361 359 359 368 367 368 369 367 367 END
START 366 367 368 367 367 366 373 372 373 373 372 372 376 377 376 377 376 375 END
START 372 373 374 373 373 373 384 383 384 384 383 384 409 409 409 410 409 409 END
START 449 451 451 451 451 451 482 482 482 482 482 482 497 498 498 498 497 497 END
START 509 507 509 508 508 508 495 495 495 495 494 494 483 482 483 482 482 481 END
START 469 468 469 468 469 468 457 457 457 457 456 455 449 448 449 447 447 446 END
START 442 441 442 441 441 440 427 425 426 426 425 424 409 410 410 410 409 409 END
START 404 403 404 404 404 403 390 391 390 391 389 390 380 380 381 380 380 379 END
START 368 367 368 367 367 367 369 369 369 369 368 368 362 362 362 362 361 361 END
START 365 366 367 366 366 366 365 364 364 364 363 362 360 360 359 360 359 358 END
START 357 357 358 357 358 357 357 358 357 357 357 356 359 358 358 359 358 358 END
START 354 355 356 355 355 355 354 353 354 354 353 353 350 350 351 350 350 349 END
START 351 351 352 351 352 351 346 345 346 346 345 345 335 333 334 334 334 333 END
START 310 311 311 310 311 311 290 291 290 290 289 288 276 275 275 276 275 274 END
START 275 276 277 276 276 276 295 295 296 295 296 295 331 330 330 331 330 330 END
START 372 373 374 373 373 373 403 402 403 403 403 402 407 406 406 407 405 405 END
START 398 400 400 400 400 399 396 396 396 396 395 394 393 393 393 394 392 392 END