START 280 281 280 280 282 280 281 280 281 280 281 281 280 280 281 280 278 280 END
START 256 257 257 256 256 257 258 258 258 258 258 257 258 257 257 258 257 256 END
START 260 261 262 261 262 262 266 266 267 266 266 265 275 274 275 275 275 274 END
START 289 290 291 290 290 288 296 297 296 296 296 296 307 307 308 308 308 307 END
START 314 315 316 315 316 314 326 325 326 326 326 325 330 331 331 332 330 330 END
START 341 341 342 342 342 342 349 349 349 350 349 348 353 353 352 353 353 352 END
START 362 364 364 364 363 363 363 364 364 364 364 363 369 369 369 369 369 368 END
START 370 370 371 370 371 370 392 393 392 393 391 391 419 419 418 420 419 419 END
START 448 449 450 449 450 450 474 474 475 474 474 474 476 474 476 476 474 474 END
START 469 468 468 467 468 467 459 458 459 460 459 459 453 452 452 453 453 452 END
START 441 440 441 440 440 439 447 446 447 447 446 446 459 458 459 459 458 457 END
START 462 461 462 461 462 462 457 457 457 457 456 455 453 452 453 453 452 452 END
START 446 445 445 444 445 444 425 425 425 425 424 424 417 416 417 417 416 416 END
START 405 404 404 404 404 403 397 397 396 396 396 395 381 380 380 381 380 379 END
START 369 367 369 368 368 368 369 368 368 367 367 367 356 356 356 355 355 354 END
START 348 349 350 349 349 348 348 349 347 348 348 347 346 345 346 347 346 345 END
START 344 345 346 345 345 344 346 346 347 347 346 346 346 346 347 346 346 345 END
START 346 347 348 347 347 347 348 348 348 348 347 347 343 343 343 343 342 341 END
START 343 344 345 344 345 344 342 343 343 343 342 341 337 337 337 337 336 335 END
START 314 316 316 315 315 315 307 306 308 307 306 306 303 303 302 304 302 302 END
START 302 303 304 304 304 303 307 308 307 308 307 306 309 308 308 309 307 307 END
START 326 327 326 327 327 326 333 334 333 334 333 333 336 336 336 337 336 336 END
START 357 358 358 358 358 358 371 370 370 371 370 370 380 379 378 379 379 378 END
START 377 378 379 378 379 378 407 407 406 407 407 407 425 425 424 425 425 424 END