START 352 352 351 351 352 352 354 353 354 354 355 354 354 354 355 354 354 354 END
START 352 353 354 353 353 353 327 327 327 327 325 325 287 286 287 286 285 284 END
START 256 256 257 257 256 256 237 237 236 238 236 236 231 231 231 231 231 230 END
START 235 235 236 235 235 234 243 243 242 244 243 243 251 250 250 252 251 250 END
START 259 261 261 260 261 260 273 273 274 274 273 273 284 284 284 284 283 283 END
START 300 301 301 300 301 300 309 308 308 308 307 307 316 316 317 316 316 315 END
START 328 329 329 329 329 328 336 336 336 337 336 335 347 346 347 348 347 346 END
START 349 350 350 349 349 350 357 355 355 357 356 355 356 357 357 357 356 355 END
START 359 360 361 360 360 360 366 365 366 366 365 364 369 368 369 369 368 368 END
START 377 378 379 378 378 378 379 379 379 379 379 378 384 385 384 385 384 384 END
START 383 384 384 384 384 383 390 389 388 389 389 388 390 391 390 390 389 389 END
START 391 392 392 392 392 392 390 390 390 390 389 389 404 404 404 404 404 403 END
START 446 448 448 448 448 447 479 479 480 478 479 478 503 504 504 505 503 504 END
START 523 523 523 523 523 522 527 527 527 527 526 527 516 517 517 517 515 515 END
START 504 503 504 503 503 502 497 496 496 496 495 494 488 487 488 488 487 486 END
START 473 472 472 472 472 471 440 440 440 439 439 438 413 413 413 412 412 412 END
START 375 373 374 374 373 372 359 357 357 358 358 358 360 359 360 360 359 358 END
START 353 354 355 354 354 354 353 352 353 354 353 352 351 349 350 350 349 348 END
START 346 348 347 346 347 346 341 340 341 341 340 340 336 336 337 337 336 335 END
START 349 349 350 349 349 349 367 368 367 368 368 367 390 390 390 391 390 390 END
START 403 405 405 405 406 405 421 421 420 420 419 419 412 411 412 410 411 410 END
START 402 400 400 401 401 400 391 391 392 392 391 390 385 384 385 385 384 384 END
START 380 378 380 379 379 378 373 372 373 372 372 371 371 371 371 370 370 370 END