START 347 348 347 346 348 347 347 346 347 347 347 348 346 346 346 346 346 346 END
START 351 353 352 352 353 352 352 352 353 352 352 351 350 350 351 350 349 349 END
START 299 300 300 299 299 298 265 265 266 266 265 264 243 242 243 242 241 241 END
START 230 231 232 231 231 230 228 229 228 229 228 227 229 229 230 230 229 229 END
START 246 246 247 246 246 246 255 256 256 256 256 255 271 272 272 273 272 271 END
START 280 281 282 281 282 281 301 300 302 302 301 301 312 311 312 312 311 311 END
START 320 321 321 321 321 320 331 331 331 331 330 329 334 334 334 335 334 333 END
START 349 350 351 350 350 349 356 355 355 356 355 354 365 365 364 366 366 365 END
START 366 367 368 367 367 366 379 377 379 379 378 377 379 379 379 379 379 378 END
START 396 397 398 398 398 398 450 450 450 450 450 450 479 478 478 479 479 478 END
START 509 510 511 511 511 510 523 523 523 524 522 523 521 520 521 521 520 521 END
START 504 503 503 503 503 502 490 491 490 491 490 490 486 486 486 486 485 485 END
START 466 466 466 466 467 466 457 456 457 456 455 456 446 446 446 445 444 444 END
START 440 439 440 440 440 439 428 428 429 429 427 427 425 425 426 426 425 424 END
START 418 417 418 417 417 416 398 398 397 398 397 397 388 389 387 389 388 387 END
START 361 360 361 360 360 360 346 345 345 345 345 344 329 328 329 328 327 326 END
START 305 307 307 306 307 306 301 301 302 301 300 300 316 317 316 317 317 316 END
START 329 330 329 329 330 329 331 331 331 332 331 331 337 337 337 338 337 337 END
START 332 333 334 332 333 333 339 339 338 340 338 338 334 333 332 334 332 332 END
START 336 337 338 337 338 337 361 360 360 361 361 360 381 381 381 382 381 381 END
START 421 421 421 421 422 421 440 440 439 440 440 439 436 436 436 435 435 435 END
START 409 407 409 408 408 408 406 406 407 407 406 406 401 401 400 401 400 400 END
START 396 394 395 394 395 394 388 388 388 389 387 387 383 383 383 383 382 382 END