START 356 356 355 355 356 355 356 354 355 355 355 355 353 353 354 353 352 354 END
START 355 356 356 356 357 356 361 360 361 361 360 360 363 362 363 363 362 362 END
START 363 364 365 364 364 364 363 363 362 363 362 361 364 365 364 365 364 363 END
START 366 368 368 367 368 367 356 357 356 356 355 354 332 333 332 332 331 330 END
START 303 304 305 304 305 304 301 300 301 301 300 300 296 296 296 296 295 294 END
START 307 308 308 307 308 307 310 310 310 311 310 309 322 321 322 322 321 321 END
START 330 332 332 331 332 331 333 333 333 334 333 333 334 335 333 335 334 333 END
START 345 346 347 346 346 346 351 350 349 350 350 349 353 352 352 354 352 352 END
START 351 352 353 352 352 352 357 356 357 358 357 356 367 367 368 368 368 367 END
START 364 364 365 364 364 364 374 373 374 374 373 372 376 377 376 376 376 375 END
START 369 370 370 370 370 370 398 398 397 398 397 397 425 425 424 425 425 425 END
START 456 456 457 457 457 456 472 471 472 471 472 471 470 470 469 470 469 469 END
START 461 460 461 460 460 460 452 452 451 452 451 451 445 445 444 444 444 443 END
START 436 435 436 435 435 435 424 423 423 424 422 422 414 414 414 414 412 412 END
START 418 416 418 417 417 416 411 411 410 411 411 409 414 413 414 415 414 413 END
START 395 394 395 394 394 394 393 392 392 393 392 391 388 388 388 388 387 387 END
START 368 369 370 369 369 368 365 364 365 365 364 363 365 365 365 365 364 364 END
START 363 364 364 363 363 363 361 362 361 361 360 360 359 359 359 360 359 358 END
START 360 360 361 360 360 360 359 359 359 360 358 358 357 357 357 358 356 356 END
START 350 351 352 351 352 351 355 354 355 355 354 354 353 352 353 353 353 352 END
START 353 355 355 354 355 354 348 347 348 348 347 346 335 334 335 335 334 334 END
START 329 330 331 330 330 329 319 319 319 319 318 318 311 311 311 311 310 309 END
START 309 311 310 310 310 310 324 323 323 324 323 323 331 332 331 332 331 330 END
START 349 350 351 351 351 350 367 367 366 368 367 366 377 376 376 377 376 376 END
START 372 374 374 373 373 372 370 370 369 370 370 369 369 368 368 369 368 367 END
START 393 394 394 394 395 393 407 406 407 407 406 405 410 411 410 411 410 410 END