START 360 361 359 359 361 360 361 359 360 360 360 361 359 360 359 359 358 359 END
START 354 356 356 355 356 355 359 360 359 360 359 358 358 357 358 358 357 356 END
START 360 361 362 361 361 360 355 354 355 355 354 353 358 357 358 358 357 357 END
START 358 359 359 358 359 358 363 363 364 364 364 363 350 348 350 349 348 347 END
START 312 314 313 313 313 313 296 295 296 296 294 294 288 288 289 288 287 287 END
START 289 290 292 290 290 290 291 291 291 291 291 290 298 298 298 298 298 298 END
START 304 305 305 304 305 304 315 314 314 314 314 314 321 320 320 320 320 320 END
START 322 324 324 323 324 324 335 334 335 335 334 334 338 339 337 339 338 337 END
START 348 350 350 350 350 349 349 349 348 349 348 347 353 353 352 354 353 352 END
START 360 360 361 360 361 360 366 366 367 367 366 366 371 371 371 371 371 371 END
START 372 373 374 373 373 373 374 375 374 375 375 374 403 402 402 403 402 401 END
START 438 440 440 440 440 440 463 462 463 463 462 463 478 479 479 480 479 478 END
START 482 481 482 482 481 480 468 468 468 468 467 467 460 459 459 460 459 459 END
START 444 443 444 443 444 443 440 441 440 441 440 439 435 434 435 435 434 434 END
START 430 429 430 429 430 430 422 421 421 421 420 420 411 411 410 412 411 411 END
START 404 402 404 403 402 402 391 391 391 392 391 391 400 400 400 401 400 400 END
START 392 391 392 392 392 392 393 392 392 392 391 391 382 383 383 383 382 381 END
START 374 375 374 375 375 375 374 374 374 374 373 372 365 364 365 364 364 363 END
START 353 353 354 353 353 352 345 345 345 346 345 345 348 348 348 348 348 347 END
START 340 342 342 342 341 341 348 348 348 348 348 347 347 347 347 347 346 345 END
START 347 348 347 347 348 348 345 345 345 345 344 343 343 343 343 343 343 342 END
START 348 349 349 348 348 348 345 346 346 346 345 345 348 348 349 349 348 347 END
START 338 338 339 338 338 338 334 334 335 334 334 333 330 330 330 329 329 328 END
START 316 317 317 317 317 316 315 316 315 316 315 314 312 312 312 312 311 311 END
START 325 325 326 324 325 324 337 336 337 338 337 337 357 356 357 358 357 356 END
START 373 374 375 374 374 374 386 386 385 387 386 385 388 388 388 388 388 387 END
START 384 385 386 386 386 386 382 382 382 381 381 380 378 379 379 378 377 377 END