START 360 360 359 359 360 360 360 360 360 361 360 361 361 360 360 361 359 360 END
START 357 358 358 358 358 358 359 359 359 359 358 357 357 356 356 356 356 355 END
START 360 361 362 361 361 361 357 356 357 358 357 356 358 357 358 358 357 357 END
START 346 347 347 347 347 346 311 312 312 312 311 310 283 282 282 283 281 280 END
START 257 258 258 258 258 258 255 254 254 255 254 253 253 253 252 252 251 251 END
START 257 258 258 258 258 257 264 263 263 264 264 262 275 274 276 276 275 274 END
START 283 284 285 284 284 284 298 298 298 299 298 298 310 309 309 310 309 308 END
START 316 316 317 317 317 317 333 332 333 332 332 332 334 334 334 334 333 333 END
START 345 347 347 347 347 346 351 351 350 352 351 350 356 356 355 357 356 355 END
START 360 362 361 361 361 361 370 370 371 371 370 370 375 374 376 376 375 374 END
START 374 376 376 376 376 376 382 382 382 383 382 381 381 381 380 381 380 380 END
START 386 386 386 387 386 386 385 385 386 385 384 384 387 387 387 387 386 386 END
START 387 388 388 388 388 387 396 396 396 396 396 396 424 424 425 424 424 424 END
START 456 458 458 458 458 458 483 482 483 482 482 482 500 501 499 500 500 499 END
START 511 510 511 510 511 510 496 496 496 494 494 494 480 481 481 481 480 479 END
START 475 473 475 474 474 474 457 457 457 457 456 456 451 451 452 451 451 450 END
START 438 437 438 438 438 438 436 435 436 436 435 435 423 423 423 424 423 423 END
START 413 411 412 411 412 410 403 403 402 403 402 401 379 379 378 378 377 376 END
START 362 361 362 360 360 360 339 338 338 339 338 337 325 325 324 325 325 325 END
START 312 312 313 312 313 312 305 304 304 304 304 303 304 304 303 304 303 302 END
START 316 317 318 317 318 317 347 348 348 348 347 346 363 363 363 364 363 362 END
START 372 373 374 373 373 373 368 368 369 369 368 367 368 368 368 369 368 367 END
START 365 366 366 365 366 365 367 367 366 367 366 365 366 366 365 366 365 364 END
START 360 360 360 360 361 360 360 360 359 360 359 358 360 360 359 360 359 359 END
START 360 361 362 361 361 360 354 354 355 354 354 353 351 350 351 351 351 350 END
START 338 339 339 338 338 338 339 338 339 339 338 338 334 333 334 334 333 332 END
START 325 326 327 326 327 326 324 324 322 324 323 323 322 321 321 322 321 320 END
START 328 329 329 328 329 328 336 336 336 337 336 335 344 344 343 345 344 343 END
START 354 354 355 354 355 354 374 374 373 374 374 374 376 376 377 376 375 375 END
START 375 376 377 377 377 376 381 381 380 381 380 379 376 375 375 376 375 374 END
START 376 378 378 378 378 377 369 369 370 369 368 367 393 392 392 393 393 393 END
START 408 410 410 409 409 409 409 410 409 409 409 408 411 410 410 410 409 409 END