START 310 311 309 308 309 309 307 306 306 306 306 307 302 302 302 301 300 301 END
START 281 282 282 281 282 281 268 268 267 268 267 266 263 264 264 264 263 263 END
START 258 259 260 259 259 259 267 267 267 267 266 266 274 275 274 275 275 274 END
START 282 283 283 282 282 282 297 297 297 297 297 296 305 305 305 305 305 304 END
START 319 320 319 319 319 318 327 325 326 326 326 325 331 332 332 333 332 332 END
START 340 341 341 339 339 338 348 349 348 348 348 347 355 354 353 354 353 353 END
START 360 361 362 362 362 362 367 368 368 369 368 369 368 367 368 369 368 367 END
START 376 377 378 376 376 376 374 374 374 375 374 373 380 380 380 380 379 379 END
START 387 388 389 388 387 387 383 383 383 383 383 382 388 388 388 389 388 387 END
START 377 379 380 379 379 379 415 416 415 415 415 414 437 438 437 437 437 437 END
START 466 467 468 467 468 467 486 485 486 486 486 485 496 495 495 496 495 494 END
START 475 473 474 473 473 472 463 464 464 463 464 464 464 464 464 463 462 462 END
START 444 443 444 444 445 444 438 439 438 438 437 437 412 412 411 411 410 409 END
START 415 414 415 414 414 413 416 415 415 416 415 415 413 413 413 414 413 413 END
START 404 403 404 403 403 403 401 401 401 402 401 400 389 388 389 389 388 387 END
START 395 393 395 394 394 394 376 376 377 377 376 375 376 375 376 374 373 373 END
START 368 370 371 370 371 371 368 368 368 368 367 367 364 364 363 364 364 363 END
START 368 369 370 369 369 369 363 363 363 364 363 363 357 357 356 356 355 355 END
START 353 354 354 353 353 353 352 352 352 351 351 350 342 341 342 342 341 340 END
START 350 350 351 349 349 348 343 343 344 345 345 344 347 347 348 348 348 348 END
START 353 354 355 354 354 354 347 347 347 346 345 345 349 349 349 349 348 347 END