START 366 367 365 365 367 366 367 365 366 366 367 366 365 366 366 366 364 365 END
START 368 369 370 369 369 368 371 372 371 371 370 370 372 373 372 373 372 372 END
START 375 376 377 376 376 375 379 378 379 379 379 378 382 381 381 382 381 381 END
START 356 356 357 356 356 356 342 342 341 342 341 340 336 337 337 336 336 335 END
START 344 346 346 345 345 345 344 344 344 345 343 343 347 346 346 347 346 346 END
START 350 352 352 351 352 351 355 356 356 355 355 354 360 360 360 360 360 359 END
START 361 362 363 362 362 362 371 370 371 371 370 370 372 372 371 372 371 370 END
START 373 374 375 374 374 374 376 376 375 376 376 374 375 374 374 375 374 374 END
START 377 378 379 378 378 377 377 377 377 378 377 377 380 380 379 380 379 379 END
START 387 387 388 387 388 386 422 422 421 423 422 422 445 444 444 445 444 444 END
START 470 471 471 471 471 470 488 488 488 489 487 487 491 491 491 491 490 490 END
START 478 476 477 477 477 476 461 461 461 460 460 460 453 452 453 452 452 452 END
START 443 442 443 442 443 442 438 438 437 437 436 436 423 423 423 423 423 422 END
START 417 416 417 417 417 417 406 405 405 406 404 404 400 400 399 401 400 400 END
START 401 400 401 401 401 401 393 394 394 394 393 393 390 390 390 391 390 389 END
START 373 372 373 372 372 371 367 366 367 367 366 366 356 356 355 355 355 354 END
START 344 345 346 344 345 344 329 330 329 330 329 328 330 329 331 331 329 329 END
START 339 341 341 340 340 340 342 343 342 343 342 342 344 345 344 345 344 344 END
START 342 343 344 343 343 342 344 344 343 344 343 343 341 342 342 341 341 340 END
START 340 341 341 341 341 341 342 343 342 342 342 341 342 342 342 342 341 341 END
START 344 345 345 344 345 344 342 342 342 342 341 340 348 348 349 349 348 348 END
START 343 344 344 343 344 343 346 346 346 346 346 344 346 346 347 346 345 345 END
START 337 337 338 338 338 337 335 334 335 334 334 333 327 328 328 328 327 326 END
START 326 327 328 327 327 326 327 328 327 329 328 327 330 331 329 330 330 329 END
START 334 335 336 335 335 334 341 341 340 342 341 340 347 347 346 347 347 346 END
START 352 353 354 353 354 354 354 355 354 354 354 353 357 358 358 358 357 356 END
START 364 364 365 365 365 364 362 362 362 363 361 361 363 362 363 363 363 362 END
START 365 367 367 366 366 366 365 365 365 366 365 364 367 367 366 367 366 366 END
START 362 363 364 363 363 362 370 370 369 369 368 368 380 380 380 381 380 379 END
START 409 411 411 411 411 411 416 416 415 416 415 415 407 408 408 407 406 406 END