START 382 383 381 381 382 381 380 379 380 380 380 380 377 377 377 377 376 377 END
START 342 343 343 342 343 343 335 336 336 335 335 334 341 341 341 342 341 341 END
START 354 354 355 354 354 355 355 355 355 356 355 355 362 362 363 362 362 361 END
START 364 364 365 363 364 364 370 370 371 371 370 370 362 362 362 361 361 360 END
START 325 326 326 324 325 325 314 314 313 314 313 313 309 309 309 309 309 308 END
START 313 314 314 314 314 314 322 321 322 322 321 321 327 328 328 330 329 328 END
START 334 334 335 334 335 334 342 343 343 344 344 343 360 361 360 361 360 360 END
START 358 359 359 358 359 359 376 376 376 375 375 374 374 375 375 375 375 375 END
START 384 385 386 385 386 387 385 385 384 385 384 384 391 391 391 391 390 390 END
START 398 399 399 397 397 397 387 388 387 387 386 386 419 420 420 419 420 419 END
START 430 431 431 431 432 432 463 464 464 464 464 463 458 459 459 459 459 458 END
START 450 449 450 448 449 450 445 445 445 445 444 444 445 445 445 446 445 445 END
START 451 450 451 450 451 451 442 442 443 443 443 442 446 446 447 446 446 446 END
START 449 448 448 447 448 448 448 448 448 447 447 446 447 447 448 448 448 448 END
START 449 448 449 447 448 448 436 436 436 435 434 433 436 437 437 437 437 436 END
START 402 401 402 400 401 400 419 420 420 422 422 421 407 407 406 407 407 407 END
START 394 392 393 392 393 392 428 430 430 432 432 432 434 434 434 434 433 432 END
START 450 451 452 452 453 454 430 429 428 428 427 426 432 432 431 432 432 432 END
START 439 438 439 437 438 438 412 413 413 414 414 414 435 436 435 435 434 433 END
START 434 433 434 432 432 432 454 454 454 456 456 456 460 460 459 459 458 457 END
START 439 438 439 439 440 440 438 438 438 437 437 436 431 431 431 432 431 431 END
START 429 429 429 428 429 430 428 429 428 429 429 428 431 431 431 432 431 431 END
START 415 413 414 413 413 413 426 427 426 426 425 425 428 429 428 429 428 428 END