START 354 355 353 354 355 355 357 356 357 357 358 358 359 359 359 359 358 359 END
START 316 317 317 316 317 316 275 274 275 275 274 273 243 242 243 243 242 241 END
START 222 223 224 223 223 224 218 218 217 218 217 216 222 222 223 223 222 221 END
START 236 236 237 236 236 236 245 245 245 246 246 245 256 256 256 257 257 256 END
START 268 268 269 268 269 268 286 286 287 287 286 286 295 294 294 295 294 293 END
START 308 308 309 308 308 308 315 315 315 315 315 314 323 322 323 323 322 322 END
START 331 332 332 332 332 332 339 338 339 340 339 338 348 349 348 349 348 348 END
START 354 355 356 355 355 354 370 369 369 371 370 369 374 374 374 374 373 373 END
START 369 370 370 370 371 370 410 409 409 410 410 409 441 440 440 440 440 440 END
START 478 479 480 479 480 479 501 501 501 502 500 500 518 518 518 519 518 518 END
START 534 533 534 534 533 533 522 523 523 523 522 522 511 510 510 510 509 509 END
START 494 493 493 494 495 493 483 483 482 482 481 481 469 470 470 470 468 468 END
START 461 460 461 459 460 460 447 447 446 446 445 445 441 441 441 441 441 440 END
START 430 429 430 428 429 428 412 412 413 412 412 411 395 396 396 395 395 394 END
START 367 365 367 366 366 365 354 353 354 354 353 352 341 341 341 341 341 340 END
START 336 337 338 337 337 336 322 321 322 322 321 321 317 318 318 318 317 317 END
START 322 322 323 322 323 322 332 331 331 333 332 331 348 348 348 349 348 347 END
START 344 345 346 345 346 345 351 351 350 351 350 350 350 350 350 350 349 348 END
START 351 352 352 352 352 351 349 348 349 349 349 348 353 354 354 354 353 353 END
START 349 351 351 350 350 350 353 353 353 353 353 352 355 354 355 355 354 354 END
START 366 368 368 368 368 368 393 392 394 394 393 393 408 408 408 408 407 407 END
START 421 422 423 422 422 422 401 400 401 400 400 399 393 392 393 393 392 392 END
START 392 391 392 391 392 391 384 384 385 385 384 384 383 383 384 383 383 382 END