START 278 279 277 278 278 278 278 277 277 277 277 277 276 276 276 276 275 276 END
START 268 269 269 268 268 268 278 278 278 278 277 277 286 286 285 286 286 285 END
START 296 297 298 297 297 297 304 303 303 304 303 302 310 310 310 310 309 309 END
START 320 321 322 321 322 321 309 309 309 309 308 307 290 291 290 290 290 289 END
START 286 287 287 287 287 287 285 285 285 285 285 284 293 291 292 292 291 291 END
START 299 299 300 299 299 300 312 313 313 313 313 312 320 320 320 320 320 319 END
START 327 328 328 328 328 328 335 333 334 335 334 334 343 343 343 344 343 343 END
START 349 350 350 350 350 349 356 356 355 357 357 356 366 367 367 367 366 366 END
START 371 372 373 372 372 372 368 368 369 369 368 367 373 374 373 373 372 372 END
START 380 381 381 380 381 380 380 380 379 380 379 378 382 382 382 382 381 381 END
START 383 383 384 383 384 383 381 380 380 381 380 379 387 387 387 387 387 386 END
START 397 398 399 398 399 398 436 436 436 435 435 435 467 467 468 467 467 467 END
START 491 492 493 493 493 492 511 509 509 511 510 509 513 514 513 513 512 512 END
START 503 502 503 502 502 502 481 480 481 481 480 480 472 471 472 472 471 471 END
START 460 459 460 459 459 459 448 447 448 447 446 446 436 435 435 436 434 434 END
START 432 430 431 430 430 430 401 401 401 401 400 399 393 392 392 393 392 391 END
START 389 388 388 388 388 388 387 387 386 387 386 385 385 384 385 385 385 384 END
START 380 381 381 381 382 381 371 371 371 371 370 370 365 365 365 365 364 364 END
START 360 361 361 360 361 360 349 349 349 350 349 348 345 346 345 346 344 344 END
START 351 352 352 351 352 351 345 345 346 346 345 344 347 347 347 348 347 346 END
START 349 350 350 351 351 350 349 350 350 350 349 348 348 347 348 348 347 346 END
START 344 345 345 345 345 344 345 345 346 345 344 344 345 346 346 346 345 344 END
START 344 345 346 345 345 344 345 345 346 346 345 344 343 342 343 343 342 342 END
START 344 344 345 344 345 344 337 338 338 338 337 336 348 348 349 348 348 347 END
START 358 359 359 359 359 359 385 384 384 386 384 384 396 396 397 397 396 395 END
START 393 394 394 394 394 393 369 369 370 369 368 368 360 359 360 359 359 358 END
START 358 360 360 359 360 359 357 358 357 358 357 357 357 356 357 357 356 356 END
START 352 354 354 353 353 353 357 355 356 357 355 355 351 350 351 351 351 350 END