START 362 363 362 362 362 362 363 362 363 363 363 363 364 364 365 365 364 366 END
START 344 345 345 344 344 343 300 301 299 300 300 299 276 275 275 275 274 274 END
START 260 261 261 261 261 260 251 251 251 252 251 250 249 248 248 249 248 247 END
START 250 251 251 251 251 251 259 259 260 260 259 259 272 271 273 272 271 271 END
START 277 278 278 277 278 277 288 288 288 289 288 287 300 300 300 301 300 299 END
START 305 306 307 306 306 306 320 320 321 321 320 320 328 328 328 329 327 327 END
START 333 335 335 335 335 334 346 347 346 347 346 346 352 352 352 353 352 351 END
START 360 360 361 361 361 360 367 367 367 368 367 366 374 374 374 375 374 373 END
START 375 376 376 376 376 376 382 382 382 382 382 381 384 382 383 383 382 382 END
START 403 404 404 404 405 404 444 444 444 444 443 444 474 474 474 474 474 473 END
START 500 499 500 500 500 500 520 521 521 521 520 519 515 514 513 514 513 513 END
START 492 491 492 492 492 491 489 489 487 489 488 487 478 476 478 478 477 476 END
START 460 459 460 459 460 459 449 449 450 448 448 448 443 443 442 443 442 442 END
START 436 434 435 434 434 433 421 421 422 421 421 420 418 418 419 418 417 416 END
START 412 411 411 411 411 410 396 396 395 397 396 395 387 388 388 388 387 386 END
START 378 377 378 378 378 377 368 367 368 367 367 367 368 368 369 368 367 367 END
START 359 359 360 359 359 359 354 355 354 354 353 353 354 355 353 354 354 353 END
START 347 347 348 347 348 348 347 345 346 346 345 345 352 352 353 353 352 351 END
START 348 349 350 349 349 349 347 347 347 347 346 345 346 345 346 346 345 345 END
START 356 357 357 357 358 357 377 377 377 377 376 376 393 394 394 394 393 393 END
START 410 411 411 410 411 410 391 390 390 391 390 390 376 375 376 375 375 374 END
START 368 367 369 368 368 368 363 362 363 363 362 362 363 362 362 362 362 361 END
START 359 361 361 360 361 360 356 356 355 356 355 354 356 356 355 356 355 355 END
START 355 356 357 356 356 356 351 350 351 351 350 349 349 348 349 349 349 348 END