START 313 314 312 312 314 312 311 310 311 311 311 312 309 309 309 309 308 309 END
START 287 288 289 287 288 287 265 264 264 265 265 264 260 260 260 261 260 259 END
START 254 254 255 254 254 254 263 263 263 264 262 262 271 271 271 271 271 270 END
START 276 278 278 277 277 277 287 288 287 287 288 287 292 291 292 293 291 291 END
START 304 305 306 305 306 305 314 314 314 313 314 313 325 324 324 325 324 324 END
START 330 331 332 331 330 330 339 338 339 340 338 338 344 345 344 345 344 343 END
START 352 353 353 352 352 352 357 357 356 357 356 356 354 355 355 355 354 353 END
START 368 369 369 369 369 368 371 370 371 371 370 370 381 380 381 381 380 380 END
START 380 381 381 381 381 380 387 387 387 388 387 387 413 413 414 412 413 412 END
START 450 452 452 452 452 452 476 476 476 475 475 475 487 486 487 487 487 486 END
START 483 481 482 481 482 481 466 465 465 466 465 464 462 462 462 462 461 461 END
START 451 449 451 450 450 450 443 443 442 443 442 442 430 431 430 430 429 428 END
START 426 425 426 425 425 425 417 417 418 417 417 416 405 406 404 406 404 404 END
START 398 396 398 397 397 396 385 384 384 385 383 383 381 381 381 381 380 380 END
START 380 381 381 381 381 380 380 380 381 380 380 379 378 378 378 378 377 377 END
START 370 371 372 371 372 371 382 383 382 382 381 381 395 394 394 395 394 394 END
START 413 414 415 414 414 414 424 425 425 424 423 423 424 424 424 423 424 423 END
START 400 398 399 399 399 398 387 387 386 387 386 386 380 380 379 380 379 378 END
START 373 374 374 374 375 374 367 367 368 367 367 366 364 363 363 363 363 362 END