START 382 383 382 382 382 382 382 381 381 382 382 381 380 380 381 380 379 381 END
START 380 381 382 380 381 380 368 368 368 367 367 367 367 366 366 366 366 365 END
START 368 368 369 368 369 368 366 367 366 367 366 366 367 367 366 367 366 365 END
START 330 331 331 330 330 330 302 302 301 302 301 300 289 290 289 289 289 288 END
START 282 283 284 283 284 282 277 277 277 277 277 276 281 281 281 282 281 281 END
START 292 293 293 292 292 293 299 299 298 299 299 298 307 307 307 307 306 306 END
START 311 312 313 312 313 312 319 320 319 320 319 319 323 324 324 324 323 322 END
START 334 335 334 335 335 334 337 335 336 337 336 335 345 345 344 345 344 344 END
START 349 350 350 350 350 350 353 353 352 354 353 352 359 359 360 359 358 358 END
START 354 356 356 356 356 356 367 367 368 368 368 368 393 393 393 393 392 392 END
START 426 427 427 427 428 427 448 448 447 447 447 447 443 442 443 443 442 442 END
START 435 434 435 435 435 434 434 434 435 434 434 433 427 427 428 427 426 425 END
START 418 417 418 417 418 418 419 418 417 419 418 417 413 413 412 413 412 412 END
START 409 408 409 408 409 408 397 396 397 397 395 395 390 389 389 390 389 387 END
START 400 399 400 400 400 400 410 410 410 410 410 409 409 409 410 409 408 407 END
START 400 399 400 399 399 398 407 407 407 408 407 406 397 397 397 397 396 396 END
START 384 385 385 384 384 384 372 372 372 373 371 371 364 363 363 363 364 363 END
START 362 363 364 362 362 362 356 356 356 357 357 356 365 365 365 365 364 364 END
START 359 360 360 359 360 359 363 362 363 363 362 362 358 358 357 357 357 356 END
START 352 354 354 354 354 353 353 353 353 353 352 352 347 346 347 347 346 346 END
START 360 360 361 361 361 360 380 380 381 381 380 380 401 401 401 401 400 400 END
START 416 417 417 416 417 416 407 406 407 406 406 405 395 396 395 395 394 394 END
START 390 389 390 390 390 390 386 385 385 385 385 384 380 379 380 379 378 378 END