START 387 388 386 386 388 387 387 386 387 387 387 387 386 386 386 386 385 386 END
START 383 384 384 383 384 383 374 375 374 374 374 372 377 377 377 376 375 375 END
START 366 367 367 366 366 366 374 374 374 375 374 374 369 369 369 369 368 368 END
START 367 367 368 367 367 367 367 366 366 367 366 366 367 367 367 368 366 366 END
START 338 339 340 338 339 337 301 301 301 300 300 299 285 286 286 286 285 283 END
START 267 268 269 267 268 267 265 265 265 265 265 264 272 273 272 272 272 271 END
START 270 271 272 271 272 272 275 275 274 275 273 273 286 285 285 286 285 284 END
START 286 286 288 287 287 287 290 289 289 290 289 289 304 304 304 303 303 302 END
START 318 319 319 319 319 319 321 321 321 321 321 321 335 335 335 335 334 333 END
START 338 339 340 339 340 339 355 355 353 355 354 353 352 352 352 353 352 351 END
START 357 358 358 357 357 357 349 349 350 351 351 351 391 391 392 393 392 392 END
START 437 438 438 437 437 437 473 472 474 474 473 473 493 493 494 493 493 492 END
START 495 495 495 495 495 494 485 484 483 483 482 482 471 471 471 470 470 469 END
START 461 460 461 460 460 459 452 452 452 451 450 450 441 441 441 442 441 441 END
START 441 440 442 441 441 440 422 421 422 423 421 421 422 423 423 422 422 421 END
START 410 408 409 408 408 407 407 407 407 407 407 406 398 398 398 398 397 396 END
START 389 387 388 387 388 387 376 376 376 376 375 374 369 368 369 369 369 369 END
START 363 363 365 364 363 363 363 362 362 364 364 363 359 359 359 359 359 359 END
START 357 357 358 357 358 356 358 359 358 358 358 357 359 358 359 359 358 358 END
START 361 363 363 362 363 362 357 356 357 356 356 355 355 354 354 354 354 353 END
START 356 357 358 357 357 356 354 354 355 356 355 355 355 353 354 354 353 353 END
START 350 351 351 350 350 350 353 353 353 354 353 353 353 353 353 353 352 352 END
START 355 356 357 357 358 359 347 345 346 347 346 345 343 342 343 344 342 342 END
START 348 349 348 347 347 346 337 338 338 338 338 337 342 342 342 342 341 340 END
START 333 335 335 334 334 334 347 347 347 348 347 347 359 359 359 359 358 357 END
START 362 363 363 363 363 363 361 361 361 361 360 359 363 362 363 363 361 361 END
START 368 369 370 369 369 370 367 367 367 367 367 366 364 364 363 364 364 363 END