START 365 366 365 365 366 366 367 366 367 367 367 367 367 367 367 367 366 367 END
START 358 359 360 359 359 358 367 367 367 367 366 366 363 363 363 364 363 362 END
START 359 361 361 361 361 361 362 363 362 362 361 361 359 359 359 359 358 358 END
START 349 351 351 350 350 349 314 315 314 314 313 312 289 288 289 289 288 287 END
START 268 268 269 267 268 268 264 263 263 264 264 262 256 256 256 256 256 256 END
START 264 265 266 265 266 265 276 277 277 277 276 276 281 280 281 281 280 280 END
START 296 297 297 296 296 296 305 304 305 306 305 304 319 319 319 319 319 318 END
START 323 324 324 323 323 322 331 332 331 332 331 330 339 338 339 339 339 338 END
START 339 341 341 341 341 342 346 346 345 346 345 344 353 352 352 353 352 352 END
START 363 365 365 364 364 364 361 361 361 361 360 360 369 369 369 369 369 368 END
START 374 375 375 375 375 374 375 375 375 376 376 375 408 408 408 408 407 407 END
START 440 441 442 442 443 442 474 474 473 474 474 473 487 486 487 487 486 485 END
START 480 479 480 479 480 479 464 463 463 464 463 463 462 462 462 461 461 460 END
START 452 450 451 450 451 450 439 439 439 439 438 438 433 433 432 433 431 431 END
START 420 419 420 419 420 419 411 410 409 410 409 408 407 407 406 408 407 407 END
START 401 400 401 401 401 400 382 382 382 383 382 381 382 382 382 383 382 382 END
START 371 369 370 370 370 368 365 365 365 364 364 363 362 362 362 362 362 361 END
START 364 365 365 365 365 365 365 365 364 365 364 363 366 367 366 367 366 365 END
START 364 365 365 365 365 364 364 364 364 364 363 362 363 363 363 363 362 362 END
START 360 361 362 361 361 361 362 363 362 363 362 362 361 362 361 362 360 360 END
START 349 350 351 350 351 350 373 373 373 373 373 372 392 393 392 393 392 392 END
START 420 421 421 421 422 421 427 426 425 426 425 425 412 412 413 412 412 411 END
START 392 391 392 391 392 391 379 379 379 379 378 378 373 373 373 374 373 373 END
START 364 365 365 365 365 364 366 366 366 366 366 365 362 361 361 361 360 360 END