START 355 356 354 354 355 354 353 352 353 354 353 354 353 353 353 354 352 354 END
START 343 344 345 343 344 343 299 298 299 299 298 298 271 270 271 271 270 269 END
START 245 245 246 245 245 245 242 241 242 242 241 240 238 237 236 237 236 236 END
START 241 242 243 242 242 242 249 250 250 250 249 248 255 255 254 255 255 255 END
START 274 274 275 274 275 274 282 283 283 284 283 283 295 294 295 296 295 295 END
START 305 306 306 306 306 306 319 320 320 320 320 319 329 328 329 329 329 328 END
START 338 339 339 339 339 339 347 347 346 347 347 346 352 352 351 352 351 351 END
START 361 362 363 362 362 362 365 365 366 366 365 364 371 371 372 372 371 372 END
START 373 375 375 374 375 374 384 384 384 384 384 384 386 386 386 386 385 385 END
START 390 391 392 392 392 392 409 410 410 409 408 408 438 438 438 438 438 438 END
START 479 480 480 480 480 480 497 497 497 497 497 496 501 500 499 501 500 499 END
START 487 486 487 486 486 485 480 479 479 479 478 478 471 472 471 471 470 470 END
START 456 455 457 456 456 456 450 450 450 450 449 449 444 443 442 443 442 442 END
START 442 441 442 442 443 442 441 441 441 442 441 441 443 443 443 443 442 441 END
START 437 436 437 436 436 436 423 424 424 424 422 422 408 409 408 408 407 407 END
START 387 387 388 387 388 388 386 386 385 386 385 384 378 378 378 378 377 376 END
START 374 375 375 374 375 374 365 365 366 365 364 364 360 360 360 361 360 360 END
START 358 359 360 359 359 359 357 358 357 358 357 356 357 358 357 358 357 356 END
START 350 351 352 351 352 351 349 349 350 350 349 348 347 346 346 346 345 345 END
START 341 342 342 342 342 342 336 336 336 336 335 335 335 334 335 336 335 334 END
START 340 341 341 340 340 340 339 339 339 340 339 338 354 353 353 354 353 352 END
START 349 349 350 349 349 349 351 351 350 352 351 350 349 349 349 349 349 348 END