START 265 266 265 264 266 264 265 264 264 264 265 265 263 263 263 263 262 264 END
START 277 278 279 278 279 278 287 287 286 287 287 286 297 298 297 298 297 297 END
START 300 300 300 299 300 299 288 289 289 289 288 288 285 284 285 284 285 284 END
START 285 286 287 286 286 286 307 307 307 307 306 306 312 312 312 312 312 311 END
START 320 321 321 321 321 321 324 324 325 325 324 323 333 332 333 334 333 333 END
START 338 339 340 339 339 338 345 346 345 346 345 345 352 351 351 352 351 351 END
START 352 353 354 353 354 352 365 365 365 365 364 364 368 368 369 368 368 367 END
START 372 373 374 374 373 373 376 377 376 376 375 375 380 380 380 380 379 379 END
START 404 406 406 405 405 405 433 433 433 434 434 434 466 465 465 466 466 465 END
START 485 484 484 484 485 484 507 507 506 508 506 507 520 521 519 520 519 519 END
START 513 512 513 512 513 512 501 501 501 501 500 499 485 484 485 485 484 484 END
START 474 473 474 474 474 473 463 464 464 464 462 462 458 458 458 457 457 457 END
START 438 437 437 437 437 436 429 429 429 429 428 427 413 413 413 413 412 411 END
START 399 398 399 399 399 398 388 388 388 389 388 388 372 372 372 372 371 371 END
START 363 363 364 362 363 362 355 355 355 354 354 354 353 353 352 353 353 352 END
START 349 349 350 349 349 349 347 347 347 347 347 346 348 347 348 348 347 347 END
START 342 343 343 343 343 342 347 347 347 347 346 345 343 343 343 343 342 342 END
START 346 347 348 347 347 346 340 341 341 340 340 339 340 339 340 339 339 338 END
START 336 337 337 336 337 336 332 332 333 333 332 331 327 327 326 327 326 326 END
START 316 316 318 317 317 317 316 316 314 316 315 314 311 311 309 311 310 309 END
START 323 324 325 324 324 324 327 326 326 327 326 326 337 336 336 337 336 336 END
START 342 342 343 342 343 341 345 345 345 346 346 345 356 356 355 356 356 355 END