START 373 374 373 372 373 372 372 371 372 372 371 372 369 369 369 369 368 368 END
START 313 314 314 313 313 313 275 274 274 274 273 272 257 257 257 257 257 256 END
START 248 249 250 248 249 249 253 254 254 254 254 253 269 269 270 270 269 269 END
START 274 274 275 273 274 274 291 291 292 292 292 291 295 295 295 295 295 294 END
START 311 312 312 311 312 312 331 331 331 330 330 330 332 332 332 332 331 331 END
START 345 346 347 346 346 346 352 352 352 353 352 352 362 362 362 363 363 362 END
START 369 370 371 369 370 370 379 380 380 380 380 379 384 384 384 384 384 384 END
START 386 387 388 387 388 388 396 396 396 396 396 395 394 394 394 393 393 393 END
START 399 400 400 399 400 400 400 400 400 400 400 399 407 407 407 407 406 406 END
START 403 404 405 404 405 405 434 435 435 436 435 435 448 448 448 449 448 447 END
START 461 460 461 460 461 461 473 473 472 473 472 472 462 462 462 462 461 461 END
START 464 464 464 463 464 464 456 456 455 456 455 455 456 457 457 457 457 456 END
START 461 460 460 459 460 460 457 458 458 458 457 457 446 446 446 446 446 445 END
START 447 446 447 446 447 447 451 451 451 451 451 450 447 447 447 447 446 445 END
START 451 450 451 450 450 450 442 442 442 442 442 442 437 438 439 438 438 438 END
START 438 437 437 436 437 437 432 433 433 433 432 432 434 434 433 434 433 433 END
START 426 425 426 425 426 426 430 430 429 430 430 430 428 428 427 428 428 427 END
START 431 430 431 430 431 431 423 423 422 423 422 422 423 423 424 424 423 423 END
START 426 425 426 425 425 425 422 423 422 423 422 422 423 424 424 424 423 423 END
START 416 415 416 414 415 415 416 417 416 417 416 416 417 417 417 417 416 416 END
START 414 412 414 413 413 413 411 411 411 411 410 410 403 403 403 404 404 403 END
START 407 406 407 405 406 406 395 395 395 396 395 395 389 390 390 390 389 389 END
START 387 386 386 385 386 386 398 398 398 398 398 398 396 397 397 396 396 395 END
START 393 393 394 393 394 393 395 395 395 394 394 394 391 391 391 391 391 391 END
START 393 394 394 393 394 394 388 388 388 388 388 387 391 391 391 391 391 391 END
START 385 386 386 385 386 386 386 386 386 386 385 385 385 385 385 385 385 384 END