START 263 263 262 261 262 261 261 259 260 260 260 260 258 259 259 259 257 259 END
START 244 245 245 245 245 244 239 239 238 239 238 237 242 241 242 242 242 241 END
START 248 248 249 247 248 248 267 267 266 268 267 266 278 279 279 280 278 278 END
START 291 292 292 292 292 292 308 309 308 309 308 307 305 304 304 304 303 303 END
START 310 312 312 312 312 312 320 320 320 321 320 319 327 328 328 328 327 327 END
START 336 337 337 336 337 336 345 346 345 346 346 345 353 353 352 354 353 352 END
START 354 356 356 355 356 355 368 368 368 368 368 367 368 368 368 368 367 367 END
START 376 376 377 376 376 376 371 372 372 372 372 371 409 409 409 410 409 409 END
START 447 448 449 448 449 448 471 471 470 472 471 471 496 496 497 497 496 495 END
START 511 509 510 509 510 509 498 497 497 498 497 496 489 489 489 489 488 488 END
START 484 483 484 483 484 483 467 466 467 466 466 465 462 462 463 462 461 461 END
START 456 455 456 455 455 454 433 433 433 433 432 432 429 429 429 429 428 428 END
START 409 407 407 406 406 406 384 384 384 385 384 383 375 375 373 375 373 373 END
START 368 366 367 366 367 367 365 365 365 364 364 364 362 361 361 362 361 360 END
START 365 366 366 365 366 365 356 357 356 357 356 355 362 363 362 363 362 362 END
START 358 360 360 359 359 359 360 359 360 360 359 359 349 349 348 349 348 347 END
START 337 338 339 338 338 338 329 328 329 329 328 327 327 327 328 327 327 326 END
START 333 335 335 334 335 334 351 351 350 352 351 350 378 379 378 380 379 379 END
START 405 406 407 406 407 406 417 416 417 416 416 415 411 411 411 411 411 410 END
START 404 403 404 403 404 403 405 403 404 404 403 402 393 392 393 393 392 392 END