START 331 332 330 330 331 330 329 328 329 328 329 328 326 327 327 326 325 326 END
START 292 292 293 292 292 292 271 271 270 271 270 269 258 259 258 259 258 257 END
START 255 256 256 255 255 255 255 254 254 255 255 254 265 264 265 266 265 265 END
START 267 268 269 268 268 268 287 286 288 288 287 286 291 291 291 292 290 290 END
START 300 300 302 301 301 301 309 309 309 309 308 308 323 322 323 323 323 322 END
START 330 331 332 331 332 331 333 334 334 335 334 334 348 349 348 350 349 348 END
START 350 351 351 351 351 351 356 355 354 356 355 355 357 356 357 357 355 355 END
START 358 359 360 359 359 358 404 403 404 404 404 403 431 430 431 431 430 430 END
START 463 464 464 464 464 464 481 482 482 482 481 480 478 477 477 478 477 477 END
START 462 460 461 460 461 460 457 457 457 456 455 455 449 448 448 448 448 447 END
START 442 440 441 440 441 440 432 431 432 432 431 430 430 430 430 430 429 428 END
START 416 415 416 415 415 415 409 409 408 410 409 408 408 408 408 409 408 408 END
START 384 381 382 381 381 380 376 376 377 376 376 375 371 371 370 371 370 369 END
START 372 374 373 373 374 373 378 377 377 378 377 376 374 374 373 374 373 372 END
START 376 377 377 377 378 378 369 369 369 370 369 369 373 372 372 372 372 371 END
START 363 365 365 365 365 365 354 355 354 355 354 353 340 339 339 340 339 338 END
START 326 327 327 327 327 327 335 333 335 335 333 333 355 354 354 355 355 354 END
START 411 412 413 412 413 412 423 422 423 424 423 422 419 418 420 419 418 418 END
START 414 412 413 412 412 412 405 405 404 406 404 404 400 399 400 400 399 399 END
START 390 388 390 389 390 389 388 389 388 388 388 386 379 379 380 379 379 378 END