START 362 363 362 362 364 363 365 364 365 365 365 366 365 365 366 366 364 366 END
START 315 316 317 315 315 315 281 281 280 281 280 279 266 266 266 267 266 266 END
START 244 245 246 245 245 245 245 245 245 245 244 243 242 243 242 243 242 241 END
START 257 258 259 257 257 257 263 263 263 264 262 262 282 282 283 283 282 282 END
START 283 284 285 284 284 284 299 300 299 301 299 300 298 299 299 299 298 298 END
START 310 311 312 312 312 312 322 321 322 321 321 320 324 323 324 323 323 323 END
START 341 342 343 343 343 343 346 346 345 346 345 345 353 354 353 354 354 354 END
START 359 359 359 358 359 358 365 365 366 366 365 365 371 370 370 370 369 368 END
START 371 373 373 373 374 373 382 382 381 382 381 380 376 376 375 376 375 374 END
START 385 386 386 385 386 385 381 381 382 381 381 381 390 389 389 390 389 389 END
START 386 387 387 386 387 386 410 410 410 410 410 410 434 434 435 434 434 433 END
START 456 457 457 457 457 457 488 487 487 488 487 487 504 503 503 504 503 503 END
START 514 513 515 514 515 514 494 495 495 494 493 493 489 489 490 490 488 488 END
START 474 473 474 472 472 472 455 455 455 455 455 454 454 454 454 453 453 452 END
START 441 439 441 440 440 440 431 431 431 432 431 430 419 417 419 418 417 417 END
START 412 411 412 411 411 411 402 401 400 401 400 400 375 375 375 376 375 374 END
START 353 351 352 351 352 351 325 324 325 326 324 324 309 309 309 309 309 308 END
START 294 295 295 295 296 295 303 303 302 303 303 302 324 324 324 325 324 323 END
START 346 347 348 348 348 348 357 357 358 358 357 356 356 357 356 357 356 356 END
START 362 362 363 362 362 361 357 356 357 357 356 356 352 351 352 352 351 350 END
START 349 349 350 349 349 348 353 352 354 354 353 353 360 359 359 359 358 357 END
START 353 354 355 354 355 354 349 349 349 349 349 348 345 345 346 346 345 345 END
START 362 364 364 363 364 364 382 383 383 383 382 382 401 401 401 402 401 402 END
START 421 422 422 422 421 421 428 428 428 427 427 426 413 413 413 413 412 410 END
START 388 387 388 388 388 388 379 380 379 380 378 378 371 370 371 371 371 370 END
START 372 373 374 373 373 372 371 370 370 371 370 370 364 364 363 364 363 363 END