START 365 365 364 364 366 364 366 365 365 366 366 366 365 365 365 365 365 366 END
START 357 359 360 359 359 359 363 364 363 364 362 362 363 363 362 362 362 361 END
START 365 366 366 366 367 366 363 363 362 363 361 361 365 365 365 365 364 364 END
START 368 369 369 368 369 368 364 364 363 363 363 363 364 365 364 365 364 363 END
START 343 344 344 343 343 342 314 314 313 313 312 311 291 291 291 292 290 290 END
START 287 288 289 288 288 288 283 283 283 284 284 283 286 285 286 286 286 285 END
START 295 296 297 296 296 295 295 295 296 295 294 294 304 304 305 304 304 304 END
START 308 309 309 308 309 308 317 317 318 317 317 316 322 321 322 322 321 320 END
START 329 329 330 330 330 330 336 335 336 336 335 334 339 339 339 341 340 340 END
START 346 347 347 346 347 346 350 350 350 351 350 350 358 358 358 358 358 357 END
START 359 360 361 360 360 360 384 383 385 385 384 384 414 413 414 414 413 413 END
START 447 448 448 448 448 448 472 473 473 472 472 471 487 486 487 487 486 486 END
START 482 480 482 481 481 480 466 466 465 466 465 464 460 461 461 461 460 460 END
START 441 440 442 441 441 441 442 442 442 442 441 441 433 434 433 434 433 433 END
START 420 419 420 420 421 419 420 420 421 421 419 420 407 406 406 407 406 406 END
START 406 404 404 405 405 404 395 394 395 395 394 394 388 388 389 389 388 388 END
START 378 377 378 376 377 376 368 368 368 367 367 367 364 364 364 364 364 363 END
START 361 362 363 363 363 362 362 363 362 362 361 361 362 363 362 362 362 360 END
START 356 358 358 357 358 357 352 353 352 352 352 351 357 357 357 358 357 357 END
START 352 353 353 352 352 352 353 352 354 354 353 353 355 356 356 356 355 355 END
START 348 349 349 348 349 348 337 337 338 338 337 336 331 331 332 331 330 330 END
START 332 333 333 332 333 332 336 335 334 336 335 334 348 347 347 348 348 347 END
START 347 347 348 347 347 347 345 345 345 346 346 345 352 352 352 352 351 351 END