START 295 295 294 294 295 294 295 294 294 294 294 295 293 294 294 293 292 293 END
START 265 266 266 264 265 265 260 260 260 261 261 260 262 262 262 263 263 262 END
START 268 269 269 268 268 268 283 283 283 283 283 282 283 283 283 283 282 281 END
START 310 311 311 310 311 311 315 316 315 315 315 314 331 332 332 333 333 334 END
START 342 343 343 341 342 341 355 354 354 355 354 353 359 359 358 360 359 359 END
START 369 370 371 371 372 372 382 381 382 382 381 381 396 396 396 396 395 394 END
START 385 386 387 386 387 387 395 395 396 395 395 394 395 394 395 394 394 393 END
START 393 393 394 393 393 393 389 388 388 388 388 388 402 402 402 403 403 403 END
START 411 411 411 410 411 411 420 420 419 418 417 417 434 434 434 435 434 433 END
START 461 461 462 461 462 462 467 466 466 466 465 465 492 492 492 493 493 493 END
START 483 482 483 482 483 483 492 492 491 492 491 491 479 479 479 479 479 479 END
START 462 461 462 462 463 463 465 465 465 466 466 466 473 474 474 476 477 478 END
START 473 472 473 471 472 472 454 454 453 452 451 450 473 472 472 471 470 469 END
START 439 438 438 435 436 435 407 407 408 409 409 409 456 455 455 455 455 454 END
START 420 419 419 418 419 419 443 442 441 439 437 435 411 412 412 413 412 412 END
START 440 439 441 441 442 442 427 427 427 428 427 427 427 427 427 427 427 426 END
START 430 428 429 428 428 427 416 416 415 414 413 412 432 432 430 430 428 427 END
START 417 416 416 415 416 416 411 411 411 411 409 409 411 411 409 408 406 405 END
START 386 384 385 384 384 384 368 368 368 367 366 365 336 336 335 334 332 331 END
START 319 319 319 317 317 317 349 349 347 347 346 345 363 364 365 368 368 369 END
START 380 381 380 378 378 377 361 361 361 360 360 359 363 363 363 364 364 363 END
START 370 371 371 369 369 369 370 371 371 372 372 372 356 356 356 356 356 355 END