START 402 403 402 402 403 402 403 403 403 403 404 404 403 404 404 404 403 404 END
START 394 393 394 393 393 393 350 350 350 349 348 347 293 293 293 293 292 291 END
START 264 265 265 264 264 264 259 259 260 260 259 258 275 275 275 275 275 275 END
START 282 283 284 282 283 283 291 292 292 293 292 292 300 300 299 300 299 299 END
START 314 315 315 314 315 315 323 323 322 322 322 322 327 326 327 327 326 326 END
START 343 344 344 343 344 344 359 359 359 359 358 358 361 362 361 361 361 361 END
START 371 372 373 372 373 373 370 370 370 371 370 370 390 391 390 391 390 390 END
START 382 383 383 382 383 382 385 385 385 385 385 385 417 417 417 417 416 416 END
START 443 444 445 444 444 445 453 454 453 453 453 453 449 449 449 449 449 448 END
START 449 448 449 447 448 448 442 442 443 443 442 442 448 448 448 448 447 447 END
START 445 444 444 443 444 444 447 447 447 447 446 446 446 446 446 446 445 445 END
START 449 448 449 448 449 449 442 443 443 442 442 441 439 439 439 439 438 437 END
START 439 438 438 437 438 438 431 431 431 431 430 429 438 438 438 438 437 437 END
START 435 434 434 433 434 434 439 439 439 440 440 439 433 433 433 434 433 433 END
START 431 430 431 430 431 431 433 433 433 433 432 432 428 428 427 428 428 427 END
START 430 429 430 429 430 430 428 428 428 429 429 429 429 429 429 430 429 429 END
START 424 423 423 422 423 423 429 429 429 429 428 428 427 427 427 427 427 426 END
START 423 423 423 422 423 423 422 423 422 422 421 421 416 416 416 416 415 415 END
START 416 415 416 415 416 416 411 411 411 411 411 410 407 407 407 407 407 406 END
START 392 390 391 390 390 390 410 411 411 412 411 411 418 419 419 419 419 418 END
START 431 432 432 431 432 432 437 437 437 437 436 436 433 432 433 433 432 432 END
START 424 423 423 422 423 423 418 418 418 419 418 418 416 416 416 417 417 416 END
START 413 412 413 412 412 412 415 415 415 415 415 415 415 415 415 416 415 415 END