START 359 359 358 358 359 359 360 358 360 360 360 359 359 360 360 360 358 360 END
START 355 356 357 356 356 356 362 363 362 363 362 361 350 349 350 350 349 348 END
START 307 308 308 308 307 308 257 257 256 256 255 255 234 234 234 234 234 233 END
START 223 224 224 224 223 223 221 220 222 222 222 221 230 230 229 231 230 229 END
START 240 241 242 241 241 241 257 258 257 259 258 257 268 268 267 269 267 267 END
START 283 284 284 284 284 284 298 298 298 298 297 296 308 309 308 308 308 307 END
START 321 322 323 322 322 322 323 322 323 323 323 322 338 339 339 339 338 338 END
START 338 339 340 339 340 339 355 356 354 356 356 355 363 362 362 363 361 361 END
START 364 365 366 365 366 365 371 370 371 370 370 369 371 372 370 371 371 370 END
START 376 377 378 377 377 377 382 381 381 382 381 381 388 387 387 388 387 387 END
START 391 392 393 392 392 392 424 424 425 424 424 424 450 450 450 449 449 448 END
START 469 470 471 470 471 470 499 499 498 499 498 498 514 515 515 515 514 514 END
START 534 533 534 534 534 533 532 530 531 530 530 529 521 520 521 521 520 520 END
START 503 503 503 503 503 502 491 491 491 492 491 491 480 481 480 481 480 479 END
START 472 471 472 472 472 472 460 458 459 458 458 458 438 437 437 437 436 436 END
START 427 426 426 426 427 426 393 392 392 392 391 391 379 378 378 379 379 378 END
START 356 354 356 355 354 354 331 330 330 330 330 330 319 318 318 319 318 318 END
START 302 303 304 303 304 303 315 314 314 315 314 314 315 314 314 315 314 313 END
START 316 318 317 318 318 317 320 319 320 320 319 318 322 321 321 323 322 321 END
START 322 323 324 323 323 322 323 322 322 323 323 322 328 329 328 328 327 327 END
START 326 326 327 326 326 326 338 339 338 339 338 337 344 344 343 344 343 342 END
START 357 359 359 358 359 358 357 357 356 357 357 356 366 366 366 366 365 365 END
START 371 372 372 371 372 372 371 370 370 371 370 370 370 370 369 370 370 368 END
START 367 368 368 368 368 368 376 376 375 376 375 374 389 388 388 389 387 388 END