START 365 366 365 365 365 365 366 364 365 365 365 364 364 364 365 364 363 364 END
START 363 364 365 364 364 364 366 366 365 366 365 365 366 366 365 366 365 365 END
START 367 368 369 368 368 368 369 369 369 370 368 368 373 373 373 373 372 372 END
START 364 365 364 364 365 364 376 377 376 376 375 375 355 355 354 354 354 353 END
START 339 341 341 341 341 340 348 347 347 348 347 347 354 353 354 354 353 353 END
START 345 346 347 345 346 346 342 342 343 342 341 341 322 321 322 322 321 320 END
START 287 288 287 286 287 286 274 275 275 275 274 274 270 271 270 271 270 269 END
START 271 272 272 272 272 272 279 278 278 278 278 277 285 285 284 285 284 284 END
START 293 294 295 294 293 294 304 304 303 304 303 304 312 313 312 312 312 312 END
START 319 320 320 320 321 320 332 332 332 333 332 331 339 337 339 339 338 337 END
START 343 345 345 344 345 344 353 352 352 354 353 352 359 359 358 360 359 358 END
START 365 366 367 366 367 366 372 371 372 372 371 371 376 376 377 377 376 376 END
START 396 397 397 397 397 396 441 441 441 442 442 441 471 471 470 471 470 471 END
START 502 502 503 503 503 503 522 522 522 522 520 521 513 512 512 512 512 511 END
START 496 495 496 495 496 495 483 483 482 483 482 481 476 475 475 476 474 474 END
START 455 454 455 455 455 454 447 448 448 447 447 446 443 442 441 442 441 441 END
START 434 433 434 433 433 432 428 428 428 428 428 427 415 414 415 414 413 413 END
START 408 407 408 407 408 407 399 399 399 399 398 398 387 385 386 386 385 384 END
START 360 358 360 359 359 358 339 338 338 338 338 337 324 324 324 323 323 323 END
START 319 320 321 320 320 320 329 329 328 330 329 329 334 334 333 334 333 332 END
START 334 335 335 334 335 334 338 338 338 339 338 337 341 340 340 341 340 339 END
START 338 340 340 339 340 340 336 335 335 336 336 335 334 334 335 335 334 334 END
START 341 342 343 342 342 342 349 349 349 350 350 349 367 367 366 367 366 366 END
START 384 384 385 385 385 385 403 402 403 404 403 402 412 412 412 412 411 411 END
START 412 413 413 413 413 412 393 393 393 393 392 392 384 384 384 385 384 384 END
START 375 373 375 374 374 373 375 374 375 375 374 374 372 372 373 372 372 371 END