START 358 359 357 356 356 356 353 352 352 352 352 351 348 349 349 348 347 348 END
START 319 320 320 319 319 319 289 288 289 289 288 288 281 281 282 281 281 280 END
START 283 282 283 281 281 282 292 292 292 293 293 292 303 303 303 303 302 301 END
START 310 309 309 308 309 309 320 320 320 319 319 318 322 323 322 323 322 321 END
START 333 334 334 333 334 334 334 333 334 335 334 333 341 342 341 342 341 341 END
START 349 350 351 349 350 349 358 357 357 358 358 357 362 362 363 363 362 361 END
START 361 362 363 362 363 363 369 368 369 369 368 367 369 369 369 369 368 368 END
START 379 380 381 380 381 380 375 376 375 375 375 374 383 383 383 383 383 382 END
START 381 381 382 380 381 380 414 414 414 415 415 415 445 445 445 445 444 444 END
START 466 467 467 467 467 467 492 491 492 492 492 491 505 505 506 505 504 504 END
START 506 505 506 505 505 505 477 476 477 476 476 475 472 473 473 473 472 472 END
START 463 462 463 462 463 462 456 455 455 456 455 455 454 452 453 454 452 452 END
START 438 437 438 438 438 438 425 424 425 425 424 424 421 420 421 421 420 419 END
START 405 404 405 405 405 404 386 386 386 387 385 385 367 368 366 368 366 366 END
START 355 354 354 353 354 353 348 349 349 349 349 349 354 354 354 354 354 353 END
START 356 357 357 357 357 357 359 359 360 359 358 358 354 354 354 354 353 353 END
START 357 358 359 358 358 358 354 354 354 354 353 353 352 351 352 352 351 351 END
START 352 353 354 353 353 352 347 346 347 348 347 346 353 353 353 353 353 352 END
START 345 346 347 346 346 346 348 349 349 349 348 348 341 340 341 341 341 340 END
START 342 343 344 343 343 344 344 345 345 345 343 343 343 343 344 344 342 342 END
START 352 354 354 354 354 354 348 348 348 348 347 346 356 356 356 356 355 355 END
START 347 349 350 349 349 348 345 345 345 344 344 343 341 339 340 340 339 338 END
START 343 344 345 345 345 344 349 349 349 349 348 348 347 346 346 347 346 345 END
START 353 354 354 353 354 353 351 351 351 352 351 351 354 354 355 355 354 353 END
START 351 352 352 352 352 352 355 354 355 355 354 353 354 354 355 355 355 354 END