START 363 364 363 363 363 364 364 363 363 364 364 363 363 363 364 363 363 363 END
START 360 360 361 360 361 361 367 367 366 367 366 365 364 365 364 365 364 363 END
START 363 364 365 364 365 364 361 361 361 361 360 360 365 365 364 365 364 364 END
START 364 365 366 365 365 364 367 367 367 367 367 366 366 366 365 366 365 364 END
START 359 359 360 359 360 360 338 338 337 337 336 335 299 300 298 299 298 297 END
START 279 279 279 278 279 278 257 256 256 257 256 256 249 249 249 249 249 248 END
START 246 246 247 246 247 246 255 254 255 255 255 254 261 261 262 261 260 260 END
START 263 263 265 264 265 264 277 276 277 277 276 275 281 281 280 281 280 280 END
START 296 296 297 297 297 296 307 307 306 308 306 306 315 315 315 315 315 314 END
START 327 328 328 328 328 328 342 342 343 343 343 342 348 347 348 349 347 347 END
START 352 353 353 352 353 352 365 365 366 366 364 364 365 366 366 366 366 365 END
START 418 419 419 419 420 420 455 456 455 456 455 455 483 484 483 484 483 483 END
START 505 504 505 504 504 504 496 496 497 497 496 496 489 490 490 489 489 489 END
START 476 475 476 475 476 476 471 470 471 470 470 469 461 461 461 459 459 459 END
START 452 451 452 452 452 451 439 439 438 439 438 438 433 432 433 433 433 432 END
START 431 430 431 430 430 430 417 416 416 417 416 416 409 409 408 409 408 407 END
START 378 377 377 377 377 376 354 354 354 354 353 353 335 335 335 335 335 333 END
START 320 320 322 321 321 320 331 329 331 331 330 330 345 345 345 346 345 345 END
START 371 372 372 371 372 371 378 378 378 379 378 378 380 380 380 381 380 379 END
START 373 374 375 374 374 374 379 378 378 379 378 378 372 373 372 372 372 371 END
START 371 372 372 372 372 372 367 366 366 366 365 365 364 363 363 364 363 363 END
START 364 365 365 365 366 365 378 378 378 379 378 377 402 402 402 403 402 402 END
START 422 423 423 423 423 423 436 436 435 436 436 435 419 419 419 419 418 417 END
START 404 403 404 403 403 403 400 399 399 400 399 398 389 389 390 390 389 388 END
START 391 389 390 389 389 389 379 379 379 379 378 378 377 377 378 377 377 376 END