START 326 327 325 326 327 327 328 328 328 328 329 330 330 330 330 330 329 330 END
START 331 332 332 332 332 332 335 335 334 335 335 334 337 336 336 337 336 335 END
START 342 342 344 342 343 342 341 340 340 341 340 340 346 346 345 347 346 346 END
START 350 351 351 350 352 350 354 354 354 354 354 353 355 355 355 355 354 354 END
START 360 361 361 360 360 360 326 324 326 325 324 323 306 305 306 306 305 305 END
START 291 292 292 291 292 290 290 290 289 290 289 288 289 290 290 291 290 290 END
START 295 295 296 295 295 294 303 303 303 303 302 303 315 315 315 315 315 314 END
START 321 322 323 322 322 322 330 330 330 331 330 329 326 325 325 326 325 325 END
START 338 340 340 339 340 339 344 343 344 344 344 343 352 352 352 352 352 351 END
START 359 360 361 359 360 360 364 365 365 365 364 363 368 367 367 368 367 367 END
START 382 383 384 383 384 384 421 422 421 422 421 421 448 448 447 447 447 446 END
START 474 475 476 475 476 476 484 483 483 484 482 482 477 477 478 477 476 476 END
START 470 468 469 469 469 468 455 456 455 455 454 454 452 452 451 451 451 450 END
START 439 437 439 438 438 437 431 431 431 431 430 430 427 427 428 427 426 426 END
START 417 416 417 416 417 416 411 410 409 411 410 409 398 399 398 399 398 397 END
START 394 393 393 393 393 392 384 384 384 385 384 383 377 377 377 377 377 376 END
START 364 365 365 365 364 364 360 361 361 360 360 360 363 362 362 362 362 361 END
START 363 365 365 365 365 364 367 367 366 366 365 365 364 365 363 364 363 362 END
START 364 365 367 366 367 366 359 359 359 359 359 358 357 357 356 357 356 356 END
START 340 342 342 341 341 341 333 333 333 333 332 331 315 314 315 315 314 313 END
START 303 304 305 304 305 304 311 310 310 312 310 310 317 316 317 317 317 316 END
START 325 326 327 326 326 326 329 329 329 331 330 329 340 340 340 341 340 339 END