START 470 470 471 470 471 472 482 481 481 481 481 481 486 486 486 485 483 484 END
START 477 476 477 476 476 476 463 463 464 464 464 464 463 463 463 463 462 462 END
START 454 454 454 453 454 454 465 465 466 467 467 468 454 455 455 456 455 456 END
START 462 461 462 461 461 461 480 479 478 475 474 472 425 424 424 423 423 422 END
START 453 452 453 451 452 451 432 432 432 433 434 434 454 455 454 454 453 452 END
START 433 432 434 434 435 435 419 419 418 419 418 418 429 428 428 428 428 428 END
START 425 424 425 425 426 426 428 427 426 425 423 422 424 425 424 425 425 425 END
START 387 386 386 385 385 385 396 396 395 396 394 394 367 368 368 370 370 370 END
START 344 344 344 342 341 340 348 348 349 350 351 351 384 384 384 385 385 385 END
START 407 407 408 407 408 408 434 434 435 435 435 435 420 420 420 420 419 419 END
START 404 403 404 403 404 404 416 415 414 414 413 412 406 406 407 407 407 406 END