START 356 355 355 356 355 356 357 356 356 357 357 356 356 356 357 357 356 357 END
START 357 358 359 358 358 358 356 355 356 356 355 354 348 347 348 347 347 346 END
START 325 326 326 325 325 324 293 292 293 293 292 292 278 279 279 280 279 279 END
START 260 262 262 261 261 260 271 271 272 272 272 271 267 268 267 267 268 266 END
START 273 274 275 275 275 274 283 284 283 284 283 282 296 297 295 295 295 294 END
START 306 307 308 307 307 306 310 310 310 310 310 309 318 317 318 318 318 318 END
START 331 332 332 332 332 332 340 340 341 341 340 339 346 345 346 346 345 345 END
START 349 350 350 350 349 349 356 356 356 356 354 354 370 371 372 373 373 373 END
START 371 372 372 372 373 372 365 364 365 365 364 364 383 382 382 383 383 382 END
START 379 380 381 381 382 382 412 412 411 412 411 411 447 448 448 447 447 446 END
START 479 480 481 480 481 481 492 492 493 494 493 493 488 488 488 488 487 486 END
START 477 475 477 475 475 474 466 465 466 465 464 464 463 464 464 463 464 463 END
START 453 452 453 454 454 454 432 432 431 431 431 430 444 445 444 445 445 445 END
START 433 431 432 431 431 430 435 435 435 437 436 436 411 411 411 411 410 409 END
START 406 404 405 404 404 403 391 390 390 391 390 389 385 384 385 386 385 385 END
START 369 368 369 368 368 368 372 372 372 372 372 372 366 366 366 366 366 365 END
START 364 365 365 364 365 364 368 368 368 368 368 367 359 359 358 358 357 357 END
START 357 359 360 360 361 360 352 353 353 354 354 353 356 355 356 356 355 354 END
START 355 356 357 356 357 356 347 346 347 347 347 346 349 348 349 349 348 347 END
START 360 361 362 361 362 362 406 406 406 405 404 403 406 407 407 407 407 406 END
START 409 410 411 410 410 409 387 387 387 386 385 384 367 368 368 368 367 366 END
START 367 366 368 367 367 366 365 365 365 365 364 364 360 359 359 358 358 357 END
START 355 357 357 356 356 356 358 359 358 359 358 358 363 362 362 361 360 360 END