START 357 358 356 356 357 357 358 356 358 358 358 357 358 360 359 359 358 359 END
START 345 346 346 345 345 344 303 302 303 303 303 301 277 276 277 277 275 275 END
START 249 249 251 249 250 250 243 243 244 244 243 242 242 241 240 241 241 240 END
START 249 250 252 250 251 250 250 250 250 251 249 249 262 262 263 263 262 262 END
START 274 275 276 274 275 274 285 286 286 287 286 285 294 295 294 295 294 293 END
START 304 305 306 305 305 305 323 323 323 322 322 322 331 330 331 330 330 329 END
START 343 344 345 344 344 344 345 345 344 345 345 344 351 351 351 352 352 350 END
START 361 362 363 362 361 362 365 365 365 366 365 365 375 375 375 376 375 374 END
START 372 372 373 372 373 372 381 382 381 381 381 380 385 384 384 385 384 384 END
START 387 388 389 388 389 388 400 400 400 400 399 399 432 433 433 432 433 432 END
START 468 469 469 469 469 469 494 493 494 493 493 493 514 514 514 515 514 514 END
START 521 520 520 521 521 520 510 509 510 509 509 508 497 496 497 498 496 496 END
START 485 484 484 484 485 483 472 471 472 472 470 470 461 460 460 459 459 459 END
START 443 442 442 441 441 440 411 411 410 411 410 409 396 396 396 396 395 395 END
START 377 375 377 376 376 376 374 373 374 375 374 373 372 372 372 372 371 370 END
START 364 365 365 365 365 365 366 365 364 365 365 364 359 359 359 360 359 358 END
START 358 359 361 359 360 360 356 356 355 356 355 355 351 349 350 350 350 349 END
START 355 355 355 356 356 355 375 373 374 374 374 373 391 390 391 391 390 390 END