START 376 376 375 375 376 376 376 374 375 376 375 376 375 375 375 375 373 375 END
START 378 379 379 379 379 379 375 374 374 375 374 374 375 375 375 376 375 375 END
START 373 374 374 374 374 373 377 376 376 377 376 376 378 377 377 378 377 377 END
START 373 374 375 374 375 374 377 376 376 376 376 375 373 373 373 373 373 372 END
START 374 375 376 375 376 375 373 373 372 373 372 372 372 371 371 372 370 370 END
START 362 364 363 362 363 362 330 330 330 330 330 329 314 313 312 313 313 312 END
START 294 294 295 294 294 294 293 292 292 293 292 291 295 294 295 295 295 294 END
START 309 310 310 310 310 310 319 318 318 317 317 317 321 321 321 322 322 321 END
START 327 327 328 327 327 327 335 334 335 336 335 334 339 339 339 340 339 338 END
START 338 339 340 339 340 339 352 352 351 352 351 351 352 352 351 352 351 351 END
START 358 359 360 359 360 358 363 362 363 363 362 361 362 361 362 362 361 361 END
START 391 392 392 392 392 392 423 424 423 424 423 423 452 452 452 452 451 451 END
START 473 474 474 474 474 474 486 486 485 486 485 484 470 469 470 470 469 469 END
START 460 459 460 460 460 460 451 451 451 450 450 449 443 443 442 443 442 442 END
START 438 438 438 437 438 437 426 425 426 426 425 425 423 422 423 422 422 421 END
START 412 410 411 410 411 410 406 406 405 406 405 405 398 398 397 398 397 396 END
START 388 387 388 387 388 388 379 380 379 380 379 378 362 361 362 361 360 360 END
START 347 348 348 348 349 347 333 331 332 333 331 331 325 325 324 325 324 323 END
START 311 312 313 312 312 311 324 324 324 325 324 323 343 343 343 344 343 343 END
START 361 362 363 362 363 362 370 371 370 371 369 369 367 368 367 367 367 366 END
START 371 371 372 371 372 370 364 364 364 364 363 363 366 366 366 366 365 365 END
START 362 363 363 362 363 362 363 363 363 364 362 362 363 363 363 363 362 362 END
START 356 357 358 357 357 357 355 355 355 355 354 354 350 350 349 350 349 348 END
START 346 346 347 346 346 346 335 335 335 335 334 334 327 327 327 327 326 326 END
START 330 330 331 330 330 330 337 338 337 339 338 337 343 343 343 344 343 342 END
START 355 356 357 356 356 356 367 367 367 368 367 366 371 371 371 371 370 370 END
START 367 369 369 368 368 368 366 366 366 366 365 365 370 369 369 370 370 369 END
START 369 370 371 370 370 369 374 374 373 374 374 373 372 372 371 372 371 371 END
START 367 368 368 368 368 368 370 370 369 370 368 368 386 385 385 386 386 385 END
START 414 415 416 415 415 414 404 405 404 404 403 403 398 399 399 399 398 398 END