START 379 380 379 379 380 379 382 381 382 382 383 383 384 384 384 384 384 385 END
START 332 333 333 332 332 332 291 291 292 291 291 290 271 271 272 271 271 270 END
START 263 263 264 263 264 264 257 257 257 257 257 256 264 264 264 265 264 264 END
START 279 279 280 278 279 279 289 289 290 290 290 289 300 301 300 301 300 300 END
START 312 313 314 313 313 313 327 327 327 327 327 326 336 336 336 336 336 335 END
START 345 346 347 346 346 346 355 356 355 356 355 355 362 362 361 363 362 362 END
START 372 373 373 372 372 372 384 384 384 385 385 385 388 389 388 389 388 388 END
START 389 390 390 389 390 390 402 402 402 402 402 402 399 400 400 400 400 399 END
START 406 407 408 409 410 411 401 401 401 401 400 400 392 392 391 391 390 389 END
START 405 405 406 406 407 408 427 428 428 428 428 427 451 450 450 450 449 449 END
START 459 458 459 458 459 459 449 449 449 450 449 449 451 452 452 451 451 450 END
START 456 456 456 455 456 456 451 452 452 452 451 451 443 443 443 443 442 442 END
START 456 455 455 454 455 455 453 453 453 453 453 452 456 456 456 455 455 454 END
START 455 454 455 454 455 455 453 453 454 454 454 454 439 440 441 442 442 442 END
START 444 443 443 441 442 442 449 450 450 450 450 449 456 456 456 455 455 454 END
START 454 453 453 452 453 453 435 435 436 437 437 438 450 450 451 452 453 453 END
START 453 451 451 448 448 447 437 438 438 439 439 439 430 430 430 430 429 429 END
START 442 440 441 440 440 440 446 446 445 446 445 445 427 427 427 428 427 427 END
START 426 425 426 425 426 426 425 425 425 425 424 424 416 416 416 416 415 415 END
START 427 426 426 424 424 424 433 434 434 435 434 434 442 442 441 441 440 439 END
START 426 426 427 428 429 429 446 446 445 446 445 444 446 447 447 446 446 445 END
START 420 418 419 418 418 418 418 419 418 418 417 416 421 421 422 421 421 421 END
START 422 420 421 420 421 421 414 414 414 415 415 415 417 418 417 418 417 417 END