START 369 369 368 367 369 368 366 365 365 365 365 365 365 365 366 366 364 366 END
START 330 331 331 331 331 331 284 284 283 284 282 282 268 269 269 269 269 268 END
START 256 257 257 257 257 256 276 276 276 276 276 275 274 275 274 275 274 273 END
START 280 281 281 280 281 280 282 281 281 282 282 281 295 295 295 296 296 296 END
START 308 308 309 308 308 307 314 314 313 313 313 312 320 319 319 319 319 318 END
START 335 336 337 337 337 337 331 331 331 333 332 332 343 342 343 344 343 342 END
START 350 351 352 352 352 352 359 358 358 359 357 356 359 359 358 357 355 354 END
START 362 362 361 359 359 357 362 361 361 360 360 359 380 379 380 381 380 379 END
START 359 361 362 362 363 362 370 370 369 369 368 367 414 415 415 416 416 417 END
START 447 447 448 448 448 448 473 473 472 472 471 470 489 488 489 490 489 488 END
START 491 489 489 488 487 486 473 472 472 472 472 471 470 470 471 471 471 472 END
START 472 469 470 468 467 466 453 453 452 453 453 452 439 439 440 441 442 442 END
START 423 422 423 423 423 422 418 418 419 420 420 420 408 408 408 407 406 405 END
START 408 407 408 406 407 406 393 393 392 392 391 391 394 395 396 397 397 397 END
START 389 387 387 384 384 382 370 369 370 370 369 370 372 372 373 374 374 375 END
START 365 367 368 368 369 368 363 363 362 360 360 358 353 352 352 353 352 352 END
START 363 364 365 364 364 364 374 373 373 372 371 370 381 380 381 381 379 379 END
START 378 379 380 379 380 380 393 392 392 393 392 391 384 383 383 383 383 383 END
START 368 369 370 370 371 370 375 374 374 374 373 373 363 363 363 362 363 362 END