START 380 381 380 380 381 380 381 380 381 381 381 382 381 381 381 381 380 381 END
START 369 370 371 370 371 371 377 377 377 376 375 375 342 343 343 342 342 341 END
START 294 294 295 293 294 294 272 273 272 272 272 272 267 268 268 268 268 267 END
START 267 268 268 266 268 268 271 271 271 272 271 270 284 285 285 285 285 283 END
START 294 295 295 294 295 295 305 305 305 305 305 304 315 316 316 316 315 315 END
START 328 328 329 328 328 328 335 336 336 336 336 335 347 348 348 349 348 348 END
START 356 357 358 356 357 357 369 369 369 370 370 369 378 378 378 378 378 377 END
START 383 384 384 383 384 384 392 392 392 392 391 391 393 394 393 394 394 394 END
START 426 427 428 427 428 428 436 436 436 436 436 435 446 447 447 447 447 447 END
START 457 456 457 455 456 456 447 448 447 448 448 447 446 446 446 446 446 446 END
START 444 443 444 442 444 444 448 448 448 448 448 448 438 439 439 439 438 437 END
START 451 450 451 450 451 452 446 446 446 445 445 444 448 448 448 449 449 449 END
START 436 435 435 433 433 433 437 438 439 439 440 440 427 428 428 428 427 427 END
START 422 421 422 420 421 422 424 424 424 423 423 422 423 423 423 423 423 423 END
START 424 424 424 423 424 425 417 418 418 419 418 418 417 418 418 418 418 418 END
START 432 432 432 431 431 432 427 427 427 428 427 427 430 430 429 430 430 429 END
START 419 418 419 417 418 418 428 428 428 429 428 428 428 428 427 427 427 426 END
START 425 424 424 424 425 425 419 419 419 419 419 418 428 429 429 429 429 429 END
START 456 456 456 455 456 457 439 439 439 440 439 439 448 449 448 448 448 447 END
START 435 434 435 433 434 434 438 439 438 439 439 438 442 442 442 441 440 440 END
START 438 438 439 438 440 440 437 437 436 436 435 435 426 427 427 426 426 425 END