START 343 344 343 344 345 345 347 346 347 347 347 347 345 345 345 344 342 343 END
START 292 292 294 292 293 292 262 262 263 262 261 260 246 245 246 246 246 245 END
START 252 253 253 252 252 252 258 258 258 258 257 256 264 264 263 264 263 263 END
START 275 275 275 274 275 274 290 289 290 290 289 288 296 296 296 296 296 294 END
START 302 303 304 302 303 302 321 321 321 320 319 318 331 331 331 331 331 330 END
START 331 332 333 332 333 332 340 339 340 340 340 339 348 347 347 348 347 347 END
START 353 354 354 354 355 354 360 361 361 361 360 359 379 380 381 381 381 380 END
START 373 373 374 373 374 372 378 379 379 380 380 380 386 385 385 384 383 382 END
START 393 394 395 395 396 395 391 390 390 389 388 387 373 373 373 372 372 372 END
START 390 391 391 390 391 389 397 396 397 397 397 396 410 410 409 410 409 408 END
START 435 435 436 436 436 436 467 466 467 467 467 468 483 482 483 483 482 482 END
START 511 510 510 511 511 510 491 491 490 490 489 489 466 466 467 466 466 466 END
START 453 452 454 453 454 453 449 449 449 448 447 446 446 446 446 446 446 445 END
START 418 417 417 416 417 416 413 413 413 412 411 411 397 397 398 398 397 397 END
START 394 393 394 392 392 392 402 401 402 403 403 402 375 375 375 375 375 375 END
START 379 381 382 382 382 382 366 367 367 367 367 367 367 366 367 368 367 366 END
START 361 362 363 362 362 361 371 371 371 371 370 369 365 365 365 364 363 362 END
START 360 362 362 362 362 362 395 394 394 394 393 392 407 408 407 408 408 407 END
START 428 429 429 428 429 428 404 404 404 404 405 404 387 387 388 388 387 386 END
START 378 376 377 376 376 376 374 374 374 375 374 374 367 367 368 367 368 367 END