START 295 296 295 295 296 296 296 295 296 295 296 296 293 294 294 294 293 293 END
START 289 289 290 288 289 289 291 291 292 292 291 291 297 298 297 298 297 297 END
START 306 307 307 305 307 307 316 317 316 317 317 316 330 330 330 330 330 329 END
START 338 338 339 338 339 339 354 354 354 355 355 354 361 361 361 362 362 361 END
START 373 374 375 373 374 374 377 377 377 377 377 376 380 381 381 381 381 381 END
START 388 389 390 389 390 390 395 396 395 395 395 395 408 408 408 409 408 407 END
START 403 403 404 403 403 404 401 401 401 401 401 401 411 412 411 410 410 408 END
START 415 415 415 414 415 416 406 407 406 406 406 405 413 414 414 415 415 414 END
START 419 418 418 417 418 419 410 410 410 411 411 410 412 412 412 413 413 412 END
START 422 422 422 421 422 422 451 452 451 454 454 454 455 455 455 456 455 455 END
START 456 455 454 452 453 453 437 438 437 437 437 436 430 430 430 430 430 430 END
START 456 455 455 452 453 453 441 441 441 441 440 439 439 440 439 440 440 439 END
START 449 449 449 449 450 450 455 455 456 456 455 455 455 456 456 456 456 456 END
START 452 451 451 450 451 451 458 458 457 456 456 455 430 430 430 430 430 429 END
START 452 452 451 449 450 450 421 422 421 421 421 421 445 446 445 445 445 445 END
START 416 416 416 415 416 416 418 418 418 418 417 417 427 427 427 425 425 424 END
START 444 443 443 442 442 443 447 447 446 447 446 445 449 449 449 448 448 447 END
START 460 460 460 459 460 461 452 452 451 450 449 448 457 458 457 456 456 456 END
START 456 455 454 453 454 454 452 453 454 455 455 455 448 448 448 448 448 448 END
START 436 436 436 436 437 438 454 454 453 452 451 450 432 433 433 432 432 431 END
START 453 453 453 453 454 455 432 432 432 433 433 433 427 427 427 429 429 429 END
START 432 431 431 430 431 431 434 435 434 435 435 435 431 432 432 432 432 432 END
START 440 440 441 440 441 442 466 466 466 466 466 466 451 452 451 452 452 451 END
START 447 446 446 445 446 446 430 431 431 431 431 430 440 440 439 438 437 436 END
START 435 434 434 433 434 434 427 428 427 428 428 428 430 430 430 431 431 430 END
START 433 433 433 433 434 435 424 424 424 424 424 423 428 429 428 429 428 428 END
START 427 427 427 426 426 426 408 409 409 409 409 408 408 409 409 410 410 409 END
START 418 417 418 417 418 418 404 405 405 405 405 404 411 411 411 411 411 410 END