START 288 289 288 288 289 288 289 288 288 289 289 289 290 290 291 291 291 292 END
START 272 272 272 271 271 272 274 274 274 274 274 274 279 279 279 279 279 279 END
START 285 286 286 285 286 286 304 304 304 304 304 304 312 311 311 312 312 312 END
START 320 321 321 320 321 321 324 324 324 324 323 323 339 339 339 340 340 340 END
START 350 350 350 349 349 348 360 360 359 360 360 359 373 374 374 374 373 373 END
START 374 375 375 374 375 375 388 389 389 389 389 389 391 390 390 391 390 390 END
START 397 398 398 398 398 398 396 397 396 396 396 395 394 394 394 394 394 394 END
START 404 405 405 404 405 404 419 419 419 419 419 419 440 440 440 440 440 440 END
START 453 452 453 452 453 453 484 484 484 485 484 484 493 493 493 493 493 492 END
START 485 485 485 485 485 485 473 473 473 472 472 472 476 476 476 476 476 475 END
START 475 474 475 474 474 474 468 468 468 469 468 468 474 474 474 474 474 474 END
START 460 459 459 458 459 458 461 461 461 461 460 460 457 456 456 456 456 455 END
START 443 442 443 443 444 444 441 441 440 440 440 439 446 445 445 446 445 445 END
START 442 442 442 441 442 442 426 426 426 426 426 425 432 432 432 432 431 431 END
START 431 430 431 430 430 430 433 434 433 434 433 433 428 427 427 428 427 426 END
START 424 423 424 423 424 424 419 419 418 419 418 418 412 413 412 413 412 412 END
START 418 417 418 417 418 417 407 407 407 408 407 406 409 408 409 410 409 409 END
START 431 430 430 430 430 430 441 442 442 442 441 441 427 427 427 427 426 425 END
START 406 405 406 406 406 406 404 404 405 404 404 403 399 399 398 399 398 397 END
START 401 400 400 400 400 400 395 395 395 395 395 394 396 396 396 396 396 395 END