START 355 355 354 354 354 355 355 354 354 355 354 354 353 353 353 353 352 353 END
START 352 353 353 352 353 352 351 349 350 351 349 349 352 350 352 352 351 351 END
START 356 356 356 356 356 355 342 343 342 342 341 341 311 310 311 310 310 309 END
START 264 265 265 264 265 264 247 247 247 247 246 246 239 239 239 240 239 238 END
START 236 237 238 238 238 238 242 243 243 243 242 241 249 248 248 249 248 247 END
START 266 267 267 266 267 266 275 276 276 276 276 276 294 295 295 295 295 294 END
START 302 303 304 303 303 303 316 315 315 315 315 314 322 321 321 321 321 321 END
START 332 334 334 334 334 334 344 343 344 344 343 342 340 341 340 341 340 339 END
START 344 344 346 344 345 344 348 347 348 348 347 347 356 357 357 357 356 357 END
START 361 362 363 362 362 362 372 372 372 372 371 371 378 377 378 378 377 376 END
START 379 379 380 379 380 379 387 387 387 387 386 386 390 390 390 391 390 389 END
START 392 393 393 393 393 392 388 388 388 387 387 386 391 390 391 391 391 390 END
START 401 401 402 402 402 402 433 433 433 433 433 433 468 467 468 468 468 468 END
START 494 493 495 494 495 494 515 514 514 516 514 514 519 519 518 519 517 518 END
START 513 512 513 513 513 512 488 488 488 489 488 487 480 480 480 481 480 480 END
START 470 469 469 469 469 469 460 460 460 460 459 459 456 456 456 455 455 454 END
START 437 435 435 436 435 435 418 418 418 418 417 416 404 404 404 404 403 403 END
START 398 396 398 397 397 396 375 373 374 375 373 373 349 349 349 350 348 348 END
START 338 338 339 338 338 338 333 332 332 333 332 332 342 342 343 342 342 341 END
START 343 345 344 345 345 344 349 347 348 348 348 347 346 346 346 345 345 344 END
START 346 347 348 347 348 347 341 341 342 342 341 340 344 343 344 344 343 343 END
START 343 344 344 343 343 342 343 342 343 343 342 342 339 339 340 340 340 339 END
START 352 353 353 353 353 353 387 386 388 387 386 386 416 416 417 416 416 415 END
START 438 439 440 439 440 439 427 427 427 426 425 424 413 412 413 413 413 412 END
START 405 404 405 404 404 404 392 393 392 393 392 392 393 392 393 393 392 391 END