START 389 389 388 388 388 387 386 385 386 386 386 386 383 383 384 383 383 383 END
START 335 336 336 335 335 336 300 300 300 300 299 299 288 289 289 289 288 288 END
START 289 289 289 288 289 289 281 281 281 281 281 281 288 288 288 289 288 287 END
START 289 290 290 289 290 290 302 302 302 302 302 301 313 313 313 313 312 311 END
START 319 320 320 319 320 320 325 325 326 326 326 325 335 336 335 336 336 335 END
START 345 346 347 346 346 347 357 358 358 359 359 358 369 370 369 370 370 369 END
START 366 366 367 366 367 368 380 381 381 382 382 382 390 390 390 391 391 391 END
START 390 391 391 390 391 392 413 413 413 413 412 412 430 431 430 431 431 430 END
START 442 443 443 443 444 444 449 449 449 449 449 449 443 444 443 444 444 444 END
START 438 437 438 437 438 438 453 453 454 453 453 453 448 448 449 449 449 448 END
START 442 442 442 441 442 443 447 448 447 447 447 446 438 438 439 438 438 438 END
START 435 434 434 433 433 434 425 425 426 425 424 423 428 428 427 428 428 427 END
START 417 416 417 416 417 417 432 433 433 433 433 432 416 417 417 417 416 416 END
START 413 412 413 413 414 414 426 427 427 429 428 428 423 423 423 424 424 423 END
START 422 422 422 422 423 424 419 420 420 420 420 419 418 418 419 419 419 419 END
START 419 418 418 416 417 417 417 418 418 419 419 419 425 425 425 426 426 426 END
START 432 432 433 432 433 434 449 449 449 450 449 449 427 428 428 428 428 428 END
START 456 456 456 456 457 458 450 450 450 449 449 448 436 436 436 436 436 436 END
START 437 436 437 435 437 437 435 436 437 437 437 437 441 441 440 440 440 438 END
START 431 430 430 429 430 430 443 444 443 443 443 442 442 442 442 441 441 441 END