START 355 355 354 353 355 354 354 353 354 354 355 355 355 355 355 355 354 356 END
START 357 359 359 358 359 358 354 354 355 354 354 354 356 356 356 357 356 355 END
START 354 355 355 354 355 354 349 348 349 349 348 348 315 314 314 314 313 312 END
START 273 274 274 273 273 273 255 255 255 255 254 253 241 240 240 241 240 239 END
START 239 240 241 240 240 240 241 241 242 242 241 241 250 251 251 251 250 250 END
START 256 257 257 256 257 256 272 272 273 273 272 272 287 286 287 287 286 286 END
START 291 292 293 292 292 292 305 305 305 305 305 304 314 314 314 313 313 313 END
START 324 325 326 325 325 325 331 331 331 332 331 330 341 340 341 342 342 341 END
START 351 353 353 352 352 352 360 359 359 360 359 358 364 364 365 365 364 364 END
START 364 366 365 366 366 365 374 372 374 374 372 372 373 374 373 373 373 372 END
START 381 382 382 382 383 382 382 381 381 381 381 380 383 382 382 383 382 381 END
START 386 388 387 387 387 386 389 389 390 389 389 389 401 401 401 400 401 400 END
START 432 433 433 433 434 433 466 466 466 466 465 465 483 484 484 484 483 483 END
START 481 479 480 480 480 480 469 469 468 468 467 467 461 462 462 460 460 460 END
START 455 453 454 453 453 453 439 439 438 439 439 438 434 434 433 433 433 433 END
START 423 422 423 422 423 422 419 420 419 419 419 418 417 416 415 416 415 414 END
START 407 406 407 407 407 406 394 393 394 394 393 393 391 390 391 391 391 390 END
START 392 390 391 390 391 390 397 396 396 397 396 396 398 397 398 397 397 396 END
START 386 388 387 387 387 387 386 385 385 385 385 384 380 379 380 379 378 378 END
START 376 377 378 378 378 378 374 374 374 373 373 373 367 366 366 367 366 366 END
START 366 367 367 367 367 367 362 361 360 362 360 360 359 360 359 359 359 358 END
START 349 349 350 350 350 350 353 353 353 353 352 352 352 351 351 352 351 350 END
START 347 348 349 349 349 348 353 352 352 352 352 351 363 362 363 363 363 363 END
START 392 393 394 393 393 393 407 406 407 408 407 407 409 410 409 409 408 408 END
START 392 393 394 393 393 392 391 391 391 392 391 390 387 387 388 388 387 386 END