START 367 368 367 367 368 367 369 368 368 369 369 369 369 369 370 370 369 370 END
START 361 362 362 361 362 361 362 362 362 362 361 361 363 363 363 363 362 362 END
START 359 360 360 359 360 360 327 327 326 326 326 325 306 307 306 307 306 306 END
START 306 307 308 306 307 306 298 299 298 299 299 299 308 308 309 309 308 307 END
START 314 315 316 315 316 316 337 336 336 336 336 335 335 335 335 336 335 335 END
START 346 346 346 345 345 344 364 363 363 364 363 362 357 356 356 357 357 356 END
START 381 382 382 381 382 381 383 383 383 383 382 381 370 369 370 370 368 368 END
START 367 367 367 366 366 366 386 387 387 387 387 387 381 381 380 380 379 378 END
START 392 392 392 390 390 390 390 390 390 390 389 389 383 383 383 383 382 382 END
START 411 412 412 411 411 411 448 448 449 448 448 448 469 469 469 469 468 468 END
START 489 488 488 487 487 486 505 506 506 505 505 504 503 502 502 501 500 500 END
START 482 481 482 482 482 482 473 473 474 475 475 475 472 472 472 472 471 470 END
START 464 463 464 463 463 462 464 464 463 463 462 461 491 491 492 493 492 492 END
START 456 455 456 455 456 456 465 466 466 467 467 467 455 456 457 458 459 459 END
START 491 489 489 486 486 485 443 443 442 441 441 440 459 459 460 460 460 460 END
START 430 430 431 431 432 432 452 451 450 447 446 444 434 433 433 432 431 431 END
START 430 430 431 432 432 432 413 414 415 417 418 419 409 409 409 409 408 408 END
START 432 432 434 434 435 436 412 412 412 412 412 411 393 393 392 392 390 389 END
START 404 402 403 401 401 400 399 399 400 401 401 402 401 400 400 400 399 399 END
START 382 381 382 381 382 382 393 393 394 395 394 395 381 382 383 385 386 386 END
START 396 397 398 398 400 400 401 401 403 404 404 404 408 407 407 405 403 402 END
START 397 397 396 394 394 393 387 387 387 387 386 386 383 383 384 384 383 383 END
START 368 369 369 367 368 367 366 367 367 366 366 365 369 369 368 368 367 367 END