START 353 354 352 352 353 353 354 352 353 354 354 354 355 355 355 356 354 356 END
START 363 363 364 363 363 363 360 360 361 361 360 359 365 364 365 365 364 364 END
START 360 361 362 361 361 361 365 365 364 365 364 363 362 363 362 362 361 361 END
START 355 356 356 356 356 355 317 317 316 316 315 314 286 286 285 286 285 284 END
START 262 263 263 263 262 262 258 257 257 259 258 257 263 263 264 263 263 262 END
START 264 265 266 265 265 265 273 272 273 273 272 272 285 285 284 285 284 284 END
START 297 298 299 298 299 298 302 301 301 301 301 300 300 300 300 300 300 299 END
START 311 312 312 312 311 312 326 327 327 327 327 326 338 338 338 339 338 337 END
START 335 337 337 336 336 336 348 349 348 349 348 348 353 353 352 352 352 351 END
START 361 362 362 362 362 362 362 362 363 362 361 361 369 368 370 370 369 368 END
START 375 376 376 375 375 375 378 378 378 380 379 379 419 419 419 420 419 419 END
START 458 459 459 459 459 459 493 493 493 494 493 493 514 513 513 514 513 512 END
START 525 524 524 524 525 524 512 511 512 511 510 510 496 495 496 497 495 495 END
START 493 492 493 492 493 492 478 476 478 478 476 476 464 463 464 464 463 463 END
START 447 446 447 446 447 446 437 437 436 438 437 436 414 415 414 414 413 412 END
START 396 394 396 395 395 394 383 383 382 383 382 382 371 370 370 371 370 369 END
START 350 351 351 350 350 348 354 354 354 353 353 352 346 346 346 346 345 345 END
START 328 329 330 329 329 328 326 325 326 327 325 325 322 323 323 323 322 321 END
START 329 330 331 330 331 330 332 332 331 332 331 331 331 331 330 331 330 329 END
START 334 336 336 335 335 335 333 332 332 333 332 332 337 336 336 338 337 336 END
START 338 339 340 339 339 339 343 342 342 343 342 342 343 342 342 342 342 341 END
START 339 340 341 340 340 340 343 343 343 343 342 341 333 333 334 334 332 332 END
START 312 313 313 312 312 312 301 301 301 301 300 300 301 301 300 301 300 300 END
START 304 304 305 304 304 304 315 315 315 316 316 315 320 320 321 321 320 320 END
START 326 328 328 328 328 328 334 334 334 334 333 333 338 339 337 339 338 337 END
START 343 345 345 345 345 344 345 345 344 346 345 344 349 349 349 350 349 348 END