START 364 365 364 364 365 364 365 365 365 365 366 366 365 365 366 366 364 366 END
START 368 369 369 369 369 368 366 367 366 367 366 365 368 368 367 368 367 367 END
START 372 373 374 373 373 372 373 373 373 374 373 372 375 375 375 376 375 374 END
START 351 353 353 352 352 352 315 315 315 315 314 313 295 294 293 294 294 293 END
START 283 285 285 284 284 284 277 276 277 277 277 276 281 280 280 280 280 279 END
START 288 289 290 289 289 288 294 294 294 295 294 293 300 300 300 300 299 299 END
START 311 312 312 312 312 311 322 321 322 322 322 321 329 329 330 330 329 329 END
START 338 339 340 340 340 339 343 343 342 343 343 342 352 352 352 353 351 351 END
START 356 358 358 358 358 358 362 362 363 362 362 361 366 365 366 366 365 365 END
START 367 368 368 368 368 367 370 371 370 370 370 369 374 373 373 373 372 372 END
START 377 378 378 378 378 378 382 382 381 382 381 381 381 380 379 380 380 379 END
START 377 378 378 378 379 379 410 410 410 409 409 409 432 432 432 432 431 431 END
START 467 469 469 469 469 469 502 502 502 503 502 501 513 513 512 513 512 512 END
START 498 497 498 498 498 497 485 485 485 484 483 482 475 474 475 475 475 474 END
START 465 464 464 464 463 463 450 450 450 450 449 449 440 440 439 441 440 440 END
START 436 436 436 436 437 436 422 422 423 421 420 420 395 395 396 395 394 393 END
START 391 389 391 390 390 390 382 382 381 382 382 381 380 379 380 380 379 379 END
START 378 379 379 378 379 378 368 368 368 367 367 366 363 362 362 363 362 361 END
START 358 359 359 358 359 358 356 356 355 356 355 354 351 352 352 352 351 351 END
START 352 353 353 353 353 353 351 351 351 351 351 350 348 347 348 348 347 347 END
START 351 352 352 351 352 352 355 354 355 355 354 354 355 356 356 356 355 355 END
START 350 350 351 351 351 350 350 349 350 350 349 349 347 346 347 347 346 345 END
START 349 350 350 349 349 349 349 350 350 350 349 348 347 347 347 347 346 346 END
START 356 357 358 357 358 357 357 357 358 358 357 356 349 349 350 349 348 348 END
START 336 337 337 337 337 336 331 330 330 331 329 329 335 335 336 336 335 334 END
START 342 343 344 343 343 343 348 349 348 349 348 347 346 345 345 346 345 345 END
START 347 348 349 348 348 348 350 349 350 350 349 348 351 351 352 351 351 350 END