START 349 350 349 349 349 350 350 350 350 351 351 351 351 351 352 352 351 352 END
START 351 352 352 352 351 351 353 352 353 353 353 353 357 356 358 358 357 356 END
START 351 352 353 353 352 352 344 342 343 343 342 342 304 304 304 304 303 301 END
START 266 267 268 266 267 266 240 240 241 241 240 239 230 230 230 231 230 229 END
START 231 232 232 232 232 232 241 241 242 242 241 240 257 258 257 258 258 257 END
START 269 270 271 269 269 268 286 286 287 286 286 285 297 297 297 297 297 296 END
START 308 309 308 308 309 308 310 309 309 309 308 308 311 310 311 310 310 310 END
START 321 322 323 322 322 322 332 332 332 333 332 331 340 339 340 340 339 339 END
START 344 345 345 344 344 344 354 353 353 354 353 353 362 361 361 362 361 360 END
START 366 367 368 367 368 367 372 371 372 372 371 371 375 375 375 375 375 374 END
START 384 385 386 385 385 384 381 381 380 381 380 380 400 400 399 400 400 400 END
START 416 417 418 417 417 417 447 447 448 447 446 447 465 465 465 466 465 464 END
START 487 486 487 487 488 487 491 491 491 491 491 490 496 495 495 495 494 494 END
START 509 508 509 508 509 508 513 513 514 513 513 513 526 526 526 526 526 525 END
START 524 523 524 523 524 523 508 508 509 509 508 507 485 485 484 485 483 483 END
START 448 448 448 448 448 447 433 433 433 433 432 431 421 421 421 420 420 420 END