START 352 352 351 351 351 352 352 352 352 353 353 352 353 353 353 353 352 353 END
START 355 356 356 355 356 356 357 356 357 357 357 355 348 348 348 348 348 347 END
START 297 297 299 297 297 296 263 261 262 262 261 261 239 239 239 239 238 237 END
START 228 229 229 228 229 228 223 223 222 223 222 221 227 226 226 227 227 226 END
START 242 242 243 242 242 242 253 254 253 255 254 253 266 267 266 268 267 266 END
START 277 279 279 278 279 278 294 293 294 294 293 292 303 303 302 303 302 301 END
START 318 319 319 319 319 319 331 329 330 329 329 329 337 337 337 338 337 336 END
START 349 349 349 349 349 348 353 353 352 354 352 352 365 364 364 366 365 364 END
START 370 371 372 371 371 371 379 378 379 379 378 378 382 382 381 382 380 380 END
START 384 385 385 385 386 385 389 389 388 389 389 388 394 395 394 394 394 394 END
START 444 445 445 445 446 445 474 475 475 475 475 474 499 499 500 499 499 499 END
START 526 524 525 525 525 525 543 543 543 543 543 543 542 542 542 541 541 541 END
START 522 521 522 521 522 521 510 509 510 509 508 508 492 493 493 492 492 491 END
START 484 483 484 483 483 482 465 466 465 466 464 464 464 463 464 463 463 463 END
START 445 443 444 443 443 442 437 437 437 437 436 436 423 423 422 423 422 421 END
START 403 402 402 402 402 402 379 378 378 379 378 377 355 355 354 354 354 353 END
START 325 324 325 324 324 324 311 310 311 312 311 311 320 320 321 321 321 320 END
START 317 318 319 318 318 318 322 321 322 323 322 321 325 325 325 325 325 324 END
START 321 322 323 322 322 322 327 327 326 327 327 325 326 327 326 327 326 325 END
START 324 324 325 324 323 322 322 322 321 322 321 320 333 334 333 335 334 334 END
START 361 362 362 362 362 362 398 399 397 399 398 398 413 413 412 414 413 413 END
START 385 386 386 386 386 385 387 386 387 386 386 385 383 382 383 383 382 381 END
START 376 377 377 377 377 376 373 373 373 372 372 371 370 370 370 370 370 369 END