START 357 358 357 357 358 358 360 359 360 360 361 361 362 362 363 363 362 363 END
START 358 359 359 359 358 358 325 324 324 324 323 323 288 289 288 288 287 286 END
START 256 256 256 256 256 256 242 243 241 242 241 240 237 238 238 237 237 236 END
START 242 243 243 243 243 242 247 248 248 248 247 247 261 260 259 262 261 260 END
START 269 270 271 270 271 270 290 291 290 291 290 290 302 303 302 302 302 302 END
START 311 312 313 312 313 312 324 323 324 323 323 322 330 329 330 330 329 328 END
START 341 342 343 342 343 342 347 348 347 348 347 347 351 350 350 351 350 349 END
START 353 354 355 354 355 354 365 366 366 366 365 364 370 370 370 370 370 369 END
START 374 374 376 375 375 375 381 381 380 381 380 379 380 379 379 379 379 378 END
START 404 405 406 405 406 405 442 442 442 442 441 442 474 474 474 475 474 473 END
START 499 498 498 498 499 497 507 507 508 507 507 507 499 498 498 499 498 498 END
START 482 480 482 481 481 481 472 472 472 472 471 470 459 458 459 458 458 458 END
START 455 454 455 455 455 454 441 440 440 440 440 439 435 435 435 436 434 435 END
START 428 426 427 427 427 426 419 419 420 419 419 418 415 414 414 415 414 414 END
START 404 402 402 402 402 402 403 402 403 404 403 402 386 384 385 385 384 384 END
START 384 382 384 383 383 383 375 375 375 375 374 374 360 360 360 359 360 358 END
START 346 347 348 347 347 346 347 346 346 347 346 346 339 339 339 339 338 338 END
START 331 331 333 331 332 332 341 341 342 341 341 340 343 343 342 343 342 341 END
START 345 345 346 346 346 345 347 348 348 348 347 346 344 344 344 344 344 343 END
START 344 345 345 345 345 344 344 345 345 346 345 345 384 384 384 385 385 384 END
START 423 424 425 424 424 424 443 443 444 443 442 442 435 435 435 434 434 433 END
START 412 410 411 411 412 412 400 400 400 400 399 398 391 390 389 391 390 389 END
START 392 392 393 392 392 392 384 384 384 384 383 383 379 379 380 379 379 378 END