START 345 345 344 344 345 344 344 343 343 343 343 343 341 342 341 341 340 341 END
START 307 307 308 306 307 307 291 292 293 292 292 292 293 293 293 293 292 292 END
START 287 288 289 288 289 289 297 297 297 297 297 296 301 301 301 301 300 300 END
START 313 313 314 313 313 314 319 320 320 320 320 319 329 329 330 330 329 329 END
START 339 340 340 339 340 340 347 348 348 348 348 347 360 361 360 361 360 359 END
START 363 364 364 363 364 364 377 377 378 377 377 376 382 383 382 383 382 381 END
START 385 386 386 386 386 386 383 383 382 383 382 382 418 419 419 419 418 419 END
START 441 442 442 441 442 442 448 448 449 449 448 448 458 458 458 459 459 458 END
START 447 446 446 445 445 446 453 454 454 454 454 453 452 451 451 451 451 450 END
START 449 449 449 448 449 450 451 451 450 450 450 450 447 447 447 447 446 446 END
START 454 454 454 453 454 455 431 431 431 431 430 430 428 428 429 429 428 428 END
START 422 421 422 421 422 422 425 425 424 425 424 424 426 426 426 426 425 424 END
START 427 426 427 426 427 427 416 417 416 417 416 415 411 411 411 411 411 410 END
START 421 420 421 420 420 420 428 428 428 429 429 428 432 432 432 433 432 432 END
START 425 424 425 424 425 425 426 427 427 428 428 427 423 422 422 422 422 421 END
START 413 413 414 413 414 414 418 419 418 419 418 417 432 433 433 433 433 432 END
START 446 445 446 444 445 445 439 439 439 439 439 438 432 433 432 433 432 432 END
START 423 422 423 421 422 422 417 417 417 417 417 417 411 411 410 411 410 410 END
START 410 409 410 409 410 410 416 416 415 416 415 415 411 411 411 412 411 410 END