START 328 329 328 327 328 328 330 329 330 330 330 330 331 331 331 331 330 331 END
START 332 334 334 333 333 333 341 340 340 341 341 340 340 340 339 340 340 339 END
START 344 344 345 344 344 344 354 353 354 353 351 350 353 353 353 353 353 352 END
START 339 339 340 339 338 338 307 307 307 307 307 306 307 306 308 308 307 306 END
START 304 304 305 304 304 304 321 322 322 323 321 321 322 322 322 323 322 321 END
START 328 330 331 331 331 332 332 332 331 332 331 331 341 340 340 341 340 339 END
START 346 347 348 347 348 346 351 350 350 351 351 351 360 361 361 362 361 361 END
START 367 367 367 365 365 364 370 370 371 370 370 369 371 371 370 370 369 368 END
START 375 377 377 376 378 376 384 383 382 382 382 380 383 384 383 385 385 385 END
START 423 424 424 423 423 423 448 449 451 454 455 456 474 474 475 474 475 475 END
START 493 492 493 493 494 494 498 498 498 498 497 496 472 470 470 470 469 468 END
START 462 460 462 461 461 460 459 459 459 458 457 456 463 464 463 463 462 461 END
START 426 424 424 422 422 420 411 410 411 410 409 409 417 417 416 416 415 415 END
START 413 412 414 416 417 418 413 414 415 417 416 416 397 397 397 398 397 396 END
START 373 371 372 372 372 372 374 374 374 375 375 375 366 365 365 364 363 363 END
START 358 358 359 358 359 358 355 355 355 357 357 357 366 367 366 366 366 365 END
START 356 357 358 357 358 357 361 359 360 360 360 360 356 357 356 357 356 356 END
START 349 349 350 349 350 349 350 351 350 351 350 350 354 353 353 353 352 351 END
START 382 383 383 383 384 383 392 391 392 392 392 392 394 393 394 394 393 393 END
START 382 383 384 383 384 383 368 368 369 369 368 368 376 376 377 378 378 378 END
START 362 364 364 364 364 364 364 364 363 363 362 362 362 361 361 361 360 360 END