START 287 287 286 286 288 286 287 285 286 287 286 287 285 285 285 285 284 285 END
START 254 255 254 255 254 254 251 252 251 251 251 250 251 251 251 251 250 250 END
START 251 253 253 252 253 252 262 261 262 262 262 261 265 264 265 265 264 263 END
START 277 279 279 278 278 278 286 287 286 286 285 285 297 298 297 298 297 297 END
START 304 305 305 305 305 304 320 321 321 320 321 320 327 326 326 326 326 326 END
START 333 334 335 334 334 334 343 344 343 344 344 343 347 348 347 348 347 347 END
START 356 357 358 357 357 357 361 361 362 361 360 360 363 363 364 364 363 362 END
START 373 374 374 374 374 373 376 377 376 377 376 376 382 382 381 382 381 381 END
START 377 378 379 378 379 378 379 378 378 379 378 377 402 403 403 402 402 402 END
START 439 440 441 441 441 440 468 467 467 468 467 466 493 493 493 494 493 493 END
START 510 509 510 510 509 509 504 504 503 503 503 503 492 491 492 491 491 491 END
START 475 474 474 474 475 474 470 470 470 469 468 468 455 454 455 454 454 454 END
START 446 445 446 446 446 445 434 434 433 434 433 432 429 428 429 429 429 428 END
START 423 421 422 421 421 420 404 404 404 404 403 403 395 395 394 395 394 393 END
START 373 372 372 372 373 372 349 350 349 349 348 347 331 330 331 330 330 329 END
START 335 336 336 336 336 336 341 341 341 341 339 339 339 339 338 340 339 339 END
START 341 341 342 342 341 341 339 339 339 340 339 339 335 335 334 336 335 335 END
START 319 320 319 319 320 319 331 331 330 331 331 330 321 321 320 321 321 320 END
START 339 340 341 340 340 340 367 366 366 367 366 366 387 388 387 388 387 387 END
START 403 404 405 404 404 404 399 400 399 400 399 399 395 395 395 394 394 394 END
START 388 386 387 387 387 386 391 390 390 389 389 388 386 385 385 384 384 384 END