START 306 306 305 305 306 306 305 303 305 304 304 304 302 302 302 301 300 301 END
START 261 261 262 261 261 261 251 252 251 252 251 250 238 238 238 239 238 236 END
START 232 233 234 233 233 233 239 239 239 239 239 238 243 243 243 244 243 244 END
START 259 260 260 260 260 259 268 267 267 269 268 267 279 279 280 280 280 278 END
START 287 288 288 288 288 288 307 307 308 308 307 306 314 314 315 314 314 313 END
START 324 325 326 325 325 325 333 333 333 333 332 331 337 336 337 338 337 336 END
START 349 350 351 350 350 350 359 358 358 360 359 358 366 365 365 367 366 365 END
START 366 367 367 367 367 366 379 379 380 380 380 379 380 379 379 380 379 379 END
START 384 385 385 385 385 384 388 388 388 387 387 386 387 387 386 387 387 386 END
START 398 398 399 398 399 398 428 428 428 428 428 428 460 460 460 460 460 460 END
START 480 481 482 482 482 482 510 511 510 511 510 509 526 527 526 527 526 526 END
START 536 535 536 536 537 536 522 521 521 521 520 520 505 505 504 504 504 503 END
START 493 492 493 492 492 491 472 472 472 473 472 471 463 463 463 463 462 462 END
START 451 449 450 450 450 449 443 443 443 444 442 443 437 437 437 437 436 436 END
START 424 422 423 422 422 422 377 377 378 377 376 376 354 353 353 354 353 352 END
START 330 329 330 329 329 329 311 310 309 310 309 308 297 296 297 297 296 295 END
START 284 284 285 284 284 284 280 280 280 281 280 280 301 300 300 300 299 299 END
START 307 309 309 308 309 308 317 317 317 316 316 315 321 320 321 321 320 320 END
START 330 331 331 331 331 331 327 326 327 327 327 326 334 334 333 335 334 333 END
START 338 339 340 340 339 339 331 331 330 331 330 329 333 332 332 333 332 332 END
START 345 346 347 346 347 347 384 384 383 384 384 384 407 407 407 407 407 406 END
START 429 431 432 431 431 430 433 433 433 432 432 432 426 427 427 427 426 426 END
START 418 417 418 417 417 416 410 409 409 410 410 409 406 407 406 406 406 405 END