START 360 361 360 359 360 360 359 358 359 359 360 359 358 358 358 358 356 358 END
START 359 360 361 360 360 360 358 358 357 358 357 357 358 358 358 358 358 357 END
START 352 353 353 351 352 351 314 312 313 313 312 312 286 285 286 286 285 284 END
START 256 256 257 256 256 256 250 249 250 250 250 249 248 248 248 248 248 247 END
START 254 255 255 255 255 255 265 264 265 264 264 263 268 268 269 269 268 267 END
START 284 283 283 282 282 282 295 295 295 295 295 294 307 307 307 307 307 306 END
START 314 315 315 314 315 314 331 331 331 331 331 330 327 327 327 328 327 326 END
START 330 332 332 332 332 332 341 341 340 341 341 340 350 350 350 351 350 349 END
START 358 359 360 359 359 358 364 365 365 365 365 364 373 372 373 373 372 372 END
START 373 374 374 374 374 373 382 382 382 382 381 381 384 383 383 383 383 382 END
START 394 396 396 396 396 396 428 428 429 429 428 428 455 455 455 454 454 454 END
START 482 483 483 482 483 482 489 490 489 489 489 489 490 489 490 490 489 489 END
START 482 481 482 481 481 480 471 472 472 471 470 470 469 469 469 468 467 467 END
START 465 464 465 464 464 464 470 470 469 470 469 469 485 486 484 485 484 484 END
START 496 495 496 496 495 495 483 484 483 483 483 482 474 474 474 473 473 473 END
START 434 433 434 433 433 432 407 407 407 407 406 406 394 394 393 394 393 393 END
START 382 381 382 382 382 382 382 382 382 382 381 380 369 368 368 368 368 367 END
START 368 369 369 369 369 369 363 363 363 362 362 361 368 369 368 369 369 368 END
START 369 369 370 369 369 369 343 344 343 344 344 343 336 336 335 336 335 334 END
START 312 313 314 313 313 313 310 310 310 310 309 308 298 298 298 299 298 298 END
START 299 300 299 299 300 299 298 297 298 298 298 297 297 296 296 296 296 296 END
START 301 302 302 301 302 301 313 313 313 313 314 313 326 326 326 326 325 324 END