START 384 385 384 384 385 384 386 385 386 386 386 387 385 386 386 385 384 385 END
START 376 377 377 376 376 376 374 374 375 375 375 375 382 382 382 382 382 382 END
START 377 378 378 377 378 377 386 385 385 385 385 384 378 378 378 377 377 376 END
START 380 381 381 380 381 381 379 379 378 378 377 376 381 381 380 381 380 380 END
START 383 383 384 383 383 383 381 381 381 381 380 380 386 387 387 386 386 385 END
START 374 374 375 374 374 374 341 342 341 340 340 339 316 315 315 315 315 314 END
START 298 298 299 297 298 298 299 299 299 299 298 297 302 301 302 302 302 301 END
START 308 309 309 308 308 308 312 312 312 312 312 311 318 318 318 318 317 317 END
START 316 317 317 316 317 318 339 339 340 340 340 339 345 345 346 346 346 345 END
START 362 363 364 363 364 364 357 358 358 358 357 357 370 369 369 367 365 364 END
START 404 404 403 400 400 398 386 386 387 388 388 388 385 386 385 386 386 386 END
START 379 379 380 379 380 380 385 386 386 386 386 385 405 405 406 406 406 406 END
START 445 445 445 444 445 445 477 478 478 477 477 477 478 479 478 478 477 477 END
START 488 487 488 487 488 488 479 478 478 478 477 477 477 477 477 478 478 478 END
START 475 473 474 473 473 473 482 482 481 482 482 481 471 471 471 472 472 472 END
START 464 463 464 464 465 464 464 464 464 464 463 463 472 471 471 471 470 470 END
START 469 469 469 469 470 469 468 468 468 468 467 467 467 467 467 468 468 468 END
START 466 465 465 464 464 464 448 449 448 448 448 448 443 443 442 442 441 441 END
START 432 431 432 431 431 431 425 425 426 426 425 425 410 410 410 410 409 409 END
START 412 411 412 411 412 412 403 403 402 403 402 401 401 402 402 403 403 403 END
START 403 402 403 402 403 402 395 395 395 396 395 395 395 395 395 395 394 394 END
START 391 391 392 391 392 392 398 398 398 398 398 397 392 392 392 392 391 391 END
START 397 398 399 398 399 399 385 385 385 385 385 384 385 385 385 385 385 384 END
START 410 411 411 410 410 410 419 419 419 418 418 417 427 427 427 426 426 425 END
START 403 402 403 401 401 401 391 391 391 391 390 390 380 380 379 380 379 378 END
START 376 375 376 375 376 376 373 373 374 373 373 373 370 370 370 370 370 369 END