START 364 365 363 363 364 364 363 362 364 364 364 363 362 363 363 364 362 363 END
START 363 365 364 364 365 364 362 363 362 362 362 361 365 366 365 366 365 364 END
START 364 365 366 365 365 365 363 364 363 364 363 362 362 363 361 363 361 361 END
START 360 361 361 361 362 361 365 365 365 365 364 363 363 364 363 363 362 362 END
START 346 348 348 347 347 347 309 309 308 308 307 307 280 280 280 280 279 278 END
START 267 268 269 268 268 268 260 260 261 262 261 260 266 265 265 266 265 264 END
START 272 272 274 273 272 272 285 285 285 286 285 284 292 292 292 292 291 291 END
START 298 299 300 299 299 298 305 306 306 305 305 304 313 313 313 313 313 312 END
START 326 327 327 327 327 327 329 329 330 330 329 328 343 342 342 343 342 342 END
START 347 348 349 348 348 348 356 356 355 356 355 355 360 360 361 361 359 359 END
START 364 365 366 365 365 365 371 371 372 372 371 370 377 377 378 378 376 376 END
START 376 377 377 377 378 377 415 415 414 416 415 415 443 443 443 444 443 443 END
START 468 469 470 469 470 469 490 489 490 490 489 489 487 487 487 486 486 485 END
START 477 476 477 476 477 476 467 466 467 466 466 465 458 459 458 457 457 457 END
START 449 447 448 447 448 447 440 441 440 440 440 439 433 432 433 433 432 432 END
START 422 421 421 421 421 420 414 415 415 415 414 414 410 409 409 410 410 409 END
START 405 403 404 404 405 404 399 398 399 399 398 397 378 377 378 378 377 376 END
START 353 351 352 351 351 351 340 339 340 339 339 338 344 344 344 345 344 344 END
START 347 347 348 347 347 347 352 352 352 353 352 351 353 353 353 353 352 352 END
START 348 350 350 349 350 349 350 350 350 350 349 349 350 349 350 350 349 348 END
START 353 354 355 354 354 354 352 352 353 353 352 351 353 353 354 353 353 352 END
START 350 351 351 350 351 350 347 346 348 348 347 346 352 351 352 353 351 351 END
START 359 360 360 360 360 360 388 388 388 388 387 387 409 409 409 409 409 408 END
START 422 423 423 423 423 423 412 412 412 411 410 410 388 387 388 388 387 386 END
START 378 376 378 377 377 377 378 377 377 378 377 377 375 375 375 375 374 374 END
START 369 370 370 370 370 370 379 378 378 379 378 377 376 376 375 376 375 375 END