START 357 357 356 356 356 356 356 354 355 355 355 356 354 355 355 354 354 355 END
START 351 350 350 348 349 348 301 301 301 301 300 299 273 272 272 272 271 271 END
START 241 242 243 241 241 241 235 234 235 235 235 234 234 233 233 234 233 233 END
START 231 232 233 232 232 232 239 237 237 238 237 236 243 243 242 244 243 242 END
START 261 262 262 262 263 262 272 272 271 273 272 271 291 291 292 292 291 291 END
START 300 301 302 301 301 301 319 319 319 320 320 320 329 329 329 329 329 328 END
START 333 334 335 334 335 334 353 353 352 353 352 352 357 358 357 358 358 357 END
START 370 371 371 371 370 370 376 376 377 377 376 376 377 376 377 377 377 377 END
START 378 379 380 379 379 379 384 384 384 385 384 384 392 392 391 392 391 391 END
START 388 389 390 389 390 389 393 393 393 393 392 392 389 388 388 388 388 387 END
START 398 399 399 398 399 398 393 393 393 392 392 391 413 414 414 414 413 413 END
START 440 441 441 441 440 440 469 469 469 469 468 468 495 495 496 496 495 495 END
START 513 512 513 513 513 512 536 536 535 536 535 535 540 540 541 539 539 539 END
START 536 535 536 536 536 535 510 509 509 510 508 508 479 479 478 479 478 478 END
START 468 467 467 467 467 467 455 455 455 456 455 455 446 445 445 446 445 445 END
START 440 438 440 438 439 438 443 442 443 443 442 442 415 415 415 414 413 412 END
START 381 380 381 380 380 380 348 347 348 348 346 346 339 339 340 341 339 339 END
START 341 341 342 341 341 341 339 340 340 340 340 339 339 339 338 340 338 338 END
START 341 340 340 339 340 339 354 355 355 355 354 354 374 374 373 374 373 373 END