START 343 344 342 342 343 342 341 340 341 341 341 341 339 340 339 339 338 339 END
START 331 332 332 332 332 332 333 333 334 333 333 332 334 334 333 334 334 333 END
START 336 338 338 337 338 337 341 341 340 342 341 340 344 343 343 344 344 343 END
START 344 344 345 344 344 344 341 340 341 340 340 339 319 319 319 319 318 317 END
START 289 289 290 289 289 289 271 271 271 272 270 270 271 270 271 271 270 270 END
START 269 269 270 268 269 268 277 277 277 278 277 277 285 285 285 285 285 284 END
START 291 292 293 292 292 292 301 300 300 300 300 299 309 309 309 309 309 308 END
START 319 320 321 320 321 320 328 329 329 329 328 328 338 338 339 339 338 337 END
START 343 345 344 344 345 344 355 355 354 356 354 354 358 357 356 358 357 356 END
START 361 362 362 362 362 362 369 368 369 369 369 368 373 371 372 372 371 371 END
START 376 377 377 377 377 376 380 381 380 381 380 380 383 383 382 383 383 382 END
START 401 401 402 401 402 402 441 441 442 441 441 441 472 472 473 472 472 472 END
START 499 498 498 498 499 498 517 517 518 517 516 516 507 507 506 507 506 505 END
START 496 496 495 496 496 495 483 482 483 483 482 482 473 473 473 474 473 472 END
START 460 459 460 459 459 458 451 452 451 450 450 449 443 442 441 442 442 441 END
START 429 428 429 428 428 428 426 424 426 425 425 424 410 410 411 410 409 409 END
START 394 393 394 393 393 393 381 382 381 382 381 380 368 368 368 368 367 366 END
START 340 341 342 341 341 340 311 311 312 311 310 310 307 307 306 307 306 305 END
START 318 320 320 320 320 320 333 332 333 334 333 332 337 337 337 338 336 336 END
START 338 339 339 339 339 338 336 336 335 336 335 335 333 332 332 333 332 332 END
START 341 342 342 342 342 342 357 357 357 358 357 357 383 382 382 383 382 382 END
START 411 413 413 413 413 412 436 435 435 435 434 434 423 423 424 423 422 422 END
START 398 397 398 397 397 397 387 386 386 388 386 386 383 383 383 384 382 382 END
START 380 381 381 381 381 381 381 381 381 380 380 379 376 375 375 374 374 374 END