START 397 398 397 397 397 398 398 397 398 398 398 398 397 397 397 397 396 397 END
START 395 396 397 396 396 396 392 392 392 391 391 391 385 384 385 384 385 384 END
START 389 390 390 390 390 390 384 384 384 384 383 383 378 378 378 377 377 377 END
START 338 338 338 337 338 336 308 309 308 308 308 307 291 291 291 292 291 290 END
START 279 280 280 279 280 280 287 288 288 288 287 287 289 288 288 288 288 287 END
START 294 295 295 295 295 295 305 305 305 305 305 304 309 309 309 309 309 308 END
START 319 320 321 320 320 319 328 329 329 330 329 328 336 336 336 336 335 335 END
START 341 341 342 341 342 341 349 349 348 349 348 348 351 351 350 351 350 349 END
START 358 359 360 359 360 359 360 361 360 360 359 359 365 364 365 365 365 363 END
START 371 372 373 372 372 372 375 375 375 375 374 374 375 375 375 376 374 374 END
START 378 379 378 379 379 378 380 380 379 381 379 379 373 373 373 375 374 374 END
START 414 415 415 415 416 416 451 451 451 452 451 451 480 480 480 480 480 480 END
START 506 506 506 506 506 505 494 493 494 493 493 492 484 484 484 483 482 482 END
START 467 465 467 466 466 466 456 455 456 455 455 454 446 447 447 445 445 445 END
START 439 438 439 438 439 437 430 429 430 430 429 429 419 419 420 419 418 418 END
START 411 410 411 410 410 410 400 400 399 400 400 399 401 400 400 401 399 399 END
START 391 390 391 390 391 390 388 389 388 389 388 387 381 379 380 380 379 378 END
START 371 372 373 371 372 371 366 367 366 366 365 364 362 361 361 361 361 360 END
START 358 358 359 358 359 358 354 355 354 355 354 353 352 353 352 353 352 351 END
START 354 355 355 355 355 354 354 354 354 354 354 353 351 349 350 350 349 349 END
START 348 349 350 349 349 349 351 349 350 350 349 349 347 346 347 346 345 344 END
START 344 345 345 345 345 344 344 345 345 345 344 343 346 347 347 348 347 346 END
START 343 344 344 344 345 344 337 337 338 337 337 336 338 339 339 339 338 338 END
START 336 338 338 338 338 338 342 342 341 343 342 341 346 345 345 346 345 345 END
START 358 359 360 359 359 359 361 361 362 362 361 360 368 368 369 369 369 368 END
START 373 374 374 374 374 373 377 377 377 377 376 375 374 374 373 374 373 372 END