START 361 362 361 361 361 362 363 361 363 363 363 363 364 363 364 364 363 364 END
START 359 361 361 361 361 361 365 366 364 365 364 363 366 365 365 365 364 363 END
START 364 365 366 365 365 364 362 363 362 362 362 361 367 367 367 368 367 367 END
START 351 352 353 352 352 352 317 318 317 318 317 316 294 295 294 294 293 292 END
START 268 268 270 269 269 269 267 266 267 268 266 266 269 268 269 268 268 268 END
START 273 274 274 273 274 273 278 278 278 278 278 277 287 287 287 288 287 286 END
START 293 294 295 294 294 294 303 303 303 304 303 303 313 313 313 313 313 312 END
START 318 319 319 319 319 318 327 328 327 328 327 326 333 332 333 333 332 332 END
START 343 345 345 344 345 344 347 347 346 347 347 346 355 354 353 355 354 353 END
START 363 364 365 364 364 364 368 368 368 369 368 368 375 373 374 374 374 373 END
START 374 375 375 375 375 375 393 394 393 394 393 392 422 421 421 422 421 421 END
START 460 461 461 461 462 461 484 483 484 483 483 483 494 495 493 494 494 493 END
START 487 485 486 485 485 484 474 475 474 474 473 473 471 469 471 470 469 468 END
START 454 453 454 453 453 452 450 450 450 450 449 449 437 438 436 437 437 436 END
START 429 427 429 428 428 428 424 424 424 424 423 422 411 410 409 410 409 409 END
START 408 406 407 406 406 405 393 394 393 394 392 392 388 388 388 389 387 387 END
START 373 371 373 372 372 372 374 373 374 373 373 372 372 372 372 372 371 371 END
START 369 370 371 370 370 370 363 364 363 364 363 363 363 363 363 364 363 362 END
START 362 363 363 363 363 363 365 365 364 365 364 364 359 359 358 358 358 357 END
START 354 355 356 355 355 354 357 358 357 357 357 356 354 353 354 354 353 352 END
START 349 350 351 349 350 350 347 346 347 347 346 346 350 349 350 350 349 349 END
START 353 354 354 353 354 353 349 349 349 350 349 348 350 350 351 351 350 350 END