START 286 287 285 285 287 286 286 285 286 286 285 287 285 285 286 285 284 285 END
START 258 258 259 257 258 257 251 251 251 251 251 250 246 247 246 246 246 245 END
START 250 251 252 251 252 252 263 262 263 263 262 262 265 265 265 265 264 264 END
START 278 279 280 279 279 278 287 287 287 287 287 286 294 295 294 295 294 293 END
START 308 309 309 308 309 308 319 319 320 320 319 319 325 325 326 326 326 325 END
START 338 339 340 340 340 340 348 347 348 349 347 347 348 349 347 349 348 347 END
START 356 357 358 358 358 358 363 363 364 364 362 362 364 365 365 366 365 364 END
START 372 373 373 372 373 372 375 375 374 374 374 374 382 382 382 382 381 381 END
START 378 379 380 379 380 379 387 387 386 387 387 386 397 397 397 396 396 395 END
START 431 431 432 432 432 432 460 460 460 459 459 458 480 480 481 481 480 480 END
START 507 506 507 506 506 506 509 508 509 509 508 508 506 506 507 506 505 504 END
START 484 483 484 483 483 483 472 472 473 473 472 471 463 463 463 463 462 461 END
START 454 452 454 453 454 453 434 434 433 434 433 433 400 400 399 400 399 399 END
START 400 398 399 398 398 398 396 396 395 396 395 395 396 394 395 395 395 395 END
START 400 400 401 400 400 400 385 384 385 384 383 383 363 361 362 362 361 361 END
START 358 356 358 357 358 357 355 355 355 355 354 353 356 357 356 356 356 355 END
START 353 354 354 354 354 353 348 348 348 349 347 348 348 347 348 348 347 347 END
START 348 349 349 349 349 348 350 350 351 351 350 350 348 348 349 349 347 347 END
START 345 346 347 346 346 346 347 346 347 346 345 345 340 341 340 340 339 338 END
START 361 362 363 363 363 363 389 390 390 390 390 389 413 412 413 414 413 413 END
START 400 401 401 400 400 400 382 381 382 382 381 381 371 370 370 371 370 369 END
START 364 362 364 363 363 364 368 368 369 368 368 367 359 359 358 359 358 357 END
START 361 362 362 362 362 362 359 360 358 359 358 358 356 356 356 356 356 355 END