START 346 346 344 344 345 344 344 343 343 343 344 343 341 342 342 341 340 341 END
START 299 300 301 299 300 298 270 270 271 270 270 269 259 259 259 259 258 257 END
START 245 247 247 246 246 246 247 246 246 246 246 245 251 250 251 251 250 249 END
START 258 259 260 259 259 260 265 266 266 267 266 265 278 276 278 278 277 276 END
START 288 289 290 289 289 289 299 299 299 300 299 298 312 312 311 312 312 311 END
START 321 321 322 320 321 320 331 330 331 330 330 329 337 336 337 337 336 336 END
START 348 349 349 348 349 348 351 350 350 351 350 350 357 357 356 357 356 356 END
START 370 371 372 371 371 372 375 375 376 376 375 374 375 374 375 375 374 374 END
START 378 379 380 379 380 379 385 384 384 384 384 383 386 385 386 386 385 385 END
START 390 391 391 391 391 390 394 394 394 394 393 392 385 384 385 384 384 383 END
START 419 420 421 420 421 420 455 456 456 455 456 455 481 480 481 480 480 480 END
START 504 503 504 503 504 503 507 506 507 506 506 505 493 494 493 492 492 492 END
START 480 479 480 479 480 480 468 468 468 469 467 467 460 459 460 459 458 458 END
START 447 445 446 445 446 445 436 436 435 435 434 434 420 419 419 420 419 418 END
START 406 404 405 405 405 404 393 391 392 392 391 391 381 380 381 381 380 380 END
START 364 362 363 362 363 362 351 350 350 350 350 349 343 343 343 343 343 342 END
START 349 350 351 351 350 350 361 360 360 361 360 359 361 361 362 361 361 360 END
START 358 359 360 359 359 359 355 355 354 355 354 353 362 362 361 362 361 360 END
START 388 389 390 390 390 390 425 424 425 426 425 425 445 446 445 446 445 445 END
START 439 439 440 439 439 438 412 412 411 412 411 410 397 398 398 398 397 397 END
START 391 390 391 390 391 390 382 382 382 383 382 381 381 380 381 380 379 379 END