START 304 305 303 303 304 304 304 303 304 304 304 305 304 304 305 305 304 305 END
START 312 313 313 313 313 312 318 318 318 319 318 317 327 327 327 328 327 326 END
START 324 326 327 326 326 326 335 334 335 335 334 334 336 337 336 337 336 335 END
START 341 342 343 342 342 342 345 345 344 346 345 344 343 342 341 343 343 342 END
START 350 350 351 350 350 349 354 354 354 354 353 352 335 335 336 335 334 334 END
START 311 312 312 311 312 311 306 305 306 306 305 304 301 301 300 301 300 299 END
START 304 305 305 305 305 304 307 308 308 308 308 306 310 310 310 310 309 308 END
START 322 323 324 323 323 322 324 324 324 325 324 323 334 334 335 335 335 334 END
START 339 339 340 339 340 339 351 351 351 351 350 350 353 353 352 353 353 352 END
START 358 360 360 360 360 360 364 362 364 363 363 362 367 367 367 367 367 366 END
START 376 377 377 377 377 376 373 374 373 374 373 373 380 380 379 380 379 379 END
START 393 394 395 394 394 394 436 435 435 436 435 435 461 460 461 462 460 460 END
START 483 484 484 484 484 484 504 503 503 504 503 503 494 494 493 493 492 492 END
START 483 482 483 483 483 482 466 467 467 467 466 465 459 458 459 459 458 458 END
START 445 444 444 444 444 444 437 438 437 437 437 437 432 432 431 431 430 430 END
START 420 419 420 419 420 418 417 416 416 417 416 415 405 405 404 406 404 404 END
START 400 399 399 399 399 398 389 388 388 389 388 387 389 389 390 390 390 389 END
START 382 383 383 382 382 382 374 374 374 374 373 373 374 374 374 374 373 373 END
START 363 364 364 364 365 364 363 364 363 363 363 362 353 352 351 352 351 351 END
START 350 351 352 351 352 351 347 347 346 347 346 345 347 346 347 347 346 346 END
START 350 351 352 351 351 350 347 348 348 348 348 347 348 348 349 349 348 347 END
START 346 347 347 347 347 347 349 349 349 349 348 348 344 344 344 344 343 343 END
START 342 342 343 342 342 342 337 337 337 337 336 335 335 336 336 336 335 335 END
START 333 334 334 333 334 332 329 329 328 330 329 328 339 339 338 340 339 338 END
START 348 349 350 349 349 348 367 368 367 368 367 367 385 384 384 385 384 384 END
START 400 401 401 401 402 401 395 396 395 395 394 393 387 387 387 387 386 386 END
START 388 386 388 387 387 386 381 380 382 381 380 380 383 382 383 382 382 382 END