START 359 359 357 357 358 357 354 353 353 354 353 353 351 351 351 351 349 351 END
START 358 359 360 359 359 359 345 344 344 343 342 341 305 305 306 306 305 304 END
START 284 284 285 283 283 282 261 261 262 262 260 260 258 258 258 259 258 258 END
START 250 252 252 251 251 251 269 270 269 270 269 268 270 269 269 270 268 268 END
START 283 284 286 285 286 286 283 284 283 282 281 281 288 289 288 289 289 289 END
START 311 313 313 311 312 310 320 321 320 320 320 319 334 335 335 334 334 334 END
START 331 333 333 332 333 332 340 341 340 342 341 340 346 345 345 347 346 345 END
START 355 355 356 355 355 354 354 354 355 355 354 353 373 372 372 372 370 370 END
START 390 393 395 396 397 398 388 388 388 388 387 387 379 379 379 381 380 380 END
START 432 433 433 433 433 433 459 460 460 460 460 460 474 475 474 474 473 473 END
START 478 478 479 478 480 479 464 465 464 465 465 465 468 467 466 466 465 464 END
START 453 452 453 454 455 455 445 445 445 446 446 446 448 449 448 447 446 446 END
START 429 428 429 429 429 429 436 437 437 436 436 435 425 425 426 427 426 426 END
START 425 424 425 425 426 426 406 405 405 406 404 404 381 381 380 382 381 382 END
START 385 382 383 381 381 380 380 380 381 381 381 380 381 381 380 379 378 378 END
START 362 363 363 363 363 362 380 381 382 382 382 382 375 374 374 377 377 376 END
START 366 367 368 367 367 366 369 369 370 370 370 369 367 366 366 367 366 366 END
START 396 398 398 397 398 397 399 398 398 399 398 397 392 393 392 394 393 393 END
START 400 402 402 402 403 403 382 381 381 381 381 381 388 388 388 388 388 388 END
START 368 366 367 366 366 366 362 362 362 361 361 360 364 364 364 363 363 362 END
START 368 369 369 368 369 368 348 348 348 348 348 347 352 353 353 353 353 352 END