START 389 389 388 388 389 388 389 388 388 388 388 389 387 388 388 387 387 387 END
START 382 383 384 382 383 383 380 380 380 379 379 379 381 382 382 381 381 381 END
START 387 388 389 387 388 388 385 385 385 385 385 385 387 388 388 388 387 387 END
START 385 385 386 385 386 386 372 372 371 371 371 370 350 350 350 349 348 348 END
START 342 342 343 342 343 343 343 343 343 343 343 342 342 342 343 342 342 342 END
START 349 350 350 349 349 349 353 353 353 353 353 352 357 357 358 358 357 357 END
START 365 366 366 365 366 366 372 372 372 372 371 371 376 376 376 376 376 375 END
START 378 379 379 379 380 380 387 387 387 387 387 386 385 385 385 386 385 385 END
START 387 388 388 387 388 388 387 388 388 388 387 387 393 393 393 393 392 392 END
START 392 392 393 392 392 392 397 398 398 398 398 397 399 399 399 399 398 398 END
START 399 400 401 400 400 400 398 398 398 398 398 397 400 400 400 400 400 400 END
START 406 404 405 404 405 405 399 400 400 400 400 400 425 425 426 426 426 426 END
START 443 442 442 441 442 442 450 450 450 450 450 449 439 440 439 439 439 438 END
START 438 437 438 437 438 438 440 440 440 440 439 439 433 434 433 434 433 432 END
START 429 428 429 428 429 430 452 452 452 453 452 452 447 448 447 448 448 447 END
START 448 447 448 446 447 447 445 446 446 446 446 446 442 442 442 442 441 441 END
START 436 435 436 435 436 436 437 438 438 438 437 437 438 438 439 438 438 438 END
START 446 445 446 445 445 445 443 443 442 443 443 443 446 446 445 446 446 445 END
START 453 451 452 450 451 451 432 432 432 432 431 431 431 431 431 431 431 430 END
START 425 424 425 424 425 425 422 422 422 423 422 422 423 423 422 423 422 422 END
START 418 417 418 417 418 418 412 413 412 413 412 412 413 413 413 413 413 412 END
START 415 414 415 414 415 415 406 406 407 407 407 406 410 410 410 410 410 409 END
START 407 406 407 406 407 407 413 413 413 414 413 413 407 407 407 407 406 405 END
START 397 396 397 396 396 396 393 393 393 393 392 392 391 392 392 393 392 392 END
START 412 412 413 412 413 413 417 417 417 417 417 417 423 423 423 423 423 423 END
START 400 399 400 398 399 399 400 400 399 400 399 399 395 395 394 395 395 394 END
START 395 396 396 395 396 396 389 389 389 389 388 388 391 391 391 391 391 391 END