START 401 402 401 401 402 401 403 402 403 403 403 403 402 403 403 403 402 402 END
START 391 389 390 389 390 390 361 361 361 361 360 359 326 326 325 326 325 324 END
START 300 300 301 300 301 300 288 289 289 289 288 288 288 288 288 288 288 287 END
START 297 298 299 297 298 298 303 303 303 303 303 303 310 310 310 310 310 309 END
START 322 323 323 322 323 322 334 334 334 335 334 334 344 344 344 344 343 343 END
START 354 354 355 354 355 355 360 360 360 361 360 359 365 365 365 365 365 364 END
START 378 379 380 379 379 379 384 385 385 385 385 384 384 385 384 385 384 384 END
START 385 386 386 385 386 386 396 396 397 396 396 396 396 396 396 396 395 394 END
START 393 394 395 394 395 396 428 428 428 428 428 428 441 441 442 442 441 441 END
START 460 460 461 460 461 461 463 464 463 464 464 463 456 457 457 457 457 457 END
START 452 451 452 451 452 452 458 459 458 459 458 458 457 456 456 456 456 455 END
START 454 453 454 453 454 454 451 451 451 450 450 449 447 447 446 447 446 446 END
START 451 451 451 450 451 451 446 446 446 446 445 445 446 446 447 447 446 446 END
START 439 439 439 438 439 439 442 442 442 442 442 442 446 446 446 446 445 445 END
START 433 433 433 432 433 434 433 433 434 433 433 432 429 429 430 429 429 429 END
START 441 440 441 439 440 440 433 433 432 433 433 432 433 433 433 434 433 433 END
START 434 433 433 432 433 433 435 435 435 436 435 435 431 431 430 431 430 430 END
START 424 423 424 423 424 424 427 427 426 427 426 425 425 425 424 425 424 424 END
START 431 430 431 430 431 431 427 427 427 428 427 427 437 438 438 439 438 438 END
START 452 451 451 450 451 452 434 434 434 434 434 433 424 424 423 424 423 423 END
START 411 410 411 410 411 411 413 413 413 413 413 412 411 412 412 412 411 411 END
START 412 411 412 411 412 412 410 410 410 411 410 409 405 406 406 407 406 406 END