START 355 356 354 353 355 354 352 351 352 352 351 352 349 349 349 349 347 349 END
START 310 310 311 310 310 309 267 268 268 268 268 266 250 250 251 251 250 249 END
START 232 233 234 233 233 233 238 239 238 239 238 237 242 242 242 243 242 241 END
START 256 256 257 256 256 256 270 269 268 270 269 269 278 278 279 279 278 278 END
START 292 293 293 292 293 292 302 302 302 303 302 302 313 313 312 313 313 312 END
START 317 318 319 318 317 317 333 333 333 333 332 332 339 338 339 339 338 338 END
START 349 349 351 350 350 350 356 355 354 356 355 354 361 361 360 362 360 360 END
START 369 369 370 369 370 370 371 370 371 371 370 370 379 379 379 379 378 378 END
START 376 377 378 377 378 377 383 383 382 383 383 383 413 412 412 413 412 412 END
START 447 448 449 448 449 448 484 484 484 483 483 483 499 498 499 499 499 498 END
START 520 519 520 519 520 519 500 501 500 500 500 499 494 493 494 493 493 493 END
START 479 478 479 478 479 478 469 470 470 470 469 468 465 465 465 464 464 464 END
START 454 452 454 453 453 452 443 444 443 444 442 442 435 435 435 435 434 434 END
START 438 437 438 437 438 437 424 425 425 425 424 423 412 412 411 412 412 411 END
START 403 401 403 402 402 402 390 391 389 391 390 389 381 381 381 381 381 380 END
START 364 362 363 362 362 362 354 353 354 353 353 352 344 343 343 342 342 341 END
START 340 342 341 342 342 341 339 338 339 339 338 338 339 339 340 340 339 338 END
START 341 342 342 341 341 340 343 343 342 344 343 342 348 347 347 348 347 346 END
START 337 338 338 337 338 337 339 340 340 339 339 338 339 339 340 339 338 337 END
START 345 346 346 345 346 345 352 352 351 352 352 351 379 378 378 380 379 379 END
START 407 408 408 407 407 407 415 415 416 416 415 415 401 399 399 400 399 399 END
START 382 380 382 381 381 381 380 379 380 380 380 379 377 376 377 376 376 376 END