START 369 370 369 368 370 369 372 371 372 373 374 374 379 380 381 381 381 382 END
START 347 348 348 347 347 347 322 321 321 321 321 320 291 292 292 292 291 291 END
START 284 286 286 286 287 286 280 280 280 280 279 278 275 276 276 276 276 276 END
START 308 309 310 309 310 310 303 304 304 305 305 304 315 315 315 316 315 315 END
START 330 331 332 332 332 332 359 360 360 362 362 361 349 349 350 351 351 350 END
START 368 369 370 369 369 368 369 370 369 370 370 370 373 373 374 374 373 373 END
START 385 387 388 388 389 390 385 385 385 385 384 384 397 397 397 398 398 398 END
START 432 433 433 432 432 432 457 457 458 457 457 457 460 460 461 460 460 460 END
START 470 469 470 469 470 469 486 485 485 484 483 482 472 473 473 474 474 474 END
START 481 481 482 482 483 483 471 471 471 469 469 468 459 460 460 461 461 461 END
START 479 479 481 481 482 483 472 473 473 474 474 474 462 463 463 464 465 465 END
START 469 468 469 469 470 470 466 467 467 469 469 469 466 467 468 470 470 471 END
START 461 458 458 454 453 451 445 444 443 441 440 439 450 450 449 449 448 447 END
START 428 426 427 426 426 426 446 447 447 446 445 445 419 419 419 417 416 416 END
START 408 408 409 409 410 410 414 414 415 414 414 413 421 421 420 420 419 419 END
START 423 422 423 422 423 423 416 416 416 416 416 415 400 399 399 399 397 397 END
START 427 426 427 426 426 426 423 423 423 423 423 422 456 457 457 457 457 456 END
START 449 448 449 449 450 450 407 406 404 403 402 400 409 409 409 409 409 408 END
START 399 399 401 403 405 406 398 398 398 399 398 397 407 407 407 407 406 406 END