START 354 355 354 354 355 354 354 353 354 354 354 355 353 353 353 353 352 353 END
START 350 351 351 351 352 351 327 326 326 326 325 324 288 288 289 289 288 287 END
START 255 256 255 255 255 254 238 239 237 239 238 237 236 237 237 237 236 236 END
START 232 233 234 233 233 233 249 248 247 249 248 248 255 254 254 255 254 254 END
START 266 268 267 267 267 268 281 282 282 282 281 280 289 288 289 289 289 288 END
START 301 302 303 302 302 301 309 310 310 310 309 309 321 322 321 321 321 321 END
START 328 328 329 328 328 328 338 339 339 339 339 338 352 351 351 352 351 350 END
START 355 357 357 356 357 357 366 365 365 366 365 365 370 369 370 370 370 369 END
START 377 378 378 377 378 378 382 382 381 382 381 381 387 387 387 388 388 387 END
START 389 390 391 389 389 389 393 394 394 393 393 393 388 388 388 387 387 386 END
START 428 429 429 429 430 429 473 473 473 473 472 472 498 497 498 497 496 497 END
START 522 521 522 521 522 522 512 511 511 512 511 511 507 506 506 506 506 506 END
START 492 491 492 491 492 491 478 477 478 478 477 477 471 471 471 471 470 469 END
START 456 454 456 455 455 454 449 448 448 448 448 447 435 435 434 435 434 433 END
START 428 426 427 427 427 426 417 416 416 416 415 414 407 407 406 408 406 406 END
START 405 404 404 403 404 403 397 397 397 398 397 397 392 393 393 394 393 392 END
START 380 378 379 378 378 378 377 376 376 376 375 376 364 363 364 363 363 362 END
START 360 361 362 362 363 362 347 347 346 346 345 345 331 332 332 332 331 331 END
START 320 321 321 320 320 320 307 307 307 308 307 306 316 315 315 317 316 315 END
START 317 318 319 318 318 318 325 326 326 327 326 325 325 324 325 325 324 324 END
START 324 325 325 324 325 324 326 327 326 327 326 326 329 331 329 330 330 329 END
START 327 328 328 328 327 327 332 333 332 333 333 332 358 358 358 360 359 359 END
START 387 388 389 388 389 388 425 425 424 426 425 424 427 426 427 426 425 425 END
START 417 418 418 418 418 418 407 407 406 407 406 405 402 402 401 402 401 401 END
START 399 398 398 398 399 398 389 390 390 390 390 389 392 392 392 392 392 391 END