START 361 361 360 360 362 362 363 362 363 364 363 363 364 363 364 364 363 364 END
START 356 356 357 356 356 357 359 360 359 359 359 358 361 361 360 361 360 359 END
START 362 362 364 362 363 362 359 358 359 359 358 358 363 363 363 364 363 363 END
START 334 334 335 333 333 333 293 293 294 293 293 292 269 270 269 269 269 268 END
START 250 252 252 251 251 251 249 249 249 249 249 249 245 245 244 245 244 244 END
START 251 252 253 252 253 252 262 262 262 262 261 260 271 271 272 272 271 270 END
START 281 282 283 282 282 282 288 288 288 289 288 288 304 303 303 304 303 303 END
START 312 313 314 313 313 312 330 330 330 330 330 329 339 339 340 340 338 338 END
START 342 344 344 344 344 344 349 348 348 349 348 347 353 352 351 353 352 352 END
START 363 364 365 364 365 364 368 368 368 368 367 367 377 376 377 377 376 376 END
START 376 378 378 377 378 376 378 379 378 379 378 377 386 386 385 386 385 384 END
START 389 389 390 389 390 389 393 392 392 393 392 392 393 393 393 392 392 391 END
START 393 394 395 394 394 394 392 391 392 391 391 390 393 392 393 393 393 392 END
START 394 394 395 394 394 394 410 410 411 411 410 410 428 427 428 427 427 427 END
START 417 419 419 419 419 418 419 418 419 419 419 418 413 413 412 414 412 412 END
START 411 409 411 409 410 409 418 417 418 419 418 417 441 441 441 442 441 440 END
START 471 469 471 470 471 470 489 488 489 489 488 488 508 508 508 508 507 508 END
START 509 508 509 508 509 508 496 496 496 495 494 494 469 469 469 469 468 467 END
START 450 449 450 450 450 450 434 432 433 432 432 432 425 424 424 425 424 423 END
START 417 415 416 415 415 414 405 404 403 405 404 404 399 399 398 399 398 398 END
START 389 388 389 388 388 388 358 358 358 359 358 357 357 356 355 355 355 354 END
START 355 355 356 355 356 355 338 337 338 337 337 336 323 322 323 323 322 321 END
START 304 305 306 305 305 304 306 306 305 307 306 305 317 318 317 318 318 317 END
START 319 320 320 320 320 320 331 331 331 331 330 330 329 329 329 330 329 329 END
START 334 335 335 335 335 335 331 330 329 331 330 329 329 329 328 329 329 328 END