START 352 353 352 352 353 353 352 352 352 353 352 353 352 352 351 352 351 351 END
START 349 350 350 350 350 350 348 347 348 348 347 346 350 349 350 350 349 349 END
START 352 353 354 352 353 352 349 349 350 350 349 348 355 355 355 356 355 354 END
START 352 352 353 352 352 352 356 356 357 357 356 356 341 340 341 340 339 338 END
START 297 298 299 298 298 297 264 263 263 264 262 262 249 248 248 249 249 248 END
START 244 245 246 244 245 244 244 245 245 245 244 244 252 253 253 253 252 251 END
START 257 258 258 257 257 257 269 269 269 269 269 268 278 277 278 278 277 276 END
START 289 290 290 289 290 290 307 307 307 308 307 306 315 315 314 315 315 314 END
START 324 326 326 326 326 326 330 330 331 331 330 329 343 342 342 343 342 341 END
START 347 349 349 348 349 348 357 355 355 356 356 355 364 364 364 364 363 362 END
START 367 368 369 368 369 369 373 373 373 373 372 372 377 378 377 378 378 377 END
START 429 430 431 430 431 430 458 458 457 458 458 458 484 483 484 485 484 484 END
START 503 502 502 502 502 501 497 497 498 498 497 497 488 488 488 487 486 486 END
START 472 471 471 471 472 470 465 464 465 464 463 463 454 453 454 452 452 452 END
START 451 449 450 450 450 450 440 439 439 439 438 438 431 430 431 431 430 430 END
START 411 409 410 409 409 409 391 390 390 391 391 390 376 375 375 375 374 374 END
START 351 350 350 350 350 350 340 339 340 339 339 338 325 324 324 325 323 323 END
START 322 323 323 323 323 322 316 316 316 317 316 316 326 327 326 327 327 326 END
START 347 348 348 348 348 348 368 368 368 369 368 368 388 389 389 390 389 389 END
START 384 386 386 385 385 384 385 386 385 386 384 385 379 379 379 379 378 378 END
START 380 381 382 381 382 381 377 377 377 376 376 375 375 375 374 375 375 374 END
START 370 371 371 371 371 370 367 367 367 368 367 367 362 362 361 362 361 361 END
START 339 339 340 339 339 339 327 327 327 328 326 326 314 315 314 314 313 312 END
START 303 304 305 305 305 304 315 316 314 315 314 314 325 324 325 326 325 325 END
START 364 365 366 366 366 365 407 406 407 408 406 406 435 436 435 436 435 435 END
START 448 449 449 449 449 449 455 456 455 456 455 454 440 439 439 439 438 438 END
START 417 415 416 415 416 416 409 408 408 409 407 407 399 399 398 399 399 398 END