START 361 362 361 361 362 362 363 362 363 363 363 364 362 363 363 363 361 362 END
START 358 359 359 359 359 358 363 364 363 364 362 362 362 362 361 362 361 360 END
START 360 362 362 362 362 361 362 362 362 362 362 360 357 357 357 357 357 356 END
START 361 363 363 362 363 362 361 362 361 362 361 361 340 340 340 341 340 339 END
START 296 297 297 296 296 296 278 279 278 279 278 277 267 267 268 268 266 266 END
START 267 268 268 268 269 268 270 270 269 270 269 268 271 271 271 271 271 270 END
START 280 281 281 280 281 281 287 287 287 288 287 287 298 298 297 299 298 297 END
START 304 306 306 305 305 305 318 319 318 318 318 318 324 324 324 324 323 323 END
START 330 331 332 332 331 331 337 337 337 337 336 336 343 344 342 344 343 343 END
START 352 353 354 353 353 353 356 355 354 356 355 355 361 361 362 361 360 360 END
START 390 391 392 392 391 392 440 440 440 441 440 440 463 464 463 463 463 462 END
START 481 482 482 482 482 481 500 501 501 500 499 499 485 485 484 484 483 483 END
START 477 476 477 476 476 475 464 463 464 463 463 462 454 454 455 454 454 453 END
START 445 444 445 444 445 444 441 440 440 440 439 439 434 433 434 433 432 432 END
START 418 416 417 417 418 417 413 413 412 413 412 411 403 403 402 403 402 402 END
START 402 401 401 401 401 401 396 396 396 396 395 395 391 391 391 392 391 391 END
START 377 375 376 375 376 375 367 366 367 366 366 366 358 357 358 357 356 356 END
START 339 340 340 340 340 340 338 338 337 338 337 337 335 335 335 335 334 333 END
START 335 337 337 336 336 336 335 334 334 335 334 334 346 346 345 347 346 345 END
START 350 351 351 350 350 350 356 356 355 357 356 356 355 355 356 355 355 354 END
START 355 355 356 355 356 355 357 357 358 358 356 356 353 352 354 353 352 352 END
START 358 359 360 359 360 359 357 357 357 357 357 355 353 352 354 354 353 352 END
START 355 356 357 356 356 356 359 358 359 359 359 358 360 359 360 360 360 359 END
START 352 353 354 353 353 353 355 354 355 355 355 354 346 346 345 345 345 344 END
START 342 343 343 343 343 343 325 324 325 325 324 323 327 328 328 328 327 326 END
START 318 319 319 319 319 319 317 318 317 318 317 316 321 322 321 322 321 321 END
START 323 324 325 325 325 325 339 339 339 340 339 339 357 358 357 358 357 356 END
START 376 376 377 376 377 377 374 373 373 374 373 372 375 374 375 375 374 374 END