START 311 311 309 309 310 308 307 306 306 306 306 306 303 303 303 302 301 302 END
START 292 293 293 292 293 293 305 305 305 305 305 304 315 315 315 316 315 315 END
START 322 323 324 322 323 323 336 336 336 337 336 336 344 344 344 345 344 344 END
START 351 352 353 352 352 352 363 362 362 363 362 362 365 365 365 365 364 364 END
START 376 376 377 376 376 376 381 382 381 382 381 381 388 389 388 389 388 388 END
START 388 388 389 388 388 388 397 397 398 397 397 397 398 399 399 398 398 398 END
START 398 399 399 398 399 399 397 397 397 397 397 396 424 424 424 424 423 423 END
START 446 446 447 446 447 447 453 453 453 453 453 453 465 465 465 466 465 465 END
START 461 460 460 459 460 460 459 460 460 460 460 460 458 458 458 458 458 457 END
START 453 452 453 452 452 453 457 457 457 457 456 456 453 453 453 453 453 452 END
START 456 455 456 455 455 455 452 452 452 452 451 451 444 444 444 444 444 444 END
START 441 440 440 439 439 439 435 435 435 435 435 434 430 431 431 431 430 429 END
START 426 425 426 425 425 425 426 426 426 427 426 426 429 429 428 429 428 428 END
START 445 445 445 445 446 446 454 455 454 455 454 454 457 457 457 457 457 456 END
START 446 446 446 445 446 446 438 438 438 438 438 438 443 443 443 443 443 443 END
START 438 437 437 436 437 437 434 434 433 434 434 434 438 439 439 438 438 437 END