START 357 356 355 355 356 356 358 357 358 358 359 359 360 360 360 360 359 361 END
START 327 327 327 326 327 326 287 286 287 287 286 286 263 262 263 262 261 261 END
START 239 240 240 240 240 240 236 236 236 235 235 234 232 232 232 232 231 230 END
START 246 247 248 247 247 248 254 254 253 254 253 253 266 265 265 266 266 265 END
START 281 282 282 281 282 281 294 294 294 295 294 294 302 302 302 302 302 301 END
START 309 310 311 310 310 311 325 324 324 324 324 323 328 329 328 329 328 327 END
START 343 344 344 344 344 344 349 349 348 349 348 348 356 357 356 357 357 356 END
START 362 363 364 363 363 362 371 372 372 371 371 371 380 380 380 380 379 378 END
START 379 379 380 380 380 380 387 386 386 387 386 386 383 382 382 382 381 381 END
START 423 424 425 424 425 424 458 459 458 458 458 457 485 486 486 485 485 485 END
START 512 511 511 511 512 510 528 528 528 528 527 528 528 528 528 527 527 527 END
START 507 506 506 507 506 506 500 500 499 500 499 498 485 485 485 486 484 484 END
START 474 472 474 473 473 473 461 461 461 460 460 459 457 457 457 457 456 456 END
START 445 443 445 443 443 443 435 435 435 435 435 434 416 415 416 416 415 415 END
START 395 393 394 393 393 392 391 390 389 390 390 389 376 375 376 376 375 374 END
START 365 366 366 366 366 366 355 353 354 354 353 353 351 350 350 351 350 349 END
START 345 346 346 346 345 345 336 336 336 337 336 336 336 335 336 336 335 335 END
START 334 335 335 335 335 334 340 339 339 340 339 339 337 336 336 337 336 335 END
START 338 339 339 339 339 339 341 341 340 341 340 340 339 339 338 339 338 338 END
START 342 343 343 343 343 342 338 338 339 339 338 337 345 344 344 345 345 344 END
START 362 364 364 364 364 363 402 402 401 404 402 402 414 414 414 414 413 413 END
START 392 394 394 393 394 392 376 377 377 377 376 375 370 369 369 370 369 368 END
START 369 370 370 370 370 370 365 365 365 365 364 364 366 367 366 367 366 365 END