START 320 320 319 319 319 319 319 317 318 318 319 318 317 317 318 317 316 318 END
START 289 290 290 290 290 290 277 276 277 277 276 276 285 284 285 286 285 284 END
START 294 294 295 294 295 294 308 307 306 307 306 306 311 311 310 310 310 309 END
START 322 323 323 323 323 323 328 329 328 329 328 327 316 315 315 316 315 314 END
START 289 290 291 290 290 290 296 296 296 297 295 296 302 301 302 303 302 301 END
START 313 314 315 313 314 313 333 332 333 333 333 331 341 341 341 342 340 340 END
START 352 353 353 352 353 352 355 354 354 355 354 354 360 361 361 361 360 359 END
START 368 369 370 369 369 368 368 368 368 368 368 367 379 379 379 379 378 378 END
START 377 378 379 378 379 378 386 387 386 386 386 385 385 384 384 384 384 383 END
START 384 385 386 385 386 385 402 401 402 401 401 401 430 430 430 430 429 429 END
START 464 465 466 465 466 465 484 485 485 485 485 484 498 499 498 499 498 498 END
START 496 495 495 495 495 494 484 485 485 484 483 483 475 475 475 475 475 474 END
START 463 462 463 462 462 462 452 452 453 451 451 451 449 448 448 449 448 447 END
START 440 439 440 439 439 438 420 420 420 419 419 418 404 404 405 404 404 403 END
START 383 381 382 382 382 381 369 369 369 370 368 368 363 363 364 364 362 362 END
START 365 366 366 366 366 365 373 374 373 374 372 372 371 372 371 372 371 370 END
START 372 373 373 372 373 372 367 366 367 367 366 366 366 365 365 366 365 365 END
START 360 360 360 359 360 360 360 361 360 361 360 359 358 358 357 357 356 356 END
START 344 345 346 345 346 345 347 348 347 348 347 346 341 341 342 342 341 341 END
START 337 338 339 338 338 338 347 347 348 347 346 346 369 369 370 371 369 369 END
START 403 404 405 404 404 404 415 415 415 416 414 415 412 413 412 412 411 411 END
START 386 384 385 385 385 384 378 377 378 378 377 376 375 374 374 375 374 373 END