START 303 304 303 302 303 303 302 300 301 301 300 301 298 298 298 297 296 297 END
START 268 269 270 269 269 268 257 257 257 258 257 256 252 251 251 251 251 250 END
START 251 252 252 251 252 251 256 256 257 257 256 256 259 258 260 259 259 258 END
START 264 265 265 264 265 264 276 276 277 277 276 276 287 286 286 287 286 285 END
START 296 298 298 297 298 297 306 306 305 306 306 305 315 315 316 315 315 314 END
START 328 328 329 328 329 328 335 335 335 336 335 335 343 342 343 343 343 341 END
START 350 351 351 351 351 350 359 359 358 360 359 359 362 363 363 363 362 362 END
START 372 374 374 373 374 373 373 372 373 373 372 372 378 379 378 378 377 377 END
START 384 384 385 384 384 384 383 383 382 383 382 382 388 387 387 388 387 386 END
START 390 391 391 390 391 390 390 390 391 390 389 389 407 407 408 408 408 407 END
START 443 445 445 445 445 445 476 476 477 476 476 476 496 497 497 497 497 496 END
START 505 504 504 504 504 503 485 484 484 484 484 483 474 473 474 474 473 473 END
START 465 464 465 465 465 464 451 451 451 450 450 450 441 440 439 440 439 439 END
START 429 428 429 428 429 428 408 407 408 408 407 406 399 399 398 399 398 397 END
START 381 380 381 380 380 380 363 364 364 364 363 362 362 361 362 361 361 361 END
START 368 369 369 369 370 369 377 377 377 378 377 376 377 377 376 376 376 376 END
START 373 373 374 373 374 373 371 371 371 371 370 370 370 369 368 369 369 368 END
START 366 367 368 367 367 366 355 355 355 355 355 354 378 378 378 378 378 377 END
START 413 414 415 414 415 414 437 437 437 437 437 436 434 433 433 433 432 432 END
START 410 409 410 409 409 409 401 400 399 400 399 399 392 391 390 392 390 389 END
START 388 387 387 387 388 387 383 382 383 382 382 381 376 375 375 375 374 374 END