START 326 327 325 325 326 325 324 322 323 323 323 322 319 319 319 319 317 318 END
START 284 285 286 285 285 285 258 259 257 258 258 256 249 248 248 250 249 248 END
START 247 248 249 248 248 248 251 249 250 250 250 250 256 256 257 257 257 256 END
START 260 262 262 261 262 261 275 275 276 275 275 274 286 285 286 286 285 284 END
START 298 300 300 299 300 300 307 307 307 307 307 306 316 316 316 315 316 315 END
START 329 329 330 329 329 328 338 339 338 339 339 338 345 344 345 346 344 344 END
START 349 350 350 350 351 350 363 362 362 363 362 362 368 369 369 369 368 367 END
START 371 372 373 372 372 372 376 376 376 376 375 375 376 375 375 376 375 375 END
START 382 383 383 382 383 382 384 384 384 384 384 384 387 386 386 388 386 386 END
START 412 413 414 413 414 413 448 449 449 449 449 448 473 473 473 472 472 471 END
START 489 488 489 489 489 488 490 490 490 490 488 488 478 477 476 477 476 476 END
START 472 471 471 471 472 471 458 458 458 457 456 457 450 450 449 450 450 449 END
START 441 440 440 439 440 439 433 432 433 433 432 431 436 435 436 436 434 434 END
START 436 435 436 435 435 435 431 430 430 430 430 429 417 416 416 417 415 415 END
START 413 412 413 413 413 412 398 397 397 398 397 397 388 388 388 389 388 388 END
START 380 379 380 379 379 379 375 375 375 375 375 375 376 377 377 376 375 375 END
START 361 362 362 361 362 362 364 364 364 365 363 363 358 357 357 358 357 357 END
START 362 363 363 363 363 363 357 357 356 357 356 355 357 355 357 357 356 355 END
START 355 356 356 355 355 354 355 355 355 355 355 355 357 356 356 357 356 355 END
START 344 345 346 345 345 345 365 364 365 365 365 364 381 381 382 382 380 380 END
START 401 403 403 403 403 402 418 419 418 419 418 418 430 430 430 429 429 429 END
START 431 430 430 430 430 430 409 407 408 408 408 407 389 390 389 390 390 388 END
START 365 364 365 364 365 364 369 370 370 370 369 369 361 360 360 360 360 359 END