START 407 408 407 407 408 407 408 407 407 408 408 408 407 407 408 408 407 408 END
START 391 390 390 389 390 389 391 391 391 391 390 389 380 380 380 379 378 377 END
START 392 392 392 390 391 391 391 391 392 393 394 394 389 388 388 387 386 385 END
START 359 360 360 359 359 358 330 329 329 329 329 328 335 336 336 336 336 335 END
START 307 308 309 309 309 309 311 311 311 312 312 312 323 323 323 324 323 323 END
START 327 328 328 327 328 328 365 364 364 364 362 361 365 365 365 365 365 364 END
START 347 348 348 348 349 349 356 356 356 355 355 354 382 383 383 384 384 384 END
START 378 379 379 378 379 379 389 388 388 387 386 385 397 397 396 394 393 392 END
START 379 380 381 381 382 382 390 391 391 390 390 389 411 412 412 413 413 414 END
START 452 453 453 452 453 452 457 456 457 456 456 456 466 466 467 468 468 468 END
START 464 463 464 463 464 463 472 472 473 473 473 472 451 452 451 450 449 448 END
START 478 478 479 480 482 482 464 464 463 464 463 463 469 469 468 468 467 466 END
START 456 454 455 453 454 454 419 421 422 426 428 430 427 428 428 429 429 429 END
START 424 425 427 430 433 435 447 447 446 446 444 443 428 429 428 428 428 427 END
START 423 422 423 421 422 421 421 419 418 416 414 413 422 423 422 423 422 422 END
START 430 430 432 434 436 437 428 426 424 421 419 417 402 403 402 402 401 401 END
START 424 423 424 423 424 424 416 416 416 415 414 413 433 433 433 432 431 430 END
START 413 411 411 409 409 408 416 416 416 417 416 416 411 411 411 413 413 414 END
START 420 419 421 421 422 423 423 424 424 426 426 426 439 438 438 437 436 435 END
START 408 406 406 404 404 404 384 385 384 385 384 384 396 395 394 395 394 393 END
START 388 387 388 387 388 388 397 397 397 396 395 394 399 399 399 400 400 400 END