START 301 301 300 300 301 300 300 299 300 300 300 300 299 299 300 299 299 300 END
START 292 293 294 293 293 293 308 308 308 309 308 307 310 309 310 310 309 309 END
START 316 317 317 317 317 317 327 327 327 328 327 326 337 337 337 337 336 336 END
START 344 345 346 345 345 345 360 360 360 361 360 360 361 361 360 361 361 360 END
START 368 368 368 367 368 368 378 378 378 378 378 377 376 377 377 377 377 377 END
START 394 395 395 394 395 394 387 387 387 388 387 387 392 392 391 391 391 390 END
START 403 403 403 402 402 402 403 404 404 404 404 404 400 400 400 400 399 399 END
START 408 407 408 407 408 408 425 425 425 425 425 424 432 432 432 431 431 431 END
START 454 454 455 455 456 456 472 473 472 473 472 472 483 483 483 484 484 484 END
START 472 471 472 471 471 471 465 465 464 465 464 464 467 467 467 467 466 466 END
START 461 461 462 461 462 461 464 465 464 464 463 463 472 473 472 472 472 471 END
START 481 480 481 479 480 479 485 485 484 483 482 482 480 480 480 481 481 481 END
START 455 454 455 454 455 455 446 447 447 447 447 448 452 453 454 454 454 454 END
START 445 444 444 442 442 442 426 426 427 426 425 425 432 431 431 431 430 430 END
START 426 426 427 427 428 428 423 424 423 424 423 423 413 413 413 413 413 412 END
START 431 430 431 430 431 430 408 408 407 407 406 405 415 415 415 415 414 414 END
START 408 407 408 407 407 406 406 406 406 406 405 405 409 408 409 409 407 407 END
START 415 414 415 414 414 413 405 405 405 405 404 403 402 403 403 403 402 402 END
START 424 423 424 424 425 425 420 420 420 420 419 419 400 400 400 401 401 400 END
START 386 385 385 384 384 384 388 388 388 388 388 387 385 385 385 385 384 384 END
START 379 379 380 379 380 380 391 391 392 392 391 391 384 383 383 383 382 382 END