START 400 401 400 400 401 400 401 400 401 401 401 401 400 401 401 401 400 401 END
START 388 387 388 387 388 388 388 389 389 389 389 388 386 387 387 387 386 385 END
START 380 380 381 379 380 380 342 342 342 341 341 340 310 310 310 310 309 309 END
START 293 294 294 293 294 293 288 289 289 289 289 288 290 291 290 291 291 290 END
START 291 292 292 291 292 292 305 305 305 305 304 304 309 308 308 309 308 308 END
START 319 320 320 319 320 320 323 323 323 323 323 322 328 329 329 329 329 328 END
START 346 347 348 346 347 348 345 346 346 347 346 345 360 361 361 361 361 360 END
START 367 367 368 367 368 368 374 374 375 375 374 374 380 380 380 380 379 379 END
START 380 381 381 380 381 381 385 386 385 385 385 384 385 385 384 385 385 384 END
START 397 397 398 396 397 398 410 411 411 411 410 410 427 428 428 428 428 428 END
START 434 434 435 434 435 435 448 448 448 449 448 448 452 452 452 452 451 451 END
START 441 441 441 441 442 442 445 445 446 445 444 444 444 444 443 443 443 443 END
START 449 448 449 448 448 449 439 440 440 440 440 440 442 442 442 442 442 442 END
START 445 445 445 444 445 445 441 441 442 441 441 441 443 444 444 444 443 442 END
START 438 437 437 436 437 438 444 444 445 444 444 443 442 442 443 442 442 442 END
START 432 432 432 431 432 432 429 430 431 430 430 430 433 434 434 434 434 434 END
START 437 436 437 436 437 437 446 446 446 447 446 446 443 443 442 443 442 442 END
START 430 429 430 429 430 430 433 433 433 433 432 432 425 426 426 425 425 424 END
START 429 428 429 428 429 429 418 418 418 419 418 418 432 432 432 433 432 432 END
START 411 410 411 409 410 410 401 401 401 401 401 400 395 395 394 395 395 394 END
START 402 401 402 401 402 402 420 420 420 421 420 419 427 427 426 426 426 426 END
START 440 439 439 438 439 440 432 433 432 433 432 432 430 431 431 431 431 430 END
START 426 425 426 424 425 426 428 428 428 429 428 428 427 428 427 428 427 427 END