START 318 319 317 317 319 318 319 317 319 319 319 319 319 320 320 320 319 320 END
START 301 303 303 302 302 302 290 289 289 291 289 289 280 279 279 280 279 277 END
START 276 276 277 277 277 276 279 278 279 278 278 277 285 285 285 286 285 285 END
START 298 299 298 298 299 298 305 304 304 305 304 304 316 317 317 317 317 316 END
START 324 325 325 324 324 324 336 336 336 337 336 336 338 337 337 338 337 337 END
START 349 350 351 350 351 350 353 353 352 353 352 351 359 359 359 360 359 359 END
START 363 364 364 364 365 364 368 367 368 368 368 367 374 373 374 374 373 373 END
START 372 372 373 372 373 372 388 389 388 389 389 388 415 414 414 415 414 414 END
START 449 450 451 451 451 451 472 471 472 471 470 470 459 459 459 460 459 458 END
START 457 455 456 455 456 455 443 443 442 443 442 441 443 441 443 443 441 442 END
START 435 434 433 433 434 432 430 431 431 431 430 429 422 422 423 422 422 421 END
START 417 415 416 416 416 416 412 412 410 411 411 409 383 383 383 385 384 384 END
START 415 416 419 422 423 425 376 374 375 374 373 372 406 406 407 407 408 408 END
START 420 419 421 420 421 421 440 439 439 438 437 436 433 432 433 433 432 431 END
START 442 441 442 441 441 440 404 404 404 405 405 405 384 384 384 385 385 384 END
START 386 385 387 387 388 388 389 389 390 389 388 387 359 359 358 356 356 354 END
START 371 372 372 370 370 368 345 345 344 342 341 339 351 351 351 352 351 351 END
START 344 345 344 344 345 344 341 340 341 340 339 338 336 336 337 337 336 335 END
START 342 343 343 343 343 342 337 336 336 336 335 334 323 322 322 324 323 323 END
START 328 329 330 329 330 330 357 356 355 356 355 354 367 368 367 368 367 366 END
START 382 384 385 384 384 384 391 389 391 391 390 390 387 386 385 384 383 382 END
START 379 380 379 379 380 379 377 377 378 378 379 378 376 376 376 375 376 375 END