START 338 339 337 337 337 337 337 336 336 337 337 336 336 336 336 336 335 336 END
START 296 297 298 296 296 296 265 264 264 265 264 264 247 246 245 247 246 245 END
START 239 240 240 240 240 240 253 254 253 254 253 253 266 266 267 266 265 265 END
START 281 282 282 282 282 282 287 288 288 288 287 287 300 301 300 301 300 299 END
START 310 311 312 311 311 310 320 320 320 319 319 319 329 329 330 330 329 329 END
START 333 335 335 334 335 335 345 344 345 346 345 345 349 350 348 349 348 348 END
START 355 356 356 356 356 356 362 362 362 362 361 360 362 362 363 363 362 362 END
START 371 372 373 371 372 371 368 369 367 368 368 367 374 374 373 374 373 372 END
START 378 379 379 379 378 378 383 383 382 383 382 382 381 381 381 382 381 380 END
START 383 384 385 384 385 385 422 422 422 422 421 421 445 445 445 445 444 444 END
START 480 481 481 480 481 480 499 500 499 500 499 499 506 506 506 506 505 505 END
START 494 493 494 493 493 493 481 481 481 480 480 480 473 473 473 473 472 471 END
START 458 457 458 457 458 457 451 452 452 451 450 450 442 441 441 442 441 441 END
START 436 435 436 435 435 435 420 419 420 420 419 419 414 414 414 414 413 413 END
START 403 401 402 402 401 401 400 400 400 400 400 399 398 397 398 398 398 397 END
START 375 374 374 374 374 374 358 357 357 357 357 356 339 339 339 339 338 338 END
START 335 336 337 336 336 336 336 335 336 336 336 335 340 340 339 341 340 340 END
START 330 332 332 331 332 331 330 330 329 330 330 329 324 324 324 324 323 322 END
START 332 334 333 334 334 334 346 346 345 346 345 345 358 358 358 359 358 358 END
START 361 362 362 362 362 361 359 359 359 359 359 358 358 357 358 358 358 357 END
START 358 359 360 359 359 359 358 358 359 359 358 357 364 364 365 365 364 364 END