START 336 337 335 335 336 336 339 338 339 340 340 340 339 339 339 339 337 339 END
START 338 339 340 339 340 339 339 339 339 339 338 337 345 344 344 346 345 345 END
START 351 352 351 351 351 350 361 360 360 361 360 360 334 335 335 335 334 334 END
START 298 299 299 298 298 298 289 291 290 290 290 290 289 289 288 290 289 288 END
START 285 285 286 285 285 285 290 289 289 289 288 288 288 288 289 289 289 288 END
START 309 310 311 310 312 311 300 301 302 302 303 303 308 308 309 309 309 309 END
START 322 323 323 323 323 323 344 344 343 343 341 340 340 340 340 342 341 341 END
START 344 345 345 345 345 345 367 368 369 369 369 369 364 365 365 365 363 363 END
START 362 363 363 364 364 364 374 375 374 375 374 374 362 363 362 363 362 362 END
START 358 359 360 359 360 360 411 411 411 411 410 410 440 440 440 441 440 440 END
START 476 477 477 478 478 478 497 497 497 498 497 496 481 481 481 480 479 478 END
START 475 474 474 474 474 474 478 478 478 477 477 477 469 468 467 469 467 467 END
START 453 451 452 450 450 449 448 448 448 448 447 446 436 436 435 436 435 436 END
START 430 429 431 431 432 432 412 412 412 411 410 410 403 403 402 402 402 401 END
START 390 388 390 389 390 389 356 356 357 358 358 357 382 382 383 383 382 382 END
START 358 359 359 358 358 357 369 368 369 369 368 367 363 364 364 364 365 365 END
START 369 370 370 369 369 368 361 361 360 360 359 358 361 360 360 360 359 358 END
START 350 351 352 351 352 351 305 304 305 305 304 303 279 278 279 280 279 279 END
START 282 283 283 283 283 282 307 307 307 308 307 307 325 325 325 326 326 326 END
START 330 330 331 331 332 331 335 335 335 336 335 335 338 338 337 339 338 337 END
START 346 347 348 348 348 348 345 344 344 344 343 342 349 348 348 349 348 348 END