START 355 355 354 354 354 355 354 353 353 353 353 353 351 351 351 351 350 351 END
START 330 332 332 331 331 330 287 286 287 287 286 284 261 261 261 261 260 260 END
START 244 246 246 245 245 244 238 238 238 238 238 237 241 243 242 242 242 241 END
START 245 246 247 246 246 246 257 257 256 257 256 256 265 265 266 266 265 264 END
START 275 275 277 276 276 275 281 280 281 281 280 280 288 289 288 288 288 288 END
START 303 304 304 303 304 303 310 310 311 310 310 310 324 324 324 324 324 323 END
START 329 330 331 331 330 330 342 341 342 343 342 342 348 348 347 348 347 346 END
START 356 356 357 357 357 357 362 362 362 362 361 361 365 365 366 365 365 364 END
START 374 374 375 375 374 374 375 375 375 375 375 374 377 376 376 377 376 376 END
START 416 417 417 417 418 417 454 454 453 454 454 454 472 471 471 472 471 470 END
START 461 459 460 460 460 460 456 456 456 456 455 454 445 445 445 445 444 444 END
START 472 471 472 472 472 471 484 483 484 484 483 483 481 481 481 481 480 480 END
START 469 467 468 467 468 466 457 456 457 456 456 455 448 448 448 447 446 446 END
START 434 433 434 434 434 434 430 429 429 429 429 428 421 420 421 420 420 419 END
START 417 416 417 416 417 416 405 406 405 405 404 404 399 400 399 400 400 399 END
START 397 395 396 395 395 394 385 385 385 386 385 385 381 381 381 382 380 380 END
START 366 367 367 366 367 366 358 358 358 357 357 356 350 350 350 350 349 349 END
START 349 350 350 350 351 350 348 347 348 348 347 347 353 354 354 354 353 353 END
START 355 356 356 355 355 354 350 351 351 351 351 350 355 355 356 356 356 354 END
START 353 353 354 353 353 353 356 355 356 355 355 354 353 352 353 353 352 352 END
START 349 351 351 350 351 350 350 350 351 350 350 349 348 347 347 348 347 346 END
START 346 347 348 347 347 346 367 367 367 368 368 367 394 395 395 395 395 395 END
START 416 416 416 416 416 416 428 429 428 429 428 427 415 414 415 415 414 413 END
START 391 390 391 391 391 390 377 377 376 376 376 375 372 370 371 372 371 370 END
START 373 374 374 373 373 373 367 366 366 366 366 365 365 364 364 365 364 364 END