START 353 353 352 352 353 351 352 352 352 353 353 354 353 353 353 353 352 353 END
START 348 349 350 349 351 351 355 355 355 354 354 353 330 330 330 331 330 330 END
START 317 317 318 317 317 318 298 298 298 299 299 299 308 309 307 308 308 307 END
START 317 318 318 317 318 319 330 330 330 330 330 329 337 337 337 336 335 334 END
START 342 343 343 342 342 343 360 360 359 361 360 360 361 362 361 361 361 360 END
START 362 362 362 360 360 360 364 365 364 365 365 365 378 379 379 379 379 379 END
START 379 380 380 379 380 380 392 393 393 392 392 392 378 378 378 379 378 378 END
START 396 396 397 395 395 395 390 390 390 391 390 390 395 395 395 395 395 394 END
START 425 425 426 424 425 426 431 431 431 431 431 430 428 429 429 429 429 429 END
START 450 449 449 448 448 448 435 436 435 436 435 435 443 444 443 444 444 443 END
START 438 437 438 437 438 438 442 442 442 443 443 443 431 431 431 431 431 430 END
START 440 439 440 438 439 440 424 424 424 423 423 422 441 442 441 442 442 442 END
START 435 435 435 436 437 439 448 447 447 446 445 444 398 399 399 399 399 399 END
START 385 384 384 382 382 382 355 356 356 357 357 356 356 356 356 356 356 355 END
START 343 344 345 345 346 348 371 371 371 371 371 370 395 395 395 395 394 393 END
START 429 429 429 427 427 426 403 403 402 403 403 402 404 404 403 403 402 401 END
START 412 411 412 411 412 412 419 421 422 424 424 424 415 415 415 416 416 415 END
START 409 408 409 407 408 409 401 402 403 406 406 407 421 421 421 423 422 422 END
START 432 431 431 430 431 432 430 430 430 430 430 429 417 418 418 419 419 418 END
START 421 420 421 420 420 421 427 428 427 429 429 429 425 425 424 425 424 423 END
START 436 435 435 435 435 436 408 409 408 409 408 408 416 417 416 416 416 416 END