START 358 359 358 357 359 357 357 357 357 357 357 357 356 355 356 355 354 355 END
START 359 360 361 360 360 360 361 360 361 361 361 360 363 363 363 363 363 362 END
START 360 361 362 361 361 360 337 338 337 337 336 336 301 301 300 301 300 299 END
START 256 257 257 256 256 256 248 247 246 247 247 246 242 241 241 242 241 240 END
START 237 238 239 238 239 238 243 243 244 243 242 241 249 249 251 250 250 248 END
START 266 267 268 267 267 267 274 275 275 275 275 274 291 290 291 291 291 290 END
START 300 301 301 301 301 300 315 315 314 315 314 314 324 323 324 323 324 323 END
START 331 333 333 332 333 332 344 344 344 345 343 343 349 350 349 350 349 349 END
START 361 362 362 362 362 361 364 364 364 364 364 364 373 373 374 373 373 372 END
START 375 375 376 375 375 375 379 379 379 380 379 380 415 414 414 415 414 414 END
START 448 448 449 449 449 449 470 469 469 469 469 468 475 474 475 475 474 474 END
START 497 495 497 496 496 496 510 509 509 509 508 508 515 515 514 515 514 515 END
START 504 503 504 503 503 503 490 490 490 490 490 489 481 479 480 480 479 479 END
START 467 465 467 466 466 466 457 457 457 456 456 456 443 442 442 443 442 442 END
START 440 439 440 439 440 439 428 427 428 428 427 426 426 427 427 427 426 426 END
START 417 416 417 416 416 416 407 408 406 408 407 406 392 392 391 392 391 390 END
START 380 378 380 379 379 379 375 375 375 375 374 373 374 373 373 373 373 373 END
START 364 365 366 365 365 365 354 354 353 353 352 352 345 345 344 345 344 344 END
START 330 331 331 330 330 330 328 327 327 327 327 326 332 333 333 333 332 332 END
START 324 325 325 326 326 325 338 338 337 338 338 337 339 338 338 339 338 337 END
START 331 331 332 331 331 332 332 332 332 333 333 332 339 338 337 339 338 337 END
START 342 342 343 342 342 342 337 337 337 338 337 337 339 339 339 340 339 339 END
START 337 337 337 337 338 337 347 346 346 347 347 345 345 344 344 345 344 343 END
START 339 340 341 340 341 340 345 345 345 345 344 343 341 341 341 341 340 340 END
START 345 346 347 346 346 346 346 347 347 346 346 345 350 351 351 351 350 350 END
START 358 359 359 359 360 359 399 398 399 399 398 398 413 412 413 413 411 411 END