START 357 358 357 357 358 357 357 357 357 358 357 358 358 358 359 359 357 359 END
START 357 358 359 358 358 358 360 359 360 360 359 359 357 356 357 356 356 355 END
START 357 358 358 358 358 358 354 353 354 353 352 351 319 318 319 319 318 318 END
START 282 283 283 282 282 282 258 258 259 259 258 257 245 245 245 246 245 244 END
START 238 240 240 240 240 240 243 242 243 243 242 241 244 244 245 245 244 244 END
START 259 260 261 260 260 260 267 268 268 268 267 266 280 280 281 280 280 279 END
START 295 296 297 295 296 296 307 308 307 309 307 308 312 312 312 312 311 311 END
START 322 323 323 323 323 323 337 338 338 338 337 337 345 343 344 345 343 343 END
START 349 351 351 350 351 350 360 359 359 360 359 359 362 363 363 363 362 362 END
START 370 371 371 371 371 370 374 373 374 374 374 373 376 376 376 377 376 376 END
START 381 383 382 382 383 382 389 388 388 388 387 388 389 388 388 388 387 387 END
START 381 381 382 381 381 381 426 426 426 426 425 425 460 460 461 460 459 459 END
START 493 494 494 494 494 494 515 515 514 515 514 514 519 518 518 518 517 517 END
START 498 497 498 497 498 497 487 486 487 487 486 486 477 476 477 477 476 476 END
START 462 461 462 461 461 460 449 449 449 448 448 447 442 441 441 441 440 440 END
START 435 434 435 434 434 434 429 429 429 429 428 428 418 418 418 418 418 417 END
START 409 408 408 408 409 408 401 401 400 401 400 399 392 392 392 393 392 391 END
START 380 378 379 379 379 378 365 365 365 365 365 364 361 360 360 360 359 359 END
START 354 354 354 354 354 353 356 356 355 356 355 354 356 356 356 356 356 355 END
START 349 350 350 349 350 349 351 350 351 351 351 350 347 346 347 348 347 346 END
START 352 353 354 353 354 353 349 349 350 350 349 349 349 349 349 349 348 348 END
START 352 353 354 353 353 353 347 348 348 348 348 347 342 342 343 343 342 342 END
START 344 345 346 345 345 344 344 345 345 345 344 344 347 347 348 348 347 346 END
START 378 380 380 380 381 380 404 404 405 405 404 403 396 396 397 396 396 395 END
START 382 383 383 383 383 382 380 380 380 381 380 379 375 375 375 374 374 374 END
START 371 372 372 371 371 371 366 366 366 366 365 365 358 358 358 359 358 357 END