START 388 388 387 385 385 383 378 377 377 377 377 377 379 380 381 380 380 381 END
START 363 363 364 363 364 364 378 379 379 381 382 382 383 384 384 385 385 385 END
START 361 362 362 361 362 362 381 382 384 385 385 385 368 368 369 371 371 371 END
START 367 368 369 368 369 370 332 332 332 332 331 330 286 286 286 285 285 284 END
START 275 275 276 276 277 278 257 257 257 258 258 257 270 270 270 270 270 269 END
START 273 274 274 273 273 274 288 289 289 290 291 291 289 289 288 287 286 285 END
START 308 308 309 308 309 309 321 321 320 320 319 319 333 333 333 332 331 331 END
START 342 342 343 341 342 342 353 354 354 355 355 354 363 364 362 361 360 359 END
START 373 374 375 375 377 378 383 384 384 385 386 386 384 384 384 383 383 382 END
START 394 395 396 396 397 397 406 406 407 407 407 406 401 402 403 403 403 403 END
START 413 413 414 412 413 413 411 412 412 414 414 414 418 418 418 419 419 418 END
START 457 457 457 456 457 457 445 445 445 445 444 442 444 444 443 443 442 441 END
START 455 455 454 453 454 454 450 449 448 445 445 443 421 421 421 420 419 418 END
START 433 432 432 431 432 433 440 441 442 442 443 443 442 443 442 444 444 444 END
START 429 429 429 428 429 429 445 447 448 449 450 451 419 419 420 420 420 420 END
START 406 405 405 404 405 405 436 436 435 435 435 434 462 460 459 456 455 452 END
START 437 438 439 440 442 444 418 418 416 415 414 412 412 412 411 410 409 408 END
START 432 432 432 432 433 434 449 451 450 451 452 451 447 447 447 447 447 446 END
START 443 442 443 443 445 446 461 461 460 458 458 456 451 451 451 450 450 450 END
START 478 477 477 474 474 474 420 419 418 416 415 414 417 418 417 417 417 416 END
START 436 436 437 437 438 439 439 440 439 441 440 440 438 438 437 438 438 437 END
START 424 423 424 423 424 425 432 433 434 435 435 436 450 451 449 450 449 448 END
START 434 434 434 433 435 435 433 434 433 434 434 433 432 432 432 431 431 430 END
START 432 431 431 431 432 432 444 445 444 445 446 445 459 460 460 461 462 462 END
START 444 442 442 439 439 438 444 445 445 446 446 446 448 449 449 450 450 450 END
START 431 431 432 433 435 436 443 443 443 443 442 442 442 443 442 443 443 443 END
START 445 444 444 443 444 444 442 442 442 442 442 442 442 443 443 443 442 442 END