START 363 364 363 363 364 364 364 363 364 364 364 365 363 363 363 363 362 363 END
START 324 325 325 324 324 324 286 287 286 287 286 285 265 266 266 266 265 264 END
START 247 247 248 248 247 246 245 245 245 245 244 243 251 251 251 251 250 250 END
START 254 255 255 254 255 254 267 267 268 268 267 266 277 277 278 278 277 277 END
START 294 295 296 295 295 295 303 304 303 304 304 303 316 315 316 317 315 315 END
START 324 325 325 324 325 324 328 328 328 329 328 327 332 332 332 332 332 331 END
START 337 338 339 339 339 338 345 346 345 345 344 344 355 354 354 355 354 353 END
START 361 362 363 362 362 361 365 365 365 365 364 364 374 373 374 374 373 373 END
START 373 373 374 374 374 373 386 387 386 387 386 386 387 386 386 386 385 385 END
START 391 391 392 392 392 392 411 411 411 410 410 409 442 442 443 442 442 442 END
START 484 485 485 485 485 485 503 502 503 504 503 503 523 523 523 523 523 523 END
START 530 528 529 529 529 528 517 518 518 518 517 516 503 503 502 503 502 501 END
START 489 488 489 488 489 488 484 483 484 484 483 483 475 475 476 476 475 475 END
START 465 464 465 464 464 464 446 445 446 444 444 444 428 427 427 427 426 426 END
START 408 408 409 407 407 407 395 395 395 395 395 394 370 370 368 370 369 368 END
START 350 348 350 349 349 349 345 345 345 344 344 344 341 342 341 341 340 340 END
START 344 345 346 346 345 345 340 341 341 341 341 340 345 345 346 346 345 344 END
START 341 343 343 342 343 342 343 344 343 344 343 342 344 344 344 344 344 343 END
START 328 329 330 329 329 328 343 343 344 343 343 342 353 354 354 354 353 353 END
START 383 383 384 384 384 384 412 413 413 413 412 412 424 424 425 425 424 424 END
START 414 415 415 414 414 414 380 379 380 380 378 378 367 367 367 368 367 366 END
START 358 356 357 357 357 357 358 358 357 358 357 357 353 354 353 353 353 352 END