START 358 358 357 357 358 357 357 356 357 357 357 357 356 356 356 356 355 356 END
START 358 360 360 359 360 359 360 360 361 361 360 359 338 338 338 338 337 337 END
START 294 295 296 294 294 294 257 258 257 257 257 256 245 246 244 246 246 244 END
START 235 236 237 236 236 236 237 237 239 239 238 237 244 243 244 244 243 242 END
START 256 257 257 256 257 256 265 265 264 265 264 264 275 276 276 276 275 275 END
START 288 289 290 289 289 288 295 295 295 296 295 295 311 311 311 311 311 310 END
START 315 316 316 315 316 315 332 332 332 332 332 331 339 338 338 339 338 337 END
START 345 346 347 346 347 346 357 356 355 356 355 354 356 355 354 356 355 354 END
START 367 368 369 368 368 368 370 370 371 371 370 370 375 374 375 375 374 374 END
START 373 374 374 373 374 373 381 381 380 381 381 380 385 384 384 385 385 384 END
START 415 416 416 416 417 416 442 443 442 441 441 441 457 457 458 457 457 457 END
START 480 479 480 479 479 479 468 469 468 468 468 467 462 462 462 463 462 462 END
START 454 452 453 453 453 452 450 451 449 450 449 449 439 439 439 439 438 438 END
START 425 424 425 425 426 424 431 431 431 431 430 429 426 425 425 425 425 424 END
START 426 424 426 425 425 425 425 424 424 425 424 423 424 425 424 425 424 423 END
START 414 413 414 413 414 413 399 399 399 400 399 399 395 395 394 395 394 393 END
START 388 387 388 387 388 387 387 386 386 386 386 386 380 380 380 379 379 378 END
START 377 378 378 378 379 378 372 372 372 372 371 371 372 371 371 373 371 371 END
START 369 370 371 369 370 369 362 361 362 362 362 361 365 365 364 365 364 364 END
START 354 355 356 355 356 356 360 361 360 360 359 359 358 358 357 358 357 356 END
START 360 361 361 361 362 361 362 361 362 362 361 360 359 357 358 358 358 357 END
START 367 368 368 367 368 367 369 369 369 369 368 368 383 383 383 384 383 383 END
START 390 391 391 390 391 390 397 398 397 397 397 396 389 389 388 388 387 387 END