START 291 293 291 291 292 291 292 291 292 292 292 292 292 292 293 293 291 293 END
START 308 309 309 308 308 308 315 314 314 314 314 314 323 323 323 324 323 323 END
START 326 326 327 326 327 326 333 333 333 334 333 333 341 340 340 341 339 339 END
START 343 344 344 343 344 343 350 349 348 350 349 348 352 352 351 352 352 351 END
START 360 360 361 361 360 360 344 344 345 344 344 343 327 327 327 327 327 326 END
START 317 318 318 317 318 318 320 321 322 321 320 320 328 328 328 328 327 327 END
START 330 332 333 332 332 332 341 341 340 341 340 340 344 344 344 344 344 343 END
START 352 353 353 353 353 352 357 358 358 357 357 356 359 359 359 359 358 358 END
START 361 362 362 361 362 362 369 369 370 370 369 369 373 373 373 373 372 372 END
START 372 373 373 374 374 373 380 379 379 380 379 378 379 378 378 378 377 377 END
START 386 387 387 387 387 386 377 376 377 377 377 376 411 411 411 411 412 411 END
START 444 445 446 445 446 445 474 473 473 475 473 473 489 488 488 488 487 487 END
START 468 468 468 468 468 467 464 463 463 463 462 462 454 454 454 453 453 452 END
START 445 443 444 443 444 443 435 434 433 434 433 432 427 426 427 427 426 426 END
START 421 419 421 420 420 420 410 410 410 411 410 410 410 411 410 411 409 409 END
START 392 391 392 392 391 391 403 403 404 404 404 404 409 409 409 409 409 408 END
START 418 419 419 419 419 418 408 408 408 409 407 407 407 407 408 407 407 406 END
START 395 393 395 394 394 394 378 378 379 379 378 377 362 363 362 363 362 361 END
START 344 345 346 345 345 345 347 347 346 347 347 346 348 348 348 347 347 346 END
START 347 348 349 348 348 347 347 347 347 347 346 346 342 343 343 343 343 342 END
START 344 344 345 345 345 344 345 346 346 346 345 345 346 345 346 346 345 344 END
START 339 340 341 340 340 340 336 336 336 335 335 334 334 334 334 334 333 332 END
START 329 330 330 330 331 330 333 333 332 333 332 332 341 341 340 342 341 340 END
START 380 380 381 380 380 380 406 405 405 407 406 405 410 410 411 410 409 408 END
START 387 389 389 388 388 388 389 389 389 390 388 388 383 384 384 383 383 382 END
START 379 380 380 380 380 380 370 371 371 370 370 369 371 372 372 371 370 370 END
START 367 368 369 368 368 367 372 372 371 372 372 371 371 371 371 372 371 371 END