START 363 364 363 362 363 363 363 362 363 363 363 363 363 363 363 363 362 364 END
START 368 369 369 369 369 368 353 354 353 353 352 352 325 325 324 325 324 323 END
START 287 288 288 287 287 287 274 273 274 274 273 272 264 265 264 265 263 263 END
START 261 262 263 262 262 262 266 266 265 266 265 265 272 272 272 272 271 271 END
START 284 284 285 284 285 284 287 287 287 287 287 286 301 300 299 300 300 299 END
START 307 308 308 308 308 308 320 320 320 320 320 320 329 329 329 330 329 328 END
START 334 335 335 335 335 335 345 346 345 346 345 344 349 349 348 349 348 347 END
START 360 360 361 360 361 360 359 360 360 360 359 359 368 368 369 369 368 368 END
START 370 371 372 371 371 371 396 395 397 397 396 396 425 426 425 426 425 425 END
START 453 454 454 455 455 455 482 481 482 482 481 481 496 496 496 496 495 495 END
START 491 490 491 491 491 490 479 479 479 478 478 477 470 469 471 470 470 469 END
START 460 458 459 458 459 458 451 450 450 450 450 449 450 449 449 450 449 448 END
START 441 440 440 440 440 440 432 431 431 431 431 430 424 424 425 424 423 422 END
START 421 420 421 421 420 420 414 413 413 414 413 413 403 404 402 404 403 402 END
START 391 390 391 390 391 390 383 383 384 384 383 382 378 379 378 379 377 377 END
START 371 372 372 371 372 371 356 357 356 355 355 354 359 359 358 359 358 357 END
START 343 345 345 345 345 344 337 336 337 337 336 336 339 339 339 339 339 338 END
START 347 348 348 347 348 347 351 351 351 352 351 351 351 350 349 351 350 349 END
START 348 349 349 349 350 349 349 348 349 349 349 348 347 346 347 347 346 345 END
START 347 348 348 347 348 348 345 345 346 345 344 344 347 346 347 347 346 345 END
START 349 350 350 349 349 348 349 349 350 350 349 349 356 356 357 356 355 355 END
START 350 351 352 351 352 350 354 355 355 355 353 353 349 348 349 349 348 347 END
START 341 342 343 342 342 342 335 335 335 336 334 334 330 330 331 331 330 329 END
START 326 327 327 326 327 326 321 321 321 322 322 322 326 326 325 327 325 325 END
START 323 325 325 324 324 324 334 335 334 335 334 333 343 343 342 343 342 341 END
START 356 357 358 357 358 357 363 362 362 363 362 361 366 366 366 366 365 364 END
START 366 367 367 366 367 366 370 370 369 370 370 369 371 372 370 371 371 370 END
START 365 366 367 367 366 366 371 371 371 371 371 370 368 369 368 370 369 369 END
START 401 402 402 402 403 402 421 421 420 421 420 420 421 421 421 421 420 420 END