START 241 243 241 241 243 241 242 241 242 242 242 242 241 241 242 241 240 241 END
START 243 244 245 244 244 244 254 254 255 255 254 253 262 262 262 262 261 261 END
START 280 281 281 280 280 280 289 288 289 289 289 288 305 306 305 305 305 305 END
START 316 316 318 316 316 316 331 331 331 331 330 330 331 331 331 332 331 330 END
START 336 337 338 337 338 337 343 343 342 344 343 343 347 346 345 347 345 345 END
START 357 358 359 358 358 358 362 362 362 362 361 361 367 367 367 368 367 367 END
START 373 374 374 374 374 373 380 381 380 380 380 380 386 387 386 387 386 386 END
START 384 385 386 385 385 385 389 389 389 388 388 387 389 390 389 388 388 388 END
START 394 395 396 395 395 394 392 393 393 392 392 392 394 394 395 394 393 393 END
START 397 398 398 397 397 396 401 400 401 400 400 399 400 400 400 400 400 399 END
START 396 397 397 397 397 396 395 395 396 396 395 394 390 390 390 391 389 389 END
START 418 419 419 419 420 420 446 446 446 446 445 445 470 470 471 470 469 470 END
START 497 496 496 496 496 495 505 506 506 506 505 505 502 501 501 501 501 500 END
START 481 479 480 480 480 479 470 471 471 471 470 469 457 458 458 458 456 456 END
START 449 448 449 448 449 448 433 432 432 433 432 431 427 427 427 427 427 426 END
START 422 420 421 421 421 420 410 410 409 411 410 409 404 403 403 404 403 402 END
START 393 392 393 392 392 392 384 383 384 384 383 383 376 377 377 377 376 375 END
START 361 362 362 362 363 362 354 354 353 353 352 352 338 338 337 338 337 337 END
START 329 331 331 330 330 330 320 318 320 320 320 319 331 331 330 333 331 331 END
START 338 339 339 338 338 338 341 342 341 342 342 341 343 343 342 343 342 342 END
START 341 342 342 342 342 342 343 344 343 343 342 342 337 338 338 338 338 337 END
START 345 345 346 345 346 344 341 341 341 341 341 340 344 344 344 345 344 344 END
START 340 340 340 340 340 339 356 356 357 357 356 356 380 381 381 382 380 380 END
START 406 408 408 407 408 408 430 429 430 429 428 428 432 431 432 431 431 430 END
START 414 412 413 413 413 412 391 392 390 391 391 390 386 386 385 386 386 385 END
START 383 381 382 381 382 381 373 372 373 373 372 372 370 371 371 370 370 369 END