START 383 383 383 382 383 383 382 382 382 382 382 382 382 382 382 382 381 382 END
START 385 386 386 385 386 386 386 386 386 386 385 385 371 371 371 371 370 370 END
START 325 326 326 324 325 325 297 297 297 297 296 296 288 288 287 288 287 287 END
START 275 275 276 275 276 276 284 284 284 284 284 284 287 287 287 287 286 286 END
START 299 300 300 299 300 300 310 312 312 312 312 312 315 315 315 315 315 315 END
START 333 333 334 332 333 333 329 329 330 331 331 331 358 358 358 359 358 357 END
START 367 367 367 365 366 366 366 367 366 368 367 367 372 372 373 374 373 373 END
START 389 390 391 390 392 392 383 384 384 383 383 383 390 390 389 390 389 389 END
START 413 414 414 413 414 414 432 432 432 433 432 432 458 458 459 459 458 458 END
START 459 458 459 458 459 459 466 467 466 467 466 466 458 458 458 458 458 457 END
START 465 465 465 465 466 466 458 459 459 458 458 457 453 454 454 454 454 453 END
START 460 460 460 459 460 460 452 452 452 452 452 452 455 455 456 456 455 455 END
START 454 453 454 453 454 454 452 452 452 452 452 452 463 463 462 462 462 461 END
START 450 449 450 448 449 448 451 451 451 451 451 450 429 430 430 430 429 429 END
START 442 441 442 442 443 444 439 439 439 438 438 437 441 441 440 440 440 439 END
START 431 430 431 430 432 432 426 426 426 427 427 426 428 429 429 429 428 428 END
START 441 440 441 439 440 440 432 433 433 434 434 434 432 432 432 433 432 432 END
START 434 433 434 433 433 434 427 428 427 428 428 427 427 428 427 429 429 429 END
START 419 418 418 417 417 417 427 428 427 428 428 428 421 422 421 422 421 421 END
START 418 417 418 417 418 418 416 416 416 416 416 416 409 409 409 409 409 408 END
START 418 417 417 416 417 417 411 411 411 411 410 409 416 417 417 418 418 417 END
START 421 420 421 419 420 420 416 416 416 416 415 414 415 416 415 416 416 415 END
START 403 401 402 401 402 402 398 398 398 398 397 397 395 395 394 395 394 394 END
START 394 393 394 392 393 393 389 389 389 389 388 388 391 390 390 390 390 389 END