START 322 323 321 321 322 320 320 320 320 320 320 320 317 318 318 318 317 317 END
START 307 308 309 308 309 309 297 297 297 297 297 296 293 294 293 294 294 293 END
START 305 306 307 306 307 307 305 305 304 305 304 303 311 312 312 313 312 312 END
START 328 328 329 327 328 328 340 341 341 342 342 341 345 346 345 345 345 344 END
START 339 340 341 339 340 340 357 358 358 357 357 356 354 355 355 354 354 353 END
START 367 368 369 368 370 370 371 371 371 371 371 370 369 370 370 370 370 369 END
START 367 367 368 366 367 368 376 377 376 377 377 376 376 376 375 376 376 375 END
START 405 405 406 405 406 407 433 433 433 433 433 433 436 436 435 435 435 434 END
START 447 447 448 447 448 449 441 441 440 441 441 440 431 432 431 432 432 431 END
START 436 436 436 434 434 434 432 433 434 433 434 434 443 444 443 444 444 444 END
START 434 434 434 432 433 434 432 432 432 432 432 432 436 436 436 435 435 434 END
START 438 438 438 437 439 439 429 430 430 431 431 431 426 426 426 427 426 426 END
START 419 419 419 418 418 418 415 416 415 415 415 414 435 435 434 433 433 431 END
START 416 415 415 413 414 414 410 410 410 411 410 410 410 410 410 410 410 410 END
START 408 407 408 407 408 408 411 411 411 411 411 410 421 421 420 421 420 419 END
START 443 442 442 440 441 441 420 421 421 421 421 420 430 431 431 431 431 431 END
START 439 438 438 436 437 437 438 438 438 438 438 437 421 421 421 422 421 420 END
START 440 440 440 440 441 441 429 429 428 427 427 425 423 424 424 424 423 423 END
START 427 426 427 426 427 428 431 431 432 431 431 430 418 418 418 419 418 418 END
START 439 439 440 439 440 441 427 428 426 426 426 424 431 430 429 427 426 425 END
START 413 412 413 412 413 414 443 444 444 446 446 446 432 433 433 433 433 432 END
START 396 395 394 392 392 392 435 436 436 437 437 436 380 380 380 381 381 381 END