START 358 359 357 357 359 358 360 358 360 360 361 361 360 361 361 361 360 361 END
START 355 355 356 355 355 355 362 362 361 362 361 361 361 361 360 361 359 359 END
START 346 347 347 347 347 346 299 299 299 299 298 297 261 260 261 261 260 259 END
START 232 233 233 232 233 232 221 220 220 220 220 219 225 226 225 226 225 225 END
START 232 232 233 232 232 232 247 247 247 248 247 246 256 255 256 255 255 255 END
START 272 273 273 273 272 272 285 284 285 285 284 283 291 291 292 292 291 291 END
START 310 311 311 311 311 310 317 317 317 317 317 317 327 326 327 326 326 326 END
START 332 333 334 333 333 333 346 345 346 347 346 345 355 355 354 355 354 353 END
START 361 362 363 362 363 362 366 366 367 367 366 365 368 368 369 369 367 368 END
START 382 383 384 383 384 383 379 380 379 380 379 378 380 381 380 381 381 381 END
START 415 416 416 416 416 416 454 453 453 454 454 454 480 480 480 480 479 479 END
START 495 493 495 494 495 494 514 513 514 514 513 513 522 521 521 522 521 521 END
START 518 517 518 517 518 517 501 499 501 501 499 499 493 493 492 493 492 492 END
START 478 477 478 478 477 477 471 471 471 471 470 470 462 462 462 462 461 461 END
START 431 429 431 430 430 430 402 401 401 402 400 400 375 375 375 375 374 373 END
START 377 376 377 376 376 376 368 368 368 368 368 367 367 366 366 367 366 366 END
START 361 362 362 361 362 361 354 354 353 354 354 353 351 351 351 351 350 349 END
START 335 335 336 335 335 335 337 336 337 336 336 335 332 332 333 333 332 331 END
START 336 337 338 337 337 338 341 340 339 341 340 339 337 337 336 338 337 337 END
START 338 339 339 338 338 338 340 341 341 341 340 340 359 359 358 360 359 359 END
START 380 381 381 381 382 381 401 402 402 402 401 401 411 411 411 411 410 410 END
START 419 420 421 420 421 420 419 420 419 420 418 418 404 404 404 405 404 403 END
START 392 391 391 391 391 391 389 388 389 390 389 388 386 386 387 387 386 385 END
START 374 374 375 374 374 374 379 379 379 379 378 378 372 371 372 371 370 370 END