START 288 289 288 288 289 288 290 289 289 290 290 290 290 290 290 290 289 290 END
START 287 288 288 287 288 288 300 300 300 300 300 300 311 310 311 310 310 310 END
START 319 320 321 320 321 321 324 324 324 324 324 323 336 336 336 336 336 335 END
START 347 348 348 347 348 348 354 354 353 354 354 353 366 366 365 366 366 365 END
START 375 376 377 376 377 377 378 378 379 379 378 378 386 386 386 386 386 385 END
START 391 392 392 392 393 392 395 395 395 395 395 395 397 397 398 397 397 397 END
START 397 398 399 397 398 398 401 400 401 400 400 400 398 397 397 397 397 396 END
START 430 431 431 430 431 431 453 454 454 455 454 454 469 469 469 469 469 469 END
START 484 483 484 484 484 484 474 474 474 475 474 474 468 468 467 468 467 467 END
START 466 465 466 465 465 465 462 462 461 462 462 462 463 464 464 465 465 465 END
START 455 454 455 453 453 453 463 464 463 463 463 463 453 454 453 453 453 453 END
START 466 465 466 465 466 466 457 458 458 458 458 458 455 455 455 455 454 454 END
START 451 450 451 449 450 450 438 438 438 439 438 438 433 433 434 434 434 434 END
START 433 432 433 433 433 433 430 430 430 430 430 429 434 433 433 433 433 432 END
START 426 425 426 425 426 426 428 428 427 428 427 426 420 420 419 420 419 418 END
START 423 422 423 422 422 422 415 415 415 415 415 414 415 414 414 415 414 413 END
START 420 419 420 418 419 418 416 416 416 417 416 416 425 424 424 424 423 423 END
START 424 424 425 425 426 426 408 408 408 409 408 407 403 404 403 404 404 403 END
START 397 396 397 396 397 396 396 396 396 396 395 395 391 391 391 391 390 390 END