START 339 340 338 338 339 338 337 336 336 336 336 336 334 334 334 334 333 333 END
START 286 287 287 286 286 286 273 272 272 273 272 272 271 271 271 272 271 270 END
START 276 276 277 276 276 276 285 284 284 285 284 284 290 290 289 290 289 289 END
START 303 304 305 303 304 304 310 310 310 310 310 309 320 320 320 320 320 320 END
START 329 329 330 328 329 329 342 341 342 342 342 342 355 355 355 356 355 354 END
START 357 358 358 357 358 358 372 372 373 373 372 371 375 375 375 375 375 374 END
START 387 388 388 387 388 388 388 388 388 388 388 388 394 394 393 394 393 393 END
START 403 404 404 403 404 404 400 401 401 401 400 400 406 406 406 406 405 405 END
START 406 405 406 405 406 406 407 407 407 408 407 406 413 413 414 414 414 413 END
START 441 440 441 440 441 441 453 453 453 453 452 451 464 464 464 465 465 464 END
START 463 462 463 461 462 461 459 458 458 459 458 458 456 456 456 456 456 455 END
START 452 451 452 451 452 452 455 455 455 456 455 455 452 452 452 452 451 451 END
START 452 451 452 451 452 453 449 449 449 449 448 448 447 447 447 447 447 446 END
START 450 449 449 448 449 449 445 446 446 446 445 445 445 446 446 446 446 445 END
START 447 446 447 446 447 447 443 444 444 443 443 443 440 440 440 440 439 439 END
START 439 438 439 437 438 438 432 433 433 432 432 431 432 432 432 433 432 432 END
START 436 435 436 434 435 435 431 431 430 431 431 430 434 434 434 435 434 434 END
START 431 429 430 429 430 430 428 428 427 428 427 427 424 424 424 425 424 424 END
START 424 423 424 423 424 424 421 422 421 422 421 420 420 421 420 420 420 419 END
START 421 420 421 420 421 421 416 416 416 416 416 415 413 414 413 414 413 413 END
START 409 408 408 407 407 407 413 413 413 414 413 412 408 408 408 408 407 407 END
START 404 403 404 403 403 403 406 406 406 406 405 405 399 400 400 400 399 399 END
START 404 403 404 403 404 404 396 396 396 396 396 395 400 400 400 400 399 399 END
START 402 401 401 400 401 401 399 399 399 399 399 399 395 395 395 395 395 394 END