START 366 367 366 367 367 367 368 367 368 368 369 368 369 369 369 369 368 369 END
START 364 365 365 365 364 364 364 364 363 364 363 363 365 366 365 366 365 364 END
START 364 365 366 365 365 364 363 364 363 364 362 362 362 362 361 361 361 360 END
START 365 366 367 366 366 366 340 341 339 340 339 339 315 315 314 315 314 313 END
START 289 289 291 290 289 288 290 289 289 291 289 288 286 284 285 286 284 284 END
START 291 292 292 292 293 292 295 296 296 296 295 295 304 304 304 303 303 302 END
START 312 313 314 313 313 312 317 316 317 317 316 316 322 323 322 323 321 321 END
START 329 330 331 330 330 330 337 336 337 337 336 336 339 339 339 340 339 338 END
START 347 348 348 348 348 348 353 352 352 353 352 352 359 358 358 359 358 358 END
START 364 365 366 364 365 364 364 363 364 364 364 364 399 399 400 401 400 400 END
START 432 433 433 433 433 432 463 464 463 464 463 463 477 478 478 478 476 476 END
START 471 469 470 471 471 470 461 461 461 461 460 460 449 448 448 448 447 447 END
START 442 441 441 441 441 440 436 437 436 437 436 435 430 430 430 430 429 429 END
START 427 426 428 427 427 427 417 416 415 416 416 415 407 407 406 407 406 406 END
START 403 402 403 403 403 403 386 386 386 387 386 385 370 371 371 371 370 370 END
START 373 372 373 373 374 374 371 371 371 370 370 369 382 381 381 382 381 381 END
START 378 380 379 379 379 378 374 374 374 375 374 374 372 372 372 371 371 370 END
START 372 373 373 373 373 373 372 372 371 372 371 371 362 362 361 362 361 361 END
START 359 360 361 360 360 360 357 356 357 357 356 356 358 358 358 359 358 358 END
START 364 365 365 364 365 364 355 354 355 355 354 353 352 351 352 351 350 349 END
START 350 351 352 351 351 351 351 350 351 351 350 349 353 352 354 354 353 352 END
START 360 360 361 361 361 360 353 352 353 354 352 352 353 353 354 355 354 353 END
START 352 354 353 353 353 352 355 354 356 356 355 355 357 357 357 357 357 356 END