START 357 358 356 355 356 355 354 353 354 353 354 355 359 360 361 362 361 363 END
START 369 370 371 371 371 370 319 319 319 318 317 316 286 287 286 287 286 286 END
START 254 255 256 256 256 256 250 248 249 249 247 245 247 246 248 249 248 248 END
START 260 261 261 260 260 259 266 265 266 266 265 264 274 275 275 275 274 273 END
START 285 286 287 288 288 289 310 311 310 312 312 311 302 301 301 301 300 300 END
START 320 320 321 320 321 320 327 327 327 327 327 326 338 338 338 338 337 336 END
START 349 350 350 348 348 348 358 359 358 359 359 358 370 370 369 371 369 369 END
START 373 374 375 374 374 374 373 372 373 373 373 372 370 371 371 372 372 371 END
START 375 376 376 376 377 377 396 395 395 395 394 393 412 412 412 413 413 413 END
START 442 444 445 446 447 447 487 487 487 486 486 485 495 494 495 496 494 495 END
START 489 488 489 489 490 489 479 479 479 478 477 476 468 467 468 467 466 465 END
START 460 458 460 461 461 461 454 453 452 452 450 450 452 453 452 454 453 453 END
START 452 451 452 453 455 454 418 418 418 418 417 416 419 419 420 420 420 420 END
START 396 395 395 394 394 393 387 387 387 388 387 386 389 389 388 389 388 388 END
START 377 378 379 380 381 380 362 361 361 361 361 360 369 368 369 368 368 367 END
START 360 361 362 361 361 360 368 369 368 369 368 367 353 354 353 354 353 353 END
START 355 355 356 355 355 354 370 371 370 369 368 367 379 379 380 381 380 380 END
START 399 400 401 400 401 400 419 419 418 419 418 418 401 401 401 400 400 400 END
START 397 395 396 395 395 394 367 366 368 368 368 367 378 377 377 377 376 375 END
START 358 359 359 357 358 357 357 357 356 357 356 355 361 361 361 362 361 361 END