START 317 318 316 316 317 316 316 316 316 316 317 317 316 316 317 316 315 316 END
START 297 298 299 298 298 298 305 304 304 305 304 304 313 313 313 315 313 313 END
START 312 313 314 313 313 313 320 321 321 321 320 320 322 321 322 323 322 321 END
START 332 333 333 332 333 332 332 331 331 332 331 331 340 341 340 341 340 340 END
START 330 331 331 331 331 331 339 338 338 339 339 338 345 345 346 346 345 344 END
START 337 339 339 338 339 338 345 344 344 345 344 344 349 349 349 349 348 348 END
START 355 355 356 355 356 356 356 356 356 356 355 355 366 365 366 366 365 365 END
START 368 369 369 368 369 368 373 372 373 373 372 372 384 385 384 384 384 383 END
START 383 383 384 384 384 384 394 393 393 394 393 393 385 385 385 384 384 383 END
START 380 381 381 381 381 381 377 376 376 376 375 375 380 381 380 380 380 380 END
START 382 383 384 383 383 382 381 380 381 381 380 380 381 381 382 381 381 380 END
START 378 379 380 378 379 378 381 381 382 381 381 380 379 379 379 378 378 377 END
START 378 379 379 379 380 379 377 378 377 376 376 376 379 378 378 378 378 377 END
START 379 380 380 380 380 379 373 373 372 373 372 372 375 374 374 374 374 374 END
START 369 369 370 369 370 369 372 372 371 372 372 371 369 369 368 369 368 367 END
START 354 355 356 355 355 355 358 358 357 358 357 356 358 359 358 358 358 358 END
START 358 359 359 359 359 359 357 356 358 358 357 356 361 361 361 361 361 360 END
START 358 359 359 358 358 358 362 362 363 363 362 361 362 362 361 361 360 360 END
START 349 350 351 350 350 350 358 358 357 358 357 356 341 342 340 341 340 339 END
START 352 352 353 352 352 352 349 348 349 349 349 348 354 354 355 355 355 354 END
START 354 354 355 354 354 354 360 361 361 361 360 360 363 362 362 363 361 361 END
START 356 358 358 358 358 358 361 361 360 361 360 359 361 361 360 360 360 359 END
START 367 367 368 367 368 367 358 359 358 358 358 357 360 361 360 360 360 360 END