START 347 347 347 346 347 347 347 346 346 347 347 347 346 346 346 346 344 346 END
START 348 349 350 349 349 349 347 347 347 348 347 346 353 353 354 354 353 352 END
START 354 355 355 355 354 354 357 357 358 358 357 357 360 359 360 360 359 359 END
START 356 357 358 356 357 356 364 363 364 364 363 362 363 362 363 363 363 362 END
START 359 360 360 359 360 360 356 356 355 355 354 354 354 354 354 355 354 353 END
START 350 351 351 351 351 350 351 350 351 351 350 349 358 357 357 358 357 356 END
START 361 362 362 362 363 362 370 369 370 371 370 369 369 369 369 369 368 367 END
START 371 371 373 372 372 372 373 373 372 372 372 371 372 373 372 373 372 372 END
START 377 377 377 376 377 376 372 372 372 373 372 372 376 376 376 376 376 375 END
START 372 373 374 373 374 373 377 376 376 377 376 376 374 374 374 374 373 373 END
START 373 374 374 373 373 374 372 371 371 372 371 370 372 371 371 371 371 370 END
START 372 374 373 373 374 373 370 369 369 370 369 369 373 372 372 373 372 372 END
START 368 369 368 368 368 368 373 374 373 374 373 373 373 372 372 373 371 371 END
START 372 374 374 374 375 374 371 371 370 371 370 369 372 372 372 372 371 371 END
START 375 376 376 375 376 374 366 366 366 367 366 366 363 363 363 363 363 363 END
START 360 361 361 360 361 360 365 366 365 366 365 364 365 365 364 365 364 363 END
START 359 360 361 360 360 360 363 364 363 364 362 362 362 363 362 362 362 361 END
START 365 366 366 366 366 365 361 362 360 361 360 360 363 364 363 363 363 362 END
START 364 365 365 365 365 364 360 361 360 361 360 360 362 362 361 362 361 361 END
START 358 360 360 360 360 359 363 363 363 363 362 361 374 375 373 374 373 373 END
START 396 397 398 397 397 397 409 409 408 409 408 408 409 408 408 409 408 408 END
START 387 388 388 388 387 387 385 386 386 386 385 385 383 384 383 383 383 382 END
START 377 378 378 378 378 378 381 381 381 380 380 379 376 377 377 376 376 374 END