START 377 378 377 377 378 379 381 380 381 381 382 382 383 383 383 383 382 384 END
START 379 379 380 379 379 378 383 384 384 383 383 382 384 385 384 384 384 383 END
START 374 376 376 375 376 375 376 376 376 375 374 374 373 373 373 372 372 372 END
START 376 376 377 376 376 376 374 374 373 375 374 373 379 379 378 379 379 378 END
START 370 372 372 371 371 370 376 375 375 375 375 375 375 375 374 375 374 374 END
START 379 380 380 380 381 380 380 379 378 379 378 377 374 374 373 374 373 373 END
START 369 370 370 370 370 370 362 361 361 362 361 361 366 366 365 367 366 366 END
START 366 367 367 367 367 366 377 378 377 378 377 377 390 391 390 391 390 389 END
START 394 395 395 395 395 395 403 402 402 403 401 401 401 400 401 400 400 400 END
START 404 404 405 404 405 404 397 397 397 398 396 396 390 390 391 391 389 389 END
START 380 379 380 379 379 379 382 381 382 382 382 381 379 379 379 378 379 378 END
START 368 369 369 369 370 369 373 373 373 372 372 371 370 369 369 370 369 369 END
START 371 372 372 371 372 371 357 357 356 357 356 356 343 344 343 344 343 343 END
START 335 336 336 335 335 335 331 330 332 332 331 330 334 334 334 334 333 333 END
START 332 333 334 333 334 333 339 340 339 340 339 339 338 338 337 338 337 336 END
START 343 343 345 344 344 343 342 341 341 342 341 340 337 337 336 338 337 337 END
START 341 342 342 342 342 341 343 343 343 344 343 343 346 345 344 346 346 345 END
START 343 344 344 344 344 344 351 351 351 351 350 349 348 348 348 348 348 347 END
START 349 350 350 350 351 351 351 350 351 351 350 350 350 350 351 350 350 349 END
START 355 356 356 356 357 356 356 356 356 357 356 356 359 358 359 359 358 358 END
START 355 356 357 356 356 355 367 367 367 367 366 366 361 359 360 360 359 359 END