START 384 385 384 384 385 384 386 385 386 386 387 387 388 388 389 389 388 389 END
START 373 374 374 373 374 374 387 388 388 389 388 388 392 392 392 392 391 391 END
START 391 392 393 392 393 393 396 396 396 396 395 395 396 396 395 395 395 395 END
START 396 397 398 396 397 397 377 377 377 377 376 376 371 372 371 372 372 372 END
START 363 364 364 363 364 364 369 369 369 369 369 369 377 377 377 377 377 376 END
START 386 386 387 386 387 388 410 411 410 410 410 409 414 414 414 414 413 413 END
START 428 429 429 428 429 429 419 419 419 420 419 418 419 420 420 421 420 420 END
START 421 420 420 419 420 420 423 424 424 425 424 424 429 429 429 429 428 427 END
START 418 418 418 417 418 419 428 428 428 428 427 426 420 420 420 420 420 419 END
START 427 427 427 426 427 428 417 417 417 417 417 416 411 412 412 412 413 412 END
START 414 413 413 411 412 412 405 405 405 406 406 406 413 413 413 414 413 412 END
START 404 403 404 403 404 404 413 413 413 413 413 412 407 407 406 407 406 405 END
START 415 414 415 414 414 414 401 401 401 402 401 401 401 401 401 402 401 401 END
START 410 409 409 407 408 408 407 408 408 409 409 408 411 411 412 412 412 412 END
START 407 406 406 405 406 406 415 415 416 416 416 415 407 407 407 407 407 406 END