START 346 347 346 346 347 347 348 348 348 349 349 349 349 350 350 350 348 350 END
START 348 349 350 349 349 348 354 354 355 355 354 353 355 356 356 356 354 354 END
START 355 356 356 356 356 356 359 359 359 359 359 358 357 357 357 358 357 356 END
START 363 363 364 363 363 363 362 361 362 362 362 361 365 364 364 365 364 364 END
START 360 361 362 360 361 360 355 355 354 354 354 353 333 333 333 333 332 332 END
START 318 319 319 319 319 319 321 320 321 321 320 320 334 333 333 334 334 333 END
START 358 359 360 359 359 359 379 379 378 380 379 378 394 393 393 394 393 393 END
START 397 398 398 398 398 397 404 403 403 404 403 403 405 404 404 403 404 403 END
START 396 397 398 397 398 397 397 397 397 397 396 395 390 390 391 391 390 389 END
START 393 393 394 393 394 392 387 386 387 387 387 386 387 387 387 387 387 387 END
START 380 381 382 381 381 380 377 378 377 377 377 376 373 373 373 372 372 372 END
START 351 352 352 351 352 352 351 351 351 351 350 349 349 348 348 349 348 348 END
START 351 352 352 352 352 352 352 351 351 351 351 350 353 354 354 354 353 352 END
START 354 355 356 355 355 354 359 360 360 360 360 359 361 360 361 361 359 359 END
START 352 354 354 353 354 353 359 359 358 359 358 357 349 348 349 349 348 347 END
START 345 346 347 346 346 346 342 341 342 342 342 341 338 338 339 339 338 338 END
START 345 347 347 346 347 346 370 370 371 371 370 370 394 393 393 394 393 393 END
START 409 411 411 411 411 411 409 408 407 408 407 407 399 398 399 398 397 397 END
START 400 398 399 399 399 398 391 391 391 391 390 389 392 391 392 392 391 391 END