START 423 423 422 421 421 420 416 415 415 414 413 413 407 408 407 407 406 406 END
START 424 424 425 425 426 427 414 415 415 415 415 415 414 415 415 416 416 415 END
START 422 422 422 421 422 423 433 433 433 434 434 433 433 434 434 435 434 434 END
START 423 423 423 422 423 424 426 426 425 425 425 424 420 420 419 420 420 420 END
START 424 423 424 423 424 424 411 412 412 412 412 411 411 411 411 411 411 410 END
START 432 431 431 428 429 429 423 423 423 425 425 424 412 412 412 413 413 413 END
START 398 397 398 397 398 398 411 412 412 413 413 413 404 404 404 404 404 403 END
START 406 407 408 407 408 409 411 412 411 412 412 411 414 414 414 415 415 415 END
START 438 438 438 437 438 438 415 415 414 415 415 414 427 428 427 428 428 427 END
START 422 421 421 420 421 421 423 422 422 422 421 420 424 425 425 426 426 426 END
START 409 409 409 408 409 410 402 403 402 403 402 401 412 412 412 411 411 410 END
START 407 405 405 403 403 403 404 405 405 406 406 406 412 412 411 412 412 411 END
START 424 423 423 421 422 422 415 415 415 415 414 414 405 404 404 403 402 401 END
START 396 395 395 393 394 394 383 383 383 383 383 382 383 384 384 384 384 383 END
START 396 397 397 395 396 396 384 385 385 386 385 386 394 394 394 394 393 393 END
START 384 384 385 384 384 384 398 399 399 398 397 397 392 391 390 390 388 388 END
START 389 390 390 388 388 389 362 362 362 362 361 361 373 373 373 372 372 371 END
START 361 362 362 360 361 361 365 366 366 366 366 365 381 382 381 381 380 380 END
START 371 372 372 371 372 372 370 370 370 370 370 370 386 387 386 386 385 384 END
START 382 383 384 382 383 384 393 393 392 392 392 391 388 388 389 389 389 389 END
START 395 395 395 394 395 394 382 382 382 383 382 382 388 389 389 389 389 389 END
START 383 384 384 382 383 384 395 395 395 394 394 393 393 394 394 394 394 394 END