START 404 405 404 404 405 404 406 406 407 407 407 407 406 407 407 407 407 407 END
START 384 384 385 384 385 386 358 358 358 358 358 357 350 350 350 351 350 349 END
START 366 367 368 367 368 368 357 358 358 358 357 356 363 363 363 363 363 363 END
START 362 363 363 362 363 363 377 378 377 377 377 377 380 381 381 380 380 379 END
START 361 362 362 361 361 362 377 377 377 377 376 376 371 372 372 371 371 370 END
START 379 380 380 379 380 381 393 393 392 392 391 391 399 400 400 401 401 401 END
START 413 414 414 413 414 414 422 423 422 423 422 422 426 427 427 427 427 426 END
START 417 416 416 415 416 416 417 417 417 418 417 417 416 416 416 416 416 415 END
START 418 417 419 418 419 419 406 407 406 407 406 405 405 406 406 407 407 406 END
START 418 417 417 416 416 416 410 411 411 412 412 412 424 425 425 426 426 425 END
START 418 418 418 417 417 418 402 403 402 402 402 401 394 394 394 393 393 392 END
START 390 389 390 388 389 390 386 386 386 386 385 385 390 390 390 390 389 388 END
START 391 392 392 391 392 392 384 385 385 386 385 385 394 395 395 395 394 394 END
START 380 381 381 380 380 381 388 388 388 388 388 387 387 388 387 387 386 386 END
START 377 377 378 377 378 378 362 362 362 362 361 360 360 360 360 361 360 360 END
START 387 388 388 387 387 388 412 413 413 414 414 414 430 431 431 430 430 430 END
START 415 415 415 413 414 414 424 424 424 425 425 424 419 420 419 419 419 418 END