START 367 367 365 365 366 366 365 363 364 364 364 364 362 362 363 362 361 362 END
START 342 343 344 343 343 343 333 333 332 332 332 331 339 339 338 339 338 338 END
START 344 346 346 345 345 345 347 346 347 348 347 347 354 353 352 354 354 352 END
START 353 354 355 354 354 354 359 359 359 359 358 358 359 359 359 359 358 358 END
START 364 365 365 365 366 365 363 362 363 363 362 362 363 362 363 363 362 362 END
START 368 369 369 368 368 368 367 367 367 368 367 366 373 374 373 374 372 372 END
START 364 365 366 365 366 366 353 354 353 353 353 352 348 348 348 348 347 347 END
START 343 344 345 344 344 344 343 342 343 343 343 342 353 353 354 354 353 352 END
START 376 377 377 376 377 376 397 397 397 397 397 396 415 414 415 416 414 414 END
START 412 413 413 413 413 413 420 419 420 419 418 418 417 416 416 417 416 415 END
START 414 413 414 414 414 414 409 408 408 409 407 407 401 400 402 402 401 401 END
START 408 407 408 407 407 407 399 400 400 400 399 399 403 403 403 404 402 402 END
START 393 392 393 392 393 392 402 402 402 401 401 401 391 391 391 392 390 390 END
START 377 378 379 378 379 379 381 381 381 382 381 380 371 371 371 371 371 371 END
START 372 374 374 373 373 373 370 371 371 370 370 370 373 373 372 373 372 372 END
START 370 371 372 370 371 370 373 373 372 373 373 372 371 371 370 371 370 369 END
START 366 368 368 367 367 367 369 369 369 369 368 367 373 372 372 373 371 371 END
START 356 357 357 357 357 357 344 345 344 344 343 343 343 343 343 344 343 343 END
START 360 362 362 362 362 362 397 397 398 398 397 397 418 418 418 418 417 416 END
START 416 417 417 417 418 417 415 414 414 413 412 412 401 400 401 401 400 400 END
START 401 399 400 400 400 399 391 390 391 391 390 389 391 391 391 392 391 390 END