START 339 340 338 339 340 339 341 340 341 342 341 342 342 343 343 343 342 343 END
START 341 342 342 341 341 340 345 345 346 346 345 345 346 347 347 347 346 346 END
START 346 347 348 347 347 347 351 351 351 351 350 350 350 349 350 350 349 349 END
START 356 358 358 358 358 357 357 356 357 357 356 356 360 360 361 361 360 360 END
START 360 361 361 361 360 360 362 362 363 362 362 361 359 360 359 360 358 358 END
START 351 353 353 352 353 352 350 351 350 350 349 349 349 349 350 349 348 347 END
START 352 353 353 353 353 352 358 358 359 358 357 357 368 368 368 368 368 367 END
START 376 377 377 377 377 377 387 386 387 387 387 386 392 392 392 392 391 391 END
START 391 392 393 392 392 392 397 397 397 397 396 396 393 393 393 392 391 391 END
START 390 391 391 391 391 390 386 384 385 385 385 384 387 386 386 386 386 386 END
START 385 386 386 385 386 385 381 382 382 381 381 381 382 381 382 381 381 381 END
START 377 378 378 378 378 378 378 379 379 378 378 377 376 376 377 375 375 375 END
START 368 369 369 368 369 368 352 351 350 351 350 349 346 346 345 346 346 345 END
START 350 352 352 351 352 351 352 352 353 352 351 352 352 352 353 353 352 352 END
START 351 353 352 352 353 352 357 356 357 357 357 356 357 356 357 357 355 355 END
START 360 361 362 361 361 361 358 358 358 359 357 356 359 358 359 360 358 358 END
START 362 363 364 363 363 363 357 356 357 357 356 356 351 350 351 351 349 349 END
START 335 336 337 336 336 336 332 332 333 333 332 331 330 331 331 331 331 330 END
START 333 334 335 335 335 334 337 337 336 337 336 336 345 344 344 345 344 343 END
START 356 357 358 357 358 357 371 370 370 372 371 370 397 398 398 398 398 397 END
START 413 414 415 414 414 414 424 423 424 424 423 423 425 424 424 423 423 423 END