START 352 353 352 351 351 352 352 351 352 352 352 352 351 351 352 351 351 352 END
START 352 353 354 353 353 352 343 343 343 344 343 342 323 322 322 322 322 321 END
START 293 294 295 293 294 293 297 297 297 297 296 296 304 305 304 305 304 303 END
START 310 311 312 311 312 312 319 317 318 317 317 316 318 319 319 319 318 318 END
START 327 329 329 328 328 327 327 327 327 328 327 327 338 337 337 338 337 337 END
START 333 335 335 334 335 334 344 344 344 345 344 343 345 345 344 345 344 344 END
START 348 349 349 349 350 349 353 353 353 353 352 351 351 351 351 352 351 350 END
START 351 352 352 351 352 351 345 345 345 345 344 344 347 347 347 348 347 347 END
START 350 351 352 351 352 351 347 347 348 348 347 346 351 351 352 351 350 350 END
START 351 352 353 352 352 352 369 369 369 369 369 368 377 376 377 377 376 376 END
START 394 396 396 396 396 396 405 404 404 404 404 403 412 411 411 412 411 411 END
START 407 407 408 407 407 407 401 401 401 402 401 400 401 400 401 401 400 400 END
START 398 397 398 397 398 397 399 399 398 399 398 397 387 388 387 387 386 385 END
START 386 387 388 387 387 386 374 373 374 373 373 373 372 372 372 372 371 371 END
START 371 373 373 372 373 372 379 379 379 380 380 379 390 389 389 389 389 388 END
START 374 376 376 375 376 376 375 375 375 374 374 373 369 369 369 368 368 367 END
START 372 373 374 374 374 374 367 367 367 367 367 366 362 363 362 362 362 361 END
START 353 354 354 353 353 353 348 349 349 349 349 348 358 358 358 359 358 357 END
START 351 352 353 352 353 352 353 353 354 353 353 352 351 350 351 351 349 349 END
START 359 360 361 360 360 360 358 357 358 358 357 357 357 358 358 357 356 356 END
START 356 356 357 356 355 355 352 352 352 353 352 352 351 350 351 351 350 349 END
START 341 343 343 342 342 342 341 340 341 341 339 339 331 330 331 331 330 329 END
START 327 328 328 328 329 328 332 331 331 332 331 330 347 346 346 347 347 346 END
START 364 365 365 365 365 364 389 389 389 391 390 390 422 422 423 423 423 422 END
START 442 442 443 443 443 442 457 456 457 456 455 455 450 450 449 449 448 448 END