START 360 361 360 359 361 361 361 361 362 362 362 362 363 362 363 363 362 363 END
START 362 363 363 363 363 362 362 363 362 363 362 362 362 362 361 361 360 360 END
START 363 365 365 365 365 365 364 364 364 364 364 362 360 360 359 360 359 359 END
START 367 368 368 368 368 368 367 367 367 367 366 366 367 367 368 368 368 367 END
START 369 370 370 369 369 369 369 369 369 370 369 368 370 371 370 370 369 369 END
START 368 369 369 369 369 368 371 371 371 371 370 370 365 365 365 365 364 363 END
START 369 370 370 370 370 369 363 363 362 364 363 362 364 364 364 364 364 363 END
START 356 356 357 356 356 355 361 362 361 362 361 361 359 360 360 360 359 359 END
START 356 357 358 357 358 357 367 367 366 367 366 366 375 375 375 376 375 375 END
START 397 398 399 398 399 398 409 410 409 410 409 409 409 409 409 409 409 409 END
START 402 403 403 402 402 402 393 394 394 393 393 392 382 382 383 383 382 382 END
START 378 377 378 377 378 378 377 376 377 376 376 375 373 374 373 373 373 372 END
START 372 373 373 373 374 373 371 370 369 370 369 368 368 367 367 368 368 367 END
START 367 368 369 368 368 368 366 367 366 367 366 366 367 367 367 367 366 366 END
START 360 360 361 360 361 360 365 366 365 365 365 364 359 359 359 359 357 357 END
START 351 351 352 352 352 351 338 339 337 338 337 336 331 331 332 332 331 330 END
START 337 338 338 337 337 337 335 335 334 336 335 334 341 341 340 342 341 341 END
START 342 343 343 343 343 342 349 349 348 350 349 348 348 348 349 349 347 347 END
START 350 351 351 351 352 351 350 350 350 351 349 349 350 350 351 350 349 349 END
START 356 357 357 356 357 356 351 352 353 352 352 351 351 352 352 353 351 352 END
START 342 343 343 343 343 342 353 352 353 353 352 352 356 354 355 355 354 353 END
START 349 349 350 350 350 350 357 356 357 357 355 355 352 351 352 352 351 351 END
START 365 366 367 366 366 366 357 356 357 358 356 356 357 356 357 357 357 356 END
START 356 356 357 356 356 356 367 365 366 367 365 365 375 374 375 375 374 374 END