START 360 360 359 359 361 360 361 360 360 361 361 362 361 361 361 362 360 362 END
START 358 360 360 359 359 359 361 361 360 361 360 360 358 358 357 358 357 356 END
START 359 360 360 360 359 359 358 359 358 359 358 357 363 362 362 363 362 362 END
START 365 367 367 366 366 366 369 369 370 369 368 368 365 366 365 365 365 364 END
START 368 370 370 369 370 369 368 368 368 368 367 367 371 371 370 371 370 369 END
START 369 370 371 370 370 370 368 369 368 369 368 368 370 370 370 371 370 370 END
START 371 372 372 371 372 371 370 371 370 371 370 370 369 369 368 369 368 368 END
START 362 362 363 362 363 362 365 364 365 365 364 364 364 365 364 364 364 363 END
START 372 374 374 373 373 373 373 374 372 373 372 372 377 378 377 378 377 377 END
START 379 380 381 380 380 380 378 378 378 379 378 378 378 378 377 378 377 377 END
START 374 375 376 375 375 375 377 376 375 376 376 374 374 373 373 373 372 372 END
START 376 377 377 377 377 377 373 373 373 373 372 372 373 373 372 373 373 372 END
START 376 377 378 376 377 376 376 375 375 376 375 375 375 374 374 375 374 374 END
START 362 363 363 363 363 363 354 354 354 354 353 353 338 338 337 338 337 336 END
START 346 347 348 348 348 348 352 350 351 351 351 350 355 354 353 355 354 354 END
START 357 358 359 358 359 358 357 357 357 358 357 357 357 356 357 357 356 356 END
START 354 355 355 354 355 354 360 359 359 359 358 358 351 352 351 351 351 350 END
START 352 353 354 354 354 353 349 349 349 349 349 348 357 356 357 358 357 356 END
START 355 356 356 356 356 356 359 359 359 360 359 358 363 362 363 363 363 362 END
START 363 364 365 364 364 364 369 368 369 369 369 368 367 367 366 366 366 365 END
START 372 373 373 372 372 372 368 369 368 369 368 367 370 371 370 370 370 369 END