START 364 364 364 364 365 364 367 367 368 369 369 370 376 377 378 379 379 381 END
START 358 359 359 358 359 359 365 365 364 363 362 361 351 351 351 351 351 351 END
START 347 348 348 348 349 350 359 359 358 358 357 356 353 353 353 353 352 352 END
START 372 372 373 372 374 374 378 378 378 379 379 379 381 381 381 381 381 380 END
START 375 375 375 373 374 375 386 387 386 387 387 386 370 371 371 371 370 369 END
START 373 374 375 374 376 376 382 382 382 381 379 378 376 377 377 378 378 378 END
START 404 404 404 402 403 403 411 412 412 414 415 415 429 430 430 431 431 431 END
START 414 413 413 412 413 413 415 415 415 415 415 415 416 416 416 416 416 416 END
START 406 405 406 405 406 406 425 425 424 424 423 422 415 414 414 414 413 412 END
START 431 431 431 430 430 430 409 409 409 408 407 406 401 402 402 403 403 403 END
START 402 401 401 400 401 401 416 417 417 417 417 416 412 413 414 416 416 416 END
START 399 398 399 398 399 399 395 395 395 394 394 393 397 398 398 399 399 399 END
START 399 400 400 400 400 401 389 390 390 391 390 390 396 396 396 397 396 396 END
START 389 388 388 387 388 388 402 402 402 403 402 402 396 396 396 396 395 395 END
START 406 407 408 406 407 408 399 399 399 399 398 397 410 411 410 410 409 409 END
START 400 400 401 400 401 402 401 401 401 401 401 401 409 409 410 411 411 411 END
START 451 449 449 445 445 445 428 428 429 429 429 428 439 439 439 439 439 438 END