START 368 369 367 367 368 368 369 369 369 369 370 370 370 371 370 371 369 371 END
START 367 367 368 367 367 367 370 369 369 370 369 369 369 369 368 369 368 367 END
START 366 368 368 367 368 368 366 366 366 366 365 365 359 360 359 360 359 359 END
START 383 384 384 384 384 384 388 388 387 388 388 387 391 391 391 392 391 391 END
START 384 385 386 385 385 384 388 388 389 388 388 387 383 382 383 383 382 381 END
START 380 381 381 381 381 380 360 360 360 359 359 358 346 346 346 346 345 345 END
START 329 329 330 329 329 329 315 315 315 316 315 315 316 316 317 316 316 315 END
START 324 325 325 324 325 324 346 346 346 347 346 345 360 360 360 361 360 359 END
START 378 379 380 379 380 379 397 397 397 397 396 395 400 400 399 400 399 399 END
START 411 413 413 412 413 412 411 412 412 411 411 411 413 413 414 413 413 413 END
START 408 407 408 408 408 407 408 407 408 408 408 407 405 404 404 405 404 403 END
START 399 398 399 398 398 398 399 399 399 399 398 397 391 391 392 392 391 390 END
START 388 390 390 389 390 389 382 381 382 382 381 381 373 372 373 372 372 372 END
START 349 349 350 349 350 349 332 332 332 332 332 331 321 320 320 321 320 320 END
START 313 314 315 314 314 314 317 316 315 317 315 315 319 319 319 319 319 318 END
START 325 325 325 325 326 325 321 321 321 322 321 320 323 323 324 325 324 323 END
START 327 328 329 328 328 328 329 329 328 329 328 328 333 333 332 333 332 332 END
START 326 328 328 327 328 327 335 335 334 336 335 335 343 343 342 344 343 343 END
START 357 359 359 359 359 358 370 370 370 371 370 370 381 381 382 382 381 380 END
START 391 392 393 392 392 391 389 389 389 390 389 389 390 390 390 389 389 389 END