START 414 414 414 413 414 413 414 414 414 415 415 415 414 414 415 414 414 415 END
START 395 395 396 395 396 396 410 410 409 410 410 409 400 400 400 400 400 399 END
START 409 409 409 408 409 409 397 397 397 397 397 396 393 394 394 395 394 393 END
START 392 391 392 390 391 391 387 388 388 388 387 387 387 387 386 387 386 386 END
START 379 380 380 379 380 380 384 385 385 385 384 384 390 390 390 390 389 388 END
START 410 410 411 410 411 412 407 407 407 406 405 405 412 413 413 413 412 412 END
START 420 419 419 418 419 419 419 419 419 419 419 418 423 424 424 424 424 424 END
START 417 416 416 415 415 416 426 426 425 426 425 424 418 418 418 417 417 416 END
START 425 424 425 424 425 425 416 416 415 415 414 413 410 410 410 411 410 410 END
START 423 423 423 422 423 424 416 417 417 417 417 417 420 420 420 420 420 420 END
START 414 414 414 414 415 416 405 406 405 406 406 405 394 394 394 394 394 393 END
START 394 394 395 395 395 396 395 395 395 395 395 394 395 396 395 396 395 395 END
START 401 401 402 401 402 402 394 394 394 395 395 395 397 397 397 398 397 397 END
START 388 388 388 387 387 388 391 392 392 392 392 392 386 386 386 386 386 385 END
START 384 384 385 384 384 384 390 390 390 390 390 390 396 396 397 397 397 396 END
START 432 433 434 433 434 434 428 429 428 429 429 428 427 428 428 429 429 429 END