START 384 385 384 384 385 384 386 386 386 387 387 387 387 388 388 388 387 388 END
START 380 381 381 379 380 381 384 385 385 385 384 384 383 383 383 383 383 382 END
START 383 384 385 384 385 385 383 383 383 383 382 382 381 382 382 382 381 381 END
START 388 389 389 388 389 388 385 386 386 385 385 385 389 389 389 390 389 389 END
START 384 385 386 384 385 386 394 394 394 394 394 394 390 391 391 390 390 389 END
START 390 391 391 390 391 392 387 388 387 387 387 386 385 385 385 385 385 385 END
START 397 398 398 396 397 397 394 394 394 394 394 393 402 403 403 403 403 403 END
START 400 400 401 399 399 400 408 408 408 409 408 408 405 405 405 406 405 404 END
START 400 401 402 401 402 402 405 405 405 405 405 404 400 401 401 401 401 400 END
START 408 407 408 406 407 407 401 401 401 401 401 400 406 406 407 407 407 406 END
START 406 405 406 404 405 405 409 410 410 410 410 410 413 413 413 413 412 412 END
START 406 405 406 405 406 406 410 410 410 410 409 409 404 404 403 404 404 403 END
START 411 410 411 409 410 411 402 402 402 403 403 402 406 407 407 408 408 407 END
START 403 402 402 401 402 402 404 405 405 405 405 404 405 405 405 405 405 404 END
START 393 393 394 393 394 394 400 401 401 401 400 400 395 395 396 396 395 394 END
START 402 403 403 402 403 403 395 395 395 395 395 394 398 399 399 399 399 399 END
START 401 400 400 399 400 400 395 395 395 396 395 395 397 397 397 397 397 396 END
START 395 395 396 395 396 396 403 404 403 403 403 402 398 398 398 398 397 397 END
START 403 403 404 403 404 404 394 394 395 395 394 393 400 400 400 400 400 400 END
START 403 402 403 402 402 402 401 401 401 402 402 401 406 406 407 407 406 406 END