START 371 372 371 370 371 369 369 368 368 368 368 369 367 367 368 367 367 367 END
START 372 373 373 372 373 373 365 366 366 366 366 366 374 375 375 375 375 375 END
START 375 376 377 375 376 377 379 379 379 379 379 379 377 378 377 377 377 376 END
START 369 370 370 370 371 372 371 372 371 371 371 369 367 368 367 368 368 367 END
START 369 370 371 369 370 371 377 377 377 377 377 377 391 391 392 391 391 391 END
START 405 406 406 405 406 407 424 425 424 424 424 423 421 422 422 422 422 422 END
START 417 417 417 416 418 418 417 417 417 417 416 416 409 409 408 409 408 408 END
START 420 419 420 419 420 420 410 410 410 411 410 410 409 410 410 411 411 410 END
START 410 409 409 408 409 409 414 415 415 415 416 415 424 424 423 423 422 421 END
START 411 411 412 412 413 414 416 416 416 417 416 416 416 417 416 416 416 415 END
START 420 419 419 418 420 420 408 409 408 409 408 407 418 418 418 419 418 418 END
START 397 396 397 395 396 396 387 388 388 389 388 388 398 398 398 399 398 397 END
START 389 389 390 389 389 390 402 402 402 401 400 400 388 389 388 389 388 388 END
START 395 396 396 395 396 396 386 386 386 387 386 386 382 382 382 382 382 381 END
START 382 383 383 381 382 382 372 372 372 373 373 372 381 381 381 381 381 380 END
START 367 368 368 367 368 368 379 379 378 378 378 378 378 378 379 378 377 377 END
START 397 398 399 397 398 398 401 402 401 401 401 401 410 411 411 411 411 411 END
START 413 413 413 411 412 412 410 411 412 412 412 412 421 421 421 421 421 421 END