START 346 346 345 345 346 346 347 345 346 346 347 346 346 346 346 347 345 346 END
START 350 351 352 351 351 351 353 353 354 353 352 352 352 352 353 352 351 351 END
START 357 358 359 358 358 358 355 354 355 355 354 353 353 352 353 353 352 352 END
START 354 355 356 355 355 354 359 358 359 359 359 358 360 360 360 360 359 359 END
START 354 356 356 355 356 355 348 348 349 349 348 347 339 338 339 339 338 337 END
START 332 334 334 333 333 333 320 320 320 320 320 319 320 320 319 321 320 319 END
START 325 326 327 326 326 326 338 339 338 339 339 338 361 362 361 362 361 361 END
START 388 389 390 389 390 389 405 404 404 405 404 404 407 407 406 406 406 405 END
START 413 415 415 415 415 415 415 415 415 415 414 414 406 407 407 407 406 406 END
START 406 404 405 405 405 404 403 403 403 404 403 402 403 403 403 404 403 403 END
START 396 395 396 395 395 395 394 394 394 394 393 393 395 396 395 396 395 394 END
START 396 396 397 396 397 396 389 388 388 388 387 387 385 384 386 385 384 385 END
START 374 374 374 374 374 373 356 356 356 356 356 355 351 351 351 350 350 350 END
START 346 347 348 347 347 346 353 352 353 353 352 352 352 352 353 352 351 351 END
START 354 356 356 356 356 355 357 356 357 357 356 355 347 346 347 346 346 345 END
START 349 349 349 349 350 349 348 347 348 348 347 347 351 351 352 352 351 351 END
START 345 346 346 346 346 346 354 355 355 355 354 354 349 348 349 349 348 347 END
START 336 337 338 337 337 336 345 344 345 345 344 343 355 355 355 356 355 355 END
START 380 381 382 381 382 381 393 394 394 395 394 393 389 388 389 389 388 388 END
START 382 383 383 382 382 382 379 378 379 379 379 378 381 381 381 380 380 379 END
START 378 379 378 379 379 378 378 377 376 377 376 376 377 377 377 376 375 375 END