START 416 416 416 416 417 416 417 416 416 417 417 418 417 417 418 417 417 417 END
START 401 400 401 400 400 401 404 404 403 404 403 402 401 401 401 401 401 400 END
START 406 406 406 404 406 406 398 398 398 398 397 397 398 399 399 400 399 399 END
START 395 394 394 393 394 394 398 398 398 399 398 398 407 408 407 407 406 406 END
START 399 400 400 399 400 401 408 408 407 408 407 407 397 397 398 398 397 397 END
START 409 410 410 409 410 410 411 411 412 412 411 411 416 416 416 416 416 416 END
START 424 423 423 421 422 422 418 419 419 420 420 420 423 423 423 423 423 422 END
START 415 414 414 414 414 415 425 426 426 426 425 425 412 412 412 412 412 411 END
START 421 421 422 421 422 423 411 412 412 412 412 412 413 413 413 414 414 413 END
START 411 410 410 408 409 409 407 407 407 408 408 408 409 409 409 409 409 407 END
START 404 404 404 403 404 404 420 420 420 420 420 419 410 410 410 410 409 408 END
START 421 421 421 420 421 421 410 410 410 409 409 408 397 398 398 399 399 398 END
START 397 396 396 394 395 396 384 384 385 386 385 385 394 394 394 394 393 393 END
START 390 391 392 390 391 391 397 397 398 398 397 397 387 387 386 387 386 386 END
START 387 388 388 387 389 389 385 385 385 385 384 384 386 386 386 387 386 386 END
START 388 388 389 387 388 388 389 390 391 391 391 391 407 408 408 408 408 407 END
START 422 422 423 422 424 424 437 437 437 438 437 437 416 416 416 416 416 415 END
START 415 414 415 414 415 416 411 412 411 411 411 410 414 414 414 415 414 414 END
START 416 415 416 415 416 416 411 411 411 412 412 411 413 413 413 414 413 413 END