START 361 362 360 361 361 362 363 362 364 364 364 364 364 364 365 365 364 365 END
START 355 355 356 355 355 354 340 341 340 340 340 339 325 325 324 325 325 324 END
START 329 330 331 330 330 330 333 333 334 333 332 332 333 333 333 334 333 333 END
START 342 343 344 343 344 343 343 342 342 343 342 342 346 346 345 346 346 345 END
START 348 349 349 349 349 349 355 355 356 355 354 354 354 354 354 354 353 352 END
START 354 355 356 355 356 355 355 354 355 354 353 353 349 348 349 349 348 348 END
START 353 354 355 354 354 354 356 355 356 357 355 355 361 361 361 361 360 360 END
START 371 372 373 372 373 372 390 389 390 390 389 389 399 398 398 398 398 397 END
START 398 399 399 399 400 399 397 397 397 397 396 395 391 390 391 390 390 390 END
START 393 394 395 394 394 394 389 388 389 389 388 388 391 390 391 391 390 390 END
START 385 386 386 385 386 385 388 389 389 388 388 388 386 385 386 386 386 385 END
START 381 382 382 381 382 381 386 386 385 384 384 383 371 370 371 370 370 369 END
START 359 360 360 359 360 359 341 342 341 341 341 340 342 341 341 342 342 341 END
START 341 342 343 342 342 342 347 347 348 347 347 346 351 351 351 352 351 350 END
START 350 352 352 352 352 351 355 355 356 355 354 354 354 353 354 354 353 352 END
START 359 360 361 360 360 359 358 357 358 358 357 357 360 360 360 361 360 359 END
START 358 359 359 359 358 358 351 350 351 351 350 350 347 348 347 347 347 346 END
START 344 344 345 344 345 344 355 354 355 355 354 353 371 372 372 372 371 371 END
START 404 405 405 405 405 405 419 419 420 420 418 418 419 418 418 419 418 418 END
START 400 399 399 398 399 398 392 392 392 393 392 392 391 390 391 391 390 390 END