START 386 386 385 384 385 384 382 382 382 382 381 382 379 379 379 378 378 378 END
START 386 387 387 386 387 387 379 380 380 379 379 378 377 378 377 378 377 377 END
START 386 387 387 386 386 387 385 386 385 386 386 386 384 384 384 384 384 384 END
START 381 382 382 381 382 382 397 397 397 397 396 396 389 389 389 389 388 387 END
START 392 392 393 392 393 394 388 388 387 387 387 386 388 389 389 388 388 387 END
START 410 411 411 410 411 412 419 420 420 421 421 421 423 423 424 425 424 424 END
START 419 418 418 417 418 419 430 431 430 431 430 430 427 428 427 427 427 426 END
START 426 426 426 426 427 427 424 424 423 423 423 422 414 415 415 415 415 414 END
START 417 416 417 415 416 416 415 416 416 416 416 415 426 427 427 427 427 426 END
START 415 414 414 412 412 412 423 423 423 424 423 423 419 420 420 419 419 418 END
START 421 420 421 420 421 421 418 418 418 417 417 416 413 413 412 413 412 411 END
START 417 416 417 415 416 416 399 399 399 399 398 398 405 406 406 407 407 407 END
START 403 402 402 401 402 402 407 408 407 408 407 407 400 400 400 400 399 398 END
START 395 394 395 394 395 396 403 403 403 403 402 401 388 389 388 389 389 388 END
START 402 403 404 402 403 404 392 393 393 394 393 393 397 397 398 399 398 398 END
START 398 397 398 396 397 396 393 393 393 393 393 392 398 398 398 398 397 396 END
START 401 402 403 402 403 404 398 398 397 397 396 396 393 393 392 393 392 392 END
START 411 410 411 409 410 411 407 408 407 407 407 406 423 424 424 424 424 424 END
START 417 416 417 415 416 416 417 418 418 419 418 418 420 420 420 421 420 420 END