START 342 343 342 342 343 343 343 342 343 343 343 344 343 343 343 343 342 343 END
START 346 347 347 347 347 346 348 348 348 348 347 346 344 344 345 345 344 344 END
START 348 349 350 349 350 348 352 352 353 352 352 351 357 357 358 357 356 356 END
START 353 354 354 353 354 353 360 359 360 360 359 359 363 362 363 363 361 361 END
START 360 361 362 361 361 361 367 367 367 367 367 366 366 367 366 367 366 366 END
START 367 368 369 368 368 368 360 360 360 361 360 359 355 356 355 355 355 355 END
START 346 347 348 347 347 346 342 342 341 342 341 341 343 342 343 343 342 341 END
START 350 351 351 351 351 351 365 365 365 366 365 364 380 381 381 381 380 380 END
START 401 401 402 401 401 402 406 406 406 406 405 405 408 409 409 408 408 408 END
START 410 409 409 409 409 408 405 405 406 406 405 405 402 402 402 402 402 400 END
START 400 399 399 400 400 399 396 396 396 396 395 395 391 391 391 392 391 390 END
START 394 392 393 393 393 392 389 388 389 388 388 387 369 368 368 368 368 368 END
START 365 366 366 365 365 365 370 370 371 370 370 369 369 369 369 369 368 368 END
START 367 367 368 368 368 367 370 369 369 370 370 369 369 369 369 369 368 367 END
START 363 364 364 363 363 362 355 355 355 356 355 355 353 353 352 353 353 352 END
START 343 344 344 343 344 343 350 349 350 351 349 349 353 353 354 354 353 353 END
START 351 352 352 351 352 351 359 358 359 359 358 357 351 350 351 351 350 350 END
START 354 356 356 355 356 356 352 350 351 352 351 350 351 350 351 351 351 350 END
START 352 353 354 353 353 352 356 356 356 357 356 355 349 349 350 350 350 349 END
START 339 340 340 339 340 340 342 342 343 343 341 341 333 333 334 333 332 332 END
START 332 333 333 333 333 332 347 347 348 347 347 346 360 360 359 361 360 360 END
START 390 391 391 390 391 390 410 410 410 411 410 409 418 419 417 418 417 417 END
START 407 408 409 408 408 407 398 398 398 398 397 397 391 389 390 391 389 389 END