START 398 399 398 399 400 399 402 402 403 404 404 405 407 408 408 408 408 408 END
START 396 397 397 396 396 396 398 398 399 399 399 398 400 400 401 401 400 400 END
START 404 405 405 404 405 405 396 396 396 396 395 395 395 395 395 396 396 395 END
START 407 406 407 405 406 406 398 398 398 399 399 400 395 396 395 396 395 395 END
START 401 400 401 400 400 400 405 405 405 406 405 405 425 425 425 425 425 425 END
START 420 420 420 420 421 421 430 431 430 430 429 428 417 417 417 417 417 416 END
START 424 423 424 423 424 424 411 411 411 411 411 410 409 409 409 410 409 409 END
START 412 411 412 410 411 411 411 412 411 413 412 411 412 413 413 413 413 412 END
START 408 408 408 407 408 408 417 417 417 417 417 416 412 412 412 412 411 411 END
START 416 415 415 414 415 415 407 407 407 408 408 407 403 403 403 404 404 403 END
START 416 415 416 415 415 415 403 404 404 405 404 404 407 407 407 408 407 406 END
START 410 409 409 409 409 410 401 402 402 402 401 400 389 389 389 390 389 389 END
START 379 378 379 378 379 380 378 379 379 380 379 379 368 369 369 369 369 368 END
START 377 377 378 376 377 377 379 379 379 379 379 379 391 392 392 392 393 392 END
START 380 380 381 379 380 380 384 385 384 385 384 384 384 384 383 384 383 382 END
START 388 389 390 389 391 392 389 390 390 390 389 389 406 406 406 406 405 404 END
START 432 432 433 432 433 433 419 420 420 421 421 421 418 419 419 419 418 417 END