START 370 371 369 369 370 370 370 370 370 370 371 370 370 370 370 370 369 370 END
START 363 364 365 363 364 364 368 367 367 368 367 366 366 367 366 367 365 365 END
START 368 369 370 369 369 368 366 367 366 366 365 365 363 363 362 363 363 362 END
START 368 369 369 369 369 368 366 367 366 367 366 366 367 368 367 368 367 366 END
START 368 368 369 368 368 368 373 373 372 372 372 371 369 369 369 369 368 368 END
START 367 368 369 368 368 368 368 367 367 368 367 366 364 365 365 365 365 364 END
START 361 362 363 362 362 362 361 362 361 361 361 360 364 364 364 364 363 363 END
START 353 354 355 354 355 354 359 360 360 361 359 359 375 375 375 375 375 374 END
START 393 394 395 394 395 394 401 400 401 401 400 399 396 395 396 396 395 395 END
START 394 395 396 394 395 394 387 388 388 388 387 387 389 388 388 388 388 387 END
START 385 386 387 386 386 386 387 387 387 387 386 385 384 384 384 383 384 383 END
START 379 380 380 380 380 380 380 381 380 380 380 379 374 374 375 374 373 373 END
START 367 368 368 368 368 367 347 347 347 346 346 345 335 335 335 335 334 334 END
START 329 330 331 330 330 330 328 328 329 328 328 327 331 330 329 331 330 330 END
START 333 335 335 335 335 334 338 338 337 338 337 336 339 339 338 340 339 338 END
START 344 345 346 345 345 344 345 345 345 347 345 345 350 349 349 350 349 349 END
START 349 350 350 349 349 349 350 350 351 351 350 349 348 348 348 347 346 346 END
START 340 341 342 341 342 341 337 336 336 336 335 335 327 328 327 327 327 326 END
START 328 328 329 328 328 327 327 328 327 328 327 326 346 347 346 347 346 346 END
START 360 361 362 361 361 361 383 383 382 383 383 382 386 386 387 386 385 385 END
START 381 383 383 383 383 382 386 386 386 385 385 385 384 384 384 383 383 383 END