START 365 366 365 365 366 366 366 365 365 365 366 366 364 365 365 364 363 364 END
START 362 364 364 364 364 364 363 363 363 363 363 362 361 361 360 361 359 360 END
START 361 361 362 361 361 361 358 359 358 359 358 357 360 360 361 361 360 359 END
START 358 358 359 358 359 358 358 357 358 358 357 357 363 363 362 363 362 362 END
START 357 359 360 359 359 359 359 358 359 359 358 358 357 358 357 357 356 355 END
START 351 352 353 352 352 352 347 346 347 347 346 346 351 350 351 351 351 350 END
START 351 351 352 351 351 350 359 360 360 360 360 359 374 373 374 374 373 373 END
START 388 390 390 389 390 389 406 406 405 406 405 405 411 410 409 410 409 409 END
START 409 410 410 410 410 410 405 405 405 405 404 404 397 397 398 398 397 397 END
START 400 398 400 398 399 398 394 395 394 395 394 393 394 394 395 394 394 394 END
START 387 388 389 388 389 388 389 388 389 389 388 387 383 383 383 382 382 381 END
START 376 377 377 376 377 376 374 374 374 372 372 371 372 372 372 371 371 370 END
START 363 365 365 364 364 364 343 343 343 343 342 342 327 327 327 327 326 325 END
START 307 308 308 307 307 308 312 312 313 313 312 312 317 318 316 318 316 316 END
START 317 318 319 317 318 318 325 325 325 325 325 324 325 324 325 326 325 324 END
START 332 334 335 333 334 333 334 334 334 335 334 333 342 342 341 343 342 342 END
START 339 340 341 340 341 340 345 345 344 346 345 344 349 349 350 349 348 348 END
START 347 348 349 349 348 348 355 355 356 355 354 353 351 352 351 351 351 350 END
START 353 353 354 353 353 353 345 344 345 346 345 344 353 352 353 353 352 352 END
START 353 354 354 353 353 354 357 357 358 359 358 358 361 360 360 361 360 360 END
START 364 365 366 365 366 365 376 375 376 376 375 375 373 372 372 372 371 371 END
START 377 378 378 378 378 378 368 367 367 367 367 366 369 368 368 369 368 368 END
START 374 375 376 375 375 374 376 376 376 376 375 375 378 378 378 378 378 377 END