START 396 397 396 396 397 396 397 397 397 398 398 398 400 400 401 401 401 402 END
START 399 399 400 398 398 398 395 396 396 397 396 396 404 404 405 405 404 403 END
START 388 389 390 389 390 390 407 407 407 407 406 406 389 389 389 389 389 388 END
START 403 404 404 403 404 405 390 391 391 391 390 389 383 384 384 385 384 384 END
START 399 397 398 396 397 397 409 410 410 411 411 411 418 418 418 418 417 417 END
START 397 397 398 396 397 398 409 409 409 409 409 408 398 399 398 398 397 396 END
START 405 406 407 406 407 408 396 396 396 396 395 394 399 399 399 400 399 399 END
START 409 408 408 406 407 407 395 396 396 397 397 396 413 414 413 414 413 413 END
START 396 395 395 394 395 395 408 408 408 408 408 408 404 404 404 404 403 402 END
START 406 407 408 407 409 409 398 398 398 398 397 396 397 398 398 399 399 397 END
START 412 410 411 409 409 409 395 395 395 396 396 395 398 398 398 399 398 398 END
START 389 388 389 388 389 388 407 408 407 408 407 407 402 402 402 401 400 400 END
START 400 400 401 401 402 402 397 397 397 397 396 395 387 388 388 388 388 387 END
START 402 401 401 399 400 400 387 387 387 387 387 387 401 402 402 402 402 402 END
START 395 396 396 395 396 396 401 402 402 402 402 402 406 406 406 405 404 403 END
START 404 404 405 404 406 406 400 400 400 399 398 397 393 393 394 394 393 393 END
START 407 406 406 405 406 406 388 388 388 388 388 388 397 398 398 399 399 399 END
START 388 387 388 386 387 387 407 407 408 408 407 407 405 405 404 404 403 403 END