START 346 347 345 345 346 345 344 343 344 344 344 344 343 343 344 343 342 344 END
START 321 321 322 321 320 320 293 292 293 293 292 292 297 297 298 298 297 296 END
START 296 296 298 296 297 296 310 309 310 309 309 308 315 314 314 314 314 313 END
START 315 316 317 316 317 316 325 325 325 325 324 323 324 322 323 324 323 323 END
START 328 330 330 329 330 329 328 327 327 328 327 327 335 335 334 336 334 334 END
START 336 336 337 336 336 336 343 343 342 344 343 342 342 341 341 342 341 340 END
START 341 342 343 342 342 342 346 346 347 347 345 345 341 341 341 341 341 340 END
START 348 349 350 349 349 348 350 350 351 351 351 349 358 359 359 359 359 358 END
START 368 368 369 368 369 368 391 391 391 392 391 390 405 404 404 405 404 403 END
START 408 409 410 409 410 410 416 416 416 415 415 415 411 411 411 411 410 409 END
START 411 410 410 410 410 410 401 400 400 401 400 400 396 395 396 397 396 396 END
START 395 393 393 393 394 392 394 394 394 395 394 393 393 392 392 392 391 391 END
START 364 365 366 365 365 365 361 360 360 360 360 359 360 360 359 359 358 358 END
START 363 364 364 363 364 364 358 359 358 359 358 357 359 358 359 360 359 358 END
START 362 363 363 362 363 362 364 363 364 364 364 363 350 348 350 350 349 348 END
START 333 334 334 334 333 333 343 343 343 343 342 342 344 344 345 344 344 342 END
START 351 352 352 352 352 352 349 349 349 349 348 347 352 352 353 353 352 352 END
START 354 355 356 355 355 355 355 355 356 356 355 355 358 358 358 359 358 357 END
START 353 354 355 354 354 354 359 357 358 358 357 357 361 360 360 360 359 359 END
START 358 360 359 360 360 360 356 355 356 355 355 354 353 353 353 354 353 352 END
START 356 357 357 356 357 356 351 350 351 352 351 350 353 352 354 353 353 352 END
START 349 350 351 350 351 350 362 361 362 362 361 360 353 352 353 353 353 352 END
START 362 363 363 363 364 363 374 374 374 374 373 373 388 387 388 388 388 387 END
START 413 414 415 415 415 414 435 435 434 435 435 434 443 444 444 444 443 443 END