START 346 346 345 345 346 345 344 343 344 344 343 343 340 340 341 340 339 339 END
START 308 309 309 308 309 309 298 298 299 298 297 297 303 303 303 304 303 303 END
START 311 311 313 312 311 312 313 312 313 313 312 312 317 317 317 318 316 316 END
START 319 321 321 320 321 320 325 324 325 326 325 324 321 320 321 321 320 320 END
START 317 318 319 318 319 318 315 315 314 315 314 314 310 310 309 310 310 309 END
START 317 317 318 318 317 317 311 310 311 312 310 310 319 319 320 320 319 319 END
START 321 322 323 322 323 322 347 346 347 348 347 347 363 361 362 363 362 361 END
START 391 392 392 392 393 392 407 407 407 407 406 406 410 411 410 411 409 409 END
START 413 414 414 414 414 413 407 408 408 408 407 406 407 407 407 407 407 406 END
START 403 401 403 402 403 401 404 405 405 405 404 404 405 405 405 405 404 403 END
START 402 401 402 401 402 401 397 397 397 397 396 395 390 390 391 390 390 389 END
START 393 391 392 392 393 391 384 384 384 384 384 383 382 382 383 382 383 382 END
START 377 379 379 378 378 378 375 376 375 375 375 374 368 367 368 367 366 366 END
START 344 344 345 344 344 344 335 334 334 334 333 332 321 321 320 321 320 319 END
START 325 326 327 327 326 326 328 327 327 328 327 327 330 331 330 332 331 330 END
START 333 334 334 333 334 333 339 339 338 339 339 338 341 340 340 341 340 340 END
START 340 341 342 341 341 341 350 349 349 351 349 349 346 346 346 346 345 344 END
START 349 351 351 351 351 350 349 349 350 349 349 348 348 347 349 349 347 348 END
START 352 353 353 353 353 352 360 360 361 361 361 360 372 372 372 373 372 371 END
START 387 388 389 388 389 388 424 424 423 424 423 423 440 439 438 440 439 439 END
START 450 450 451 450 451 450 438 439 437 438 437 437 425 424 424 425 425 424 END
START 421 419 421 420 420 419 415 414 414 415 414 414 412 412 411 412 411 411 END
START 404 402 403 402 403 403 399 398 399 399 398 398 403 403 403 404 402 402 END