START 362 364 362 362 363 363 365 363 364 365 365 365 366 366 367 367 366 367 END
START 364 365 365 364 365 364 369 370 369 369 369 368 366 366 365 366 364 364 END
START 362 362 364 363 363 363 365 365 365 365 364 364 362 363 362 363 362 361 END
START 365 366 366 366 366 365 362 363 362 363 361 361 365 366 365 366 365 364 END
START 360 361 361 361 361 360 365 366 365 366 365 365 366 366 366 366 365 365 END
START 364 365 366 365 366 365 365 366 365 365 365 364 363 363 362 363 362 362 END
START 366 367 368 367 368 367 365 365 364 365 364 364 363 364 363 363 363 362 END
START 354 354 355 354 354 353 350 351 350 351 351 350 352 353 353 353 352 352 END
START 341 342 343 342 343 343 349 348 348 348 348 347 352 352 352 352 352 351 END
START 359 360 360 360 360 360 373 373 373 374 373 372 382 381 382 382 381 381 END
START 391 393 393 392 393 392 399 398 398 399 398 398 403 404 403 403 402 402 END
START 399 400 400 400 400 400 402 401 402 401 401 400 392 392 392 392 391 390 END
START 390 389 390 389 390 389 384 384 384 384 384 383 384 384 384 384 383 383 END
START 382 383 383 382 382 382 377 378 378 377 377 376 382 382 382 382 382 382 END
START 367 367 368 367 367 366 367 366 366 366 366 365 354 354 354 354 353 353 END
START 339 340 340 340 340 339 334 334 333 334 333 332 333 333 334 334 333 332 END
START 335 336 337 335 336 335 339 338 338 339 338 338 340 340 339 341 340 340 END
START 343 344 345 344 344 343 351 350 350 351 350 350 348 348 348 348 347 346 END
START 350 351 352 351 352 351 352 351 352 351 351 350 347 348 348 348 347 347 END
START 340 341 341 340 340 340 331 332 332 332 331 331 332 333 333 333 332 331 END
START 326 327 328 327 327 327 332 331 331 332 332 331 337 337 336 337 336 336 END
START 350 351 351 351 351 351 366 365 364 366 365 364 375 374 374 375 374 374 END
START 384 386 386 385 385 385 385 386 385 386 386 385 394 393 393 395 394 394 END
START 392 392 393 392 393 393 393 393 394 393 393 392 391 391 392 391 391 390 END