START 378 379 377 377 378 378 377 376 377 377 377 377 376 376 377 376 375 376 END
START 379 380 380 380 380 379 375 374 374 375 374 374 374 374 374 375 374 374 END
START 371 372 372 371 371 370 371 370 370 371 370 370 373 373 373 373 373 372 END
START 367 368 369 368 368 368 371 371 371 371 371 370 368 367 367 368 367 367 END
START 370 372 372 371 371 371 366 366 365 366 366 365 364 365 365 365 365 364 END
START 365 367 367 366 366 366 365 365 365 366 364 364 365 365 364 364 364 363 END
START 355 356 357 356 356 356 359 359 359 359 359 358 355 355 355 355 354 353 END
START 357 358 357 358 358 357 359 358 358 359 358 357 361 360 360 361 360 360 END
START 367 368 369 368 368 368 373 372 374 374 373 373 382 383 381 382 382 381 END
START 379 379 380 379 380 380 386 385 385 385 385 384 377 377 377 376 376 375 END
START 376 377 377 377 377 377 371 371 371 371 370 369 371 370 370 371 370 370 END
START 372 373 373 372 373 372 371 371 371 372 372 370 372 371 371 372 371 371 END
START 364 364 365 364 365 364 372 371 370 372 370 370 365 364 364 365 364 363 END
START 366 367 367 367 367 367 364 363 363 364 363 363 361 361 360 361 360 360 END
START 362 362 363 362 362 362 367 367 367 367 366 365 368 369 368 369 368 367 END
START 359 360 361 360 360 360 365 366 365 366 364 364 364 365 364 364 363 363 END
START 362 364 363 363 363 363 366 366 365 366 365 365 360 361 360 360 359 359 END
START 347 348 349 348 348 347 340 341 340 341 340 340 345 344 345 345 345 344 END
START 343 344 344 344 344 344 347 347 347 347 346 346 340 340 340 340 339 338 END
START 342 343 344 343 344 344 350 350 350 350 348 348 342 341 341 342 341 341 END
START 343 345 345 344 344 343 343 344 343 343 343 342 348 348 348 349 348 347 END
START 351 352 353 351 352 351 363 364 364 364 363 364 378 378 379 378 378 377 END
START 391 391 392 392 392 392 408 408 408 408 407 406 399 398 398 399 398 398 END