START 355 355 354 354 355 355 355 354 356 355 355 355 355 355 355 355 354 354 END
START 351 352 353 352 353 352 355 354 354 355 353 352 353 352 353 352 352 351 END
START 350 351 351 350 350 350 319 319 319 319 318 318 294 293 294 294 294 293 END
START 287 288 289 287 288 287 297 297 298 299 298 297 307 306 307 306 306 306 END
START 309 310 311 310 311 310 317 316 316 316 315 314 320 320 320 321 320 319 END
START 327 328 328 327 328 328 330 330 330 331 330 330 335 336 335 337 336 335 END
START 340 342 342 341 341 340 349 348 348 350 349 349 351 350 349 351 350 349 END
START 348 349 350 349 349 349 353 353 354 353 352 352 348 347 348 348 347 347 END
START 341 343 343 342 342 342 341 340 342 342 341 341 343 344 343 345 344 343 END
START 360 360 361 361 360 360 373 373 373 373 372 372 391 391 391 391 390 390 END
START 404 405 406 405 405 405 409 408 408 408 408 407 406 405 406 405 405 405 END
START 408 407 408 407 408 407 400 399 399 400 399 398 401 402 402 402 402 401 END
START 401 400 401 400 400 400 395 394 395 394 394 393 397 397 397 398 396 396 END
START 390 389 390 389 390 389 392 391 392 392 391 391 386 386 386 385 385 385 END
START 381 381 382 381 382 382 371 370 370 370 369 369 355 355 355 355 354 354 END
START 342 343 344 342 343 342 329 330 329 330 329 328 341 340 341 341 341 340 END
START 336 338 338 337 337 338 345 345 344 346 345 344 345 344 345 345 344 343 END
START 347 348 348 348 349 348 351 352 351 351 351 350 365 365 366 366 365 364 END
START 369 371 370 370 370 369 368 368 369 369 368 368 370 372 370 371 370 370 END
START 365 366 366 365 365 365 367 367 366 367 366 365 363 363 363 363 362 361 END
START 361 362 362 362 362 362 365 365 364 364 363 363 363 363 363 363 362 361 END
START 359 360 361 360 360 360 351 352 351 352 351 351 349 349 349 350 349 349 END
START 352 353 353 352 353 352 366 366 367 367 367 366 380 380 381 381 380 379 END
START 403 404 405 405 405 405 432 432 431 432 431 431 435 435 435 435 434 434 END