START 367 368 367 366 367 367 367 366 367 368 368 368 367 368 367 368 367 368 END
START 366 367 368 367 368 367 371 371 370 370 370 369 365 365 365 365 364 364 END
START 367 368 368 368 368 368 364 364 363 364 364 363 369 370 369 369 369 369 END
START 365 366 367 366 366 366 366 366 365 366 365 364 368 368 367 368 367 367 END
START 363 364 364 363 364 364 371 371 370 371 369 369 370 370 369 370 369 368 END
START 370 371 372 371 371 371 363 363 363 363 363 362 367 368 367 367 367 366 END
START 363 363 364 363 363 362 363 364 363 364 363 362 360 361 360 360 360 359 END
START 356 357 357 356 357 356 364 364 363 364 363 363 367 367 366 367 366 365 END
START 379 380 379 380 380 380 394 394 393 393 393 392 405 405 405 405 404 404 END
START 414 415 416 415 415 415 409 408 409 408 408 408 406 406 407 407 406 405 END
START 396 394 396 395 395 395 396 396 396 397 395 395 391 391 391 391 390 389 END
START 385 386 386 386 387 386 382 381 381 381 381 380 376 376 377 376 376 375 END
START 370 371 371 370 370 370 346 347 347 347 346 346 336 336 335 336 335 335 END
START 331 332 333 332 332 332 337 337 337 337 336 336 337 336 336 337 335 335 END
START 337 338 339 338 338 338 337 336 336 337 336 335 337 337 336 338 337 337 END
START 344 345 345 344 345 344 347 346 346 347 346 346 350 350 349 351 350 350 END
START 361 362 362 362 361 361 370 371 371 371 370 369 368 368 368 368 367 366 END
START 362 363 364 364 364 363 361 361 361 361 361 360 354 354 354 354 353 353 END
START 361 362 363 362 362 361 350 351 350 350 350 349 352 351 353 352 352 351 END
START 340 341 342 341 342 342 340 340 341 341 340 340 342 341 342 342 341 340 END
START 337 337 338 337 338 338 338 337 338 338 337 336 335 335 335 335 334 334 END
START 348 349 350 349 349 349 358 357 357 358 357 356 363 363 362 363 363 363 END
START 361 361 362 361 361 361 367 366 367 367 367 366 378 379 378 378 378 377 END
START 376 377 378 377 378 377 381 382 381 381 380 380 375 375 374 375 374 374 END
START 378 380 379 379 379 379 374 374 374 373 373 372 377 376 376 377 376 376 END