START 353 354 352 352 353 353 353 352 352 353 353 354 353 353 354 354 352 354 END
START 355 356 356 355 356 355 359 358 359 359 359 358 364 363 364 364 363 363 END
START 363 364 365 364 364 363 368 367 368 368 367 367 366 366 365 365 364 364 END
START 362 363 363 362 363 362 369 369 369 369 368 368 363 363 362 363 361 361 END
START 366 367 367 366 367 366 359 359 359 359 359 359 355 355 354 354 353 353 END
START 339 340 340 339 339 340 331 330 331 331 331 330 322 322 322 322 322 321 END
START 317 317 318 317 317 316 326 325 325 326 326 324 338 339 338 340 338 338 END
START 359 361 361 361 362 361 388 388 387 388 388 387 416 416 415 417 416 416 END
START 435 435 436 435 435 434 431 431 431 430 430 430 431 430 430 431 429 429 END
START 417 416 417 416 417 416 407 407 406 407 407 406 402 403 402 402 401 401 END
START 400 398 400 399 399 399 393 393 392 393 392 391 381 381 381 381 380 380 END
START 364 364 364 363 363 362 347 347 347 347 348 346 340 339 340 339 339 338 END
START 320 321 321 320 321 321 336 337 337 337 336 337 341 340 340 340 340 339 END
START 340 341 342 342 341 341 345 344 343 344 344 343 344 345 345 345 344 344 END
START 343 344 344 343 344 343 343 344 344 344 343 343 348 348 348 348 347 346 END
START 341 342 343 342 342 342 342 342 343 342 342 341 346 346 346 345 344 344 END
START 350 352 352 352 352 352 354 354 354 354 353 352 355 355 355 355 355 354 END
START 359 359 359 359 359 358 360 359 360 360 359 359 366 366 367 367 367 366 END
START 370 371 372 370 370 370 373 372 373 373 372 371 375 375 374 375 374 373 END
START 372 374 374 373 374 373 373 372 373 373 372 372 367 367 366 368 367 367 END