START 365 366 365 365 366 366 367 366 367 367 367 368 368 368 369 369 367 369 END
START 367 368 368 367 368 367 369 370 369 370 369 368 368 369 367 368 367 367 END
START 367 368 369 368 369 368 368 368 367 367 367 366 364 364 363 363 362 362 END
START 365 366 367 366 366 366 363 363 362 363 362 362 366 367 366 367 366 366 END
START 363 364 364 363 364 363 366 366 366 366 365 365 366 367 366 366 366 365 END
START 363 364 364 364 364 364 363 363 362 363 362 362 363 363 363 363 362 362 END
START 367 368 368 368 368 367 361 361 360 361 360 360 355 356 355 356 355 355 END
START 351 352 352 352 351 351 341 342 341 342 341 341 345 345 345 346 345 345 END
START 354 356 356 356 357 356 376 376 377 376 375 375 378 377 378 377 377 376 END
START 385 386 386 386 386 386 376 375 375 376 375 374 379 378 378 379 378 378 END
START 374 375 375 374 375 374 375 375 374 376 375 374 375 375 375 375 374 374 END
START 368 370 370 369 370 369 374 373 373 374 373 372 368 367 366 367 367 366 END
START 369 370 370 369 370 370 368 367 367 368 367 366 373 374 374 374 373 373 END
START 351 352 352 351 351 350 335 336 335 336 335 335 333 333 332 333 333 332 END
START 341 343 343 343 343 343 351 351 350 351 351 350 348 348 347 348 347 347 END
START 353 354 354 353 354 353 352 352 352 352 352 351 351 351 352 352 351 350 END
START 354 356 356 355 355 354 357 356 357 357 357 356 360 360 361 361 360 359 END
START 351 353 353 353 353 353 354 354 355 355 354 353 348 348 347 348 347 346 END
START 344 344 345 344 344 344 341 340 341 341 340 339 345 346 346 346 345 344 END
START 354 355 355 354 355 355 367 367 368 368 367 367 383 383 383 383 382 381 END
START 381 382 382 382 382 382 385 386 385 385 385 384 383 383 383 382 382 381 END