START 354 355 353 354 355 355 357 355 356 356 357 356 357 358 358 358 357 359 END
START 330 330 331 330 329 329 304 304 304 304 304 303 296 294 296 295 295 295 END
START 297 297 298 297 298 298 308 308 308 309 308 307 311 311 311 311 311 310 END
START 322 324 324 324 323 324 325 325 326 326 325 324 335 334 335 335 335 334 END
START 338 339 339 338 338 338 340 341 339 341 340 340 349 349 348 349 349 348 END
START 345 346 347 346 346 346 356 356 356 356 355 354 352 352 352 351 351 351 END
START 354 355 356 355 356 356 361 359 360 360 359 358 357 356 357 357 356 356 END
START 356 357 357 356 356 355 359 357 359 359 359 358 373 372 373 373 372 372 END
START 376 377 378 377 377 377 389 388 388 389 388 387 392 391 391 391 390 390 END
START 389 390 390 389 389 389 385 386 386 385 385 384 384 383 383 383 383 382 END
START 385 386 387 385 386 386 383 383 384 383 383 382 385 385 386 385 385 385 END
START 379 379 380 379 379 379 384 384 385 384 384 384 384 384 384 383 383 382 END
START 376 377 377 377 377 377 374 375 374 374 373 373 373 373 373 373 373 372 END
START 377 378 379 378 378 377 371 371 371 371 371 370 373 373 372 373 372 372 END
START 368 369 368 368 369 368 374 373 374 374 373 373 371 370 370 371 370 370 END
START 369 369 370 370 370 370 369 369 368 369 368 368 369 369 368 369 368 368 END
START 371 372 372 372 371 372 368 368 367 367 367 366 363 364 363 363 363 362 END
START 352 353 353 353 353 352 356 356 355 356 355 355 351 351 351 351 350 350 END
START 352 353 353 353 353 353 359 358 358 358 357 357 352 351 353 352 352 351 END
START 355 356 357 356 356 356 355 355 356 356 355 355 360 360 361 361 360 360 END
START 358 359 359 358 359 358 364 364 364 364 363 363 367 367 366 367 366 365 END
START 359 359 360 359 359 360 359 359 359 359 358 357 357 358 357 357 356 356 END
START 353 354 354 354 354 354 359 358 359 359 358 357 378 378 379 380 379 378 END
START 409 410 410 409 409 409 430 429 431 431 430 430 437 437 437 437 437 436 END
START 429 427 428 428 428 427 413 412 412 413 411 411 405 405 405 406 405 404 END