START 386 386 385 385 385 384 384 384 383 383 383 383 378 378 378 377 376 377 END
START 372 373 374 372 373 374 370 370 370 370 369 369 367 367 367 367 367 367 END
START 369 370 370 369 370 370 356 356 356 356 355 355 354 354 355 354 354 354 END
START 346 347 347 346 347 347 359 359 360 361 361 361 353 353 353 353 353 352 END
START 363 364 364 363 365 366 395 396 396 396 395 395 413 413 412 413 413 412 END
START 436 436 436 434 435 435 438 439 438 439 438 438 434 435 435 438 439 439 END
START 428 428 427 426 427 428 440 441 441 442 442 442 416 417 416 416 416 415 END
START 434 434 435 435 436 437 427 428 428 428 428 427 415 415 415 416 415 415 END
START 426 425 425 423 424 424 420 421 421 421 422 421 436 437 437 438 438 438 END
START 423 422 422 420 420 420 432 432 433 433 433 433 421 422 421 423 424 424 END
START 402 401 401 400 400 400 394 394 394 395 395 395 397 397 397 397 396 395 END
START 400 399 400 399 400 400 392 392 391 391 391 390 395 396 395 396 396 396 END
START 402 402 403 401 402 402 393 393 393 394 394 394 399 399 398 399 398 398 END
START 392 392 393 393 395 396 393 394 394 394 394 393 397 398 397 397 397 397 END
START 406 407 408 407 408 408 399 400 400 401 401 401 417 418 418 419 419 419 END