START 358 359 357 357 359 358 359 357 359 358 359 359 358 358 359 359 357 359 END
START 357 358 359 358 358 358 361 360 361 361 360 360 359 358 359 359 358 357 END
START 364 365 365 364 364 364 361 361 360 360 360 359 363 361 363 363 362 362 END
START 362 363 363 362 363 362 366 367 366 366 366 366 365 366 365 366 365 364 END
START 363 364 365 364 364 364 368 368 368 368 367 366 364 364 364 364 364 363 END
START 370 370 371 370 370 370 366 366 365 365 365 364 366 367 366 367 366 365 END
START 369 370 369 369 370 369 367 368 367 368 367 367 366 366 365 365 364 364 END
START 354 355 356 355 356 355 349 350 350 350 349 349 347 346 345 346 345 344 END
START 349 350 351 350 350 350 358 358 358 358 358 357 369 369 370 370 369 368 END
START 378 378 379 378 378 378 383 383 383 384 383 383 386 386 385 385 385 384 END
START 379 380 380 379 380 379 381 381 381 380 380 379 382 382 382 382 381 380 END
START 378 379 380 378 379 379 375 375 375 374 374 374 375 375 376 376 375 375 END
START 373 374 374 373 374 373 374 374 374 375 374 374 375 375 374 375 374 374 END
START 369 370 371 370 370 370 369 369 368 369 368 368 357 356 355 356 355 355 END
START 350 351 352 351 351 350 350 351 350 350 350 348 353 352 352 353 352 352 END
START 353 355 355 354 354 354 357 356 357 357 357 356 363 362 363 363 363 362 END
START 352 353 353 352 353 352 365 364 364 365 364 364 362 363 362 362 362 361 END
START 366 367 367 366 367 366 366 367 366 366 365 364 366 367 366 367 366 366 END
START 369 370 371 370 370 369 366 366 365 366 365 364 368 368 367 368 367 366 END
START 358 359 360 359 359 359 361 362 361 362 361 360 366 366 366 366 366 365 END
START 382 383 383 383 384 383 403 403 403 404 403 402 415 415 415 415 415 415 END
START 414 414 415 414 414 413 390 391 391 392 391 390 384 384 384 385 383 384 END
START 378 377 378 377 377 377 381 380 381 381 380 380 377 377 377 377 376 376 END