START 354 354 353 353 354 353 354 353 354 354 353 354 353 353 353 353 352 352 END
START 355 356 357 357 357 356 359 358 359 360 359 358 356 356 357 357 356 355 END
START 363 364 365 364 364 364 360 360 360 361 360 359 366 365 367 367 366 366 END
START 355 356 356 355 356 355 353 353 352 353 353 352 358 358 357 358 357 356 END
START 358 359 359 359 359 360 365 365 365 365 364 364 362 362 362 362 361 361 END
START 367 368 369 368 368 368 353 353 353 354 353 353 345 346 345 345 345 344 END
START 333 334 335 334 334 333 327 325 327 327 326 326 326 326 327 326 326 325 END
START 320 321 322 321 321 320 347 347 346 348 347 346 367 367 366 367 367 366 END
START 401 402 403 402 403 402 418 418 417 417 416 416 427 428 427 428 428 427 END
START 436 434 435 434 435 434 430 430 430 431 430 429 427 427 426 427 426 425 END
START 421 420 421 420 421 420 426 425 424 426 425 424 418 419 417 418 417 416 END
START 417 416 417 416 417 416 416 417 416 416 415 414 410 409 410 411 409 408 END
START 407 406 407 406 407 406 389 389 389 390 389 389 377 377 377 377 376 375 END
START 368 366 367 367 367 366 371 372 372 371 371 370 372 371 371 371 370 370 END
START 370 371 371 370 371 370 370 369 369 370 369 369 369 369 369 370 369 369 END
START 366 366 367 367 367 366 363 364 363 364 363 363 368 368 368 369 368 367 END
START 364 365 365 364 365 364 368 368 367 368 367 367 371 371 370 371 370 369 END
START 368 369 370 369 370 369 363 363 363 363 361 361 363 363 362 364 363 362 END
START 375 376 377 376 376 376 382 382 382 383 383 382 409 409 408 409 408 408 END
START 421 422 423 422 422 422 442 442 442 441 441 440 439 439 439 439 438 437 END
START 433 432 433 433 433 432 432 432 432 431 430 429 424 423 422 424 422 422 END