START 351 352 352 351 352 351 352 352 352 352 352 353 353 354 354 355 354 355 END
START 355 356 356 355 356 356 367 367 367 367 367 366 364 365 365 365 365 364 END
START 353 353 354 352 353 352 370 371 371 369 369 368 367 367 367 366 365 365 END
START 390 390 391 389 389 389 369 369 369 369 369 368 355 356 356 355 355 354 END
START 360 360 360 359 359 360 361 362 362 362 362 362 383 383 383 384 384 384 END
START 399 400 401 400 401 402 421 421 421 421 421 420 407 408 407 407 407 406 END
START 432 431 431 429 430 431 416 416 416 417 417 417 434 434 434 434 434 433 END
START 429 429 428 427 427 428 418 418 417 419 419 418 423 424 424 426 426 425 END
START 425 425 425 424 425 425 427 427 427 427 426 425 400 401 402 402 402 402 END
START 412 411 411 410 411 411 394 394 394 394 393 392 406 406 407 406 406 405 END
START 411 411 411 410 411 412 403 403 402 403 402 402 403 403 403 404 404 403 END
START 402 401 401 399 400 400 402 403 403 404 404 403 416 416 416 415 414 412 END
START 404 404 405 404 405 405 401 402 401 401 400 399 393 393 392 391 390 389 END
START 404 403 403 401 402 402 399 400 400 401 401 400 402 403 405 408 410 411 END
START 393 392 393 392 393 393 411 411 411 411 410 409 411 411 410 409 408 407 END