START 365 365 364 364 364 365 364 364 364 365 365 364 363 363 364 363 362 363 END
START 363 363 365 364 364 363 361 361 361 361 360 360 360 361 360 361 360 360 END
START 361 362 362 362 362 362 356 357 356 357 356 355 361 361 361 361 360 360 END
START 358 360 359 359 360 359 368 368 368 368 367 367 366 367 366 367 365 365 END
START 361 361 362 361 362 361 364 364 363 363 363 362 361 362 361 361 361 360 END
START 365 366 367 366 366 366 358 359 359 359 358 358 361 361 360 361 360 359 END
START 354 356 356 355 355 354 351 350 351 351 350 350 341 341 340 341 339 339 END
START 331 332 333 332 332 332 333 332 333 333 332 332 334 334 333 335 334 333 END
START 341 342 343 342 342 342 354 354 354 355 354 353 371 371 370 372 371 370 END
START 394 394 395 394 395 393 407 407 407 408 407 407 412 412 411 411 411 411 END
START 409 410 411 410 411 411 401 401 401 402 400 399 392 391 392 393 392 391 END
START 397 395 396 395 396 396 392 392 392 392 391 390 388 387 388 388 388 387 END
START 385 386 386 385 386 385 384 384 384 385 384 384 384 384 384 384 383 383 END
START 378 379 379 379 379 379 383 383 382 382 381 381 380 379 380 379 378 378 END
START 375 377 377 377 377 376 356 356 356 356 355 355 353 353 352 353 353 352 END
START 338 339 340 339 339 339 343 342 343 343 342 342 347 346 346 346 345 346 END
START 346 346 346 346 346 346 347 347 347 348 346 346 346 346 346 347 345 345 END
START 350 351 352 351 351 350 349 349 349 349 348 347 352 352 353 353 352 352 END
START 356 358 358 357 357 356 354 355 355 356 355 354 349 348 349 349 348 348 END
START 339 340 340 339 340 339 331 331 331 332 330 330 325 325 325 325 324 323 END
START 321 322 323 322 322 322 317 316 315 317 316 315 334 335 333 335 334 333 END
START 351 352 352 352 352 351 355 354 355 356 355 355 368 368 367 369 368 367 END
START 362 363 364 363 363 362 358 356 358 357 357 356 347 347 347 347 346 346 END