START 365 366 365 365 365 365 366 365 366 366 366 366 367 367 368 368 367 368 END
START 365 366 367 366 367 366 368 369 369 369 368 368 372 372 371 372 371 370 END
START 367 368 369 367 368 367 371 372 371 372 371 371 369 368 368 369 368 367 END
START 369 370 370 370 370 370 363 363 362 363 362 362 362 362 362 362 362 361 END
START 369 370 371 369 370 368 368 367 367 368 367 367 369 369 369 369 368 368 END
START 356 357 358 357 357 357 362 362 362 362 361 361 353 353 353 353 353 352 END
START 346 347 348 347 347 347 346 347 346 346 346 345 349 349 350 350 349 349 END
START 365 366 366 365 366 365 378 378 379 379 378 378 396 397 397 397 397 396 END
START 400 401 401 400 400 400 401 400 400 401 400 399 395 394 394 394 394 393 END
START 398 396 398 397 398 398 393 392 393 392 391 391 390 389 389 389 389 388 END
START 393 394 394 393 393 393 387 385 386 386 386 385 387 389 388 388 387 387 END
START 380 381 382 382 382 381 383 383 383 382 382 381 378 378 377 377 376 376 END
START 373 374 374 374 374 374 369 369 369 368 368 367 363 362 362 362 362 361 END
START 353 354 354 354 354 353 337 338 337 338 337 337 333 333 333 333 332 332 END
START 330 331 332 331 331 330 339 339 337 339 338 338 339 338 338 339 338 337 END
START 337 338 339 338 338 338 346 345 345 346 344 344 345 344 344 345 344 343 END
START 341 343 343 343 343 342 332 333 333 333 332 331 329 329 329 329 328 327 END
START 328 329 329 328 329 328 337 337 336 338 337 337 336 337 336 337 337 336 END
START 337 339 339 339 340 339 352 352 351 351 351 350 365 365 365 366 365 365 END
START 392 393 393 393 394 393 414 413 414 414 413 412 419 419 419 420 419 418 END
START 416 417 417 416 416 416 414 413 414 415 414 414 413 412 412 413 412 411 END
START 404 403 404 403 404 404 401 401 401 401 400 400 394 393 393 394 393 392 END