START 353 354 353 353 354 354 355 354 356 356 356 356 356 357 357 357 356 357 END
START 350 351 351 351 351 351 356 355 356 356 356 355 358 357 358 358 357 355 END
START 337 338 338 338 339 338 323 323 323 323 322 321 307 306 307 307 306 305 END
START 294 295 295 294 295 294 299 299 299 300 299 298 309 309 309 310 310 309 END
START 312 313 313 312 313 312 325 325 325 325 324 324 331 332 331 332 331 330 END
START 336 337 337 337 337 336 342 343 341 342 342 341 343 342 342 343 342 342 END
START 350 350 351 350 351 350 351 351 351 351 351 351 357 357 358 358 357 357 END
START 356 357 358 356 357 357 362 362 363 363 362 362 365 364 364 364 364 363 END
START 360 361 362 361 361 362 368 369 368 369 368 367 358 359 358 358 358 357 END
START 366 367 367 367 367 367 368 368 367 368 367 367 374 373 375 375 374 374 END
START 379 379 380 379 379 379 398 398 398 398 398 397 412 412 411 412 411 411 END
START 413 414 414 414 414 413 422 422 422 422 421 421 417 416 416 417 416 415 END
START 414 412 413 413 412 412 401 402 400 402 400 400 401 401 401 402 401 400 END
START 397 396 397 397 397 396 393 393 393 393 393 392 391 391 392 392 391 390 END
START 384 385 385 385 385 384 388 387 387 387 387 386 381 381 381 381 380 379 END
START 381 382 382 382 382 382 375 375 376 375 375 374 377 377 377 377 377 376 END
START 349 350 350 350 349 349 333 332 331 332 332 331 325 325 324 325 324 324 END
START 316 317 317 317 317 317 325 324 324 325 324 324 327 327 326 328 327 326 END
START 333 334 335 334 335 334 338 339 338 339 339 338 351 351 350 351 350 349 END
START 352 352 353 352 352 352 356 356 355 357 356 356 359 358 359 359 358 357 END
START 355 356 357 356 356 356 362 361 362 362 361 361 357 356 357 356 355 355 END
START 359 360 361 361 361 361 350 351 350 351 349 349 350 350 351 351 350 350 END
START 362 363 364 363 363 362 376 376 377 378 376 376 402 401 402 403 402 401 END
START 429 430 431 431 431 430 444 444 443 445 444 443 442 443 442 442 441 441 END
START 425 424 425 425 425 424 411 411 411 411 410 409 401 401 401 401 400 400 END