START 395 395 394 394 395 393 393 393 393 393 393 394 392 392 393 393 392 393 END
START 383 384 384 383 384 384 350 350 350 350 349 349 351 350 350 351 350 350 END
START 354 354 355 354 355 356 367 367 367 367 367 366 367 368 367 367 367 366 END
START 370 370 371 370 371 372 367 367 367 366 366 365 365 366 366 365 365 364 END
START 400 401 401 400 401 401 375 375 374 373 372 370 370 371 371 370 370 369 END
START 363 362 362 361 361 361 350 350 350 351 351 351 376 376 376 376 376 375 END
START 381 382 383 381 382 382 399 399 398 398 397 396 399 399 399 400 400 400 END
START 427 428 428 427 428 428 406 406 406 406 405 405 419 420 420 421 422 422 END
START 440 439 439 437 437 437 401 402 402 403 403 403 419 419 419 419 418 418 END
START 418 418 419 419 420 421 421 421 421 420 419 418 416 415 415 414 413 412 END
START 426 426 427 427 429 430 399 398 398 399 398 397 397 397 397 397 396 395 END
START 394 393 393 391 391 391 403 404 403 404 404 403 413 412 412 413 412 411 END
START 393 394 395 395 396 398 402 402 402 403 402 402 395 395 395 397 397 396 END
START 419 419 419 417 417 417 388 388 390 391 392 393 383 383 383 382 382 381 END
START 412 412 413 413 414 416 430 430 430 431 430 430 435 436 436 436 436 436 END