START 415 415 415 415 416 414 416 416 415 416 416 417 417 418 418 418 418 419 END
START 390 389 390 388 389 389 370 371 370 371 371 370 381 381 381 382 381 381 END
START 380 381 382 380 381 381 390 391 390 390 390 389 388 388 388 387 387 386 END
START 387 387 388 387 388 388 383 384 383 384 383 383 385 385 386 386 385 385 END
START 386 386 386 385 386 386 382 382 383 383 383 383 389 390 390 390 389 389 END
START 385 386 386 385 386 386 407 408 408 409 408 407 420 420 419 419 418 417 END
START 417 418 419 418 419 420 412 412 412 412 412 411 408 409 408 409 409 408 END
START 415 414 414 413 414 414 400 400 400 401 401 401 415 416 416 416 416 416 END
START 404 404 404 403 403 404 411 411 411 411 411 411 413 413 412 413 412 411 END
START 407 407 408 407 408 409 407 408 407 407 407 406 402 403 402 403 403 402 END
START 415 414 415 414 414 415 394 394 395 395 395 394 397 397 397 398 398 397 END
START 390 389 389 388 389 389 397 397 397 397 397 397 400 401 400 400 400 399 END
START 393 394 395 394 395 395 399 400 399 399 398 398 393 393 393 394 393 393 END
START 403 403 404 402 403 404 395 396 395 395 395 394 395 395 395 395 395 394 END
START 386 385 386 385 385 386 393 394 393 394 393 393 413 413 413 414 413 413 END
START 408 409 410 409 410 410 411 411 410 410 409 409 396 396 396 396 396 395 END