START 362 363 362 362 363 362 363 362 362 362 363 363 363 363 363 363 362 363 END
START 364 364 365 364 365 364 364 365 364 365 364 363 366 367 366 367 367 366 END
START 360 361 362 361 361 361 366 366 365 366 365 364 367 367 366 367 366 365 END
START 366 367 368 367 368 368 362 363 362 362 361 361 362 362 361 362 361 360 END
START 363 364 364 363 363 363 359 359 358 359 358 358 359 359 359 359 359 358 END
START 346 348 348 348 348 347 346 345 346 346 345 345 342 341 341 341 340 339 END
START 340 342 342 341 342 341 333 333 333 333 332 332 343 344 344 344 343 343 END
START 363 364 365 364 364 364 371 370 370 371 370 370 394 394 395 395 395 394 END
START 402 403 404 403 404 403 407 407 406 408 407 407 408 408 408 407 407 407 END
START 403 402 403 402 403 402 402 402 402 402 402 401 394 394 394 395 394 393 END
START 396 394 395 394 394 394 390 390 390 390 390 389 394 393 394 394 393 393 END
START 381 382 383 382 382 382 387 385 386 386 385 385 387 386 387 386 386 385 END
START 364 365 366 365 365 364 349 349 350 348 348 348 333 333 333 332 332 331 END
START 325 326 326 325 326 325 319 319 320 320 319 318 328 328 328 329 328 328 END
START 331 331 332 331 331 331 335 334 335 335 335 334 337 338 336 337 336 335 END
START 331 333 334 333 334 333 337 336 336 337 336 336 334 334 332 333 332 332 END
START 341 342 342 342 342 341 344 343 343 344 343 342 342 342 341 343 342 342 END
START 335 336 336 335 336 335 334 335 335 335 335 334 342 343 343 342 342 341 END
START 343 345 344 344 345 344 352 352 351 352 351 351 362 363 363 362 362 361 END
START 367 369 369 368 369 369 368 368 368 368 367 367 374 374 373 374 373 373 END
START 370 371 371 370 371 370 371 371 371 372 371 371 379 378 378 379 378 377 END