START 382 382 381 380 381 380 379 378 378 378 378 378 373 373 374 373 372 372 END
START 370 371 372 371 372 373 358 358 357 357 356 356 355 355 355 355 355 355 END
START 361 361 361 360 360 360 355 355 356 356 356 356 366 366 366 366 366 366 END
START 351 352 352 351 352 352 346 346 346 346 346 345 328 329 328 327 327 326 END
START 311 312 313 312 313 314 300 300 301 300 299 298 288 289 288 289 289 288 END
START 301 302 302 300 300 301 291 292 292 293 293 292 303 304 304 304 304 304 END
START 306 307 307 306 306 306 349 349 349 349 349 349 371 371 371 371 370 369 END
START 385 386 387 386 387 388 393 393 393 392 392 391 386 387 386 387 386 386 END
START 403 404 404 403 404 403 395 395 395 396 396 396 412 412 413 413 413 413 END
START 404 403 403 402 403 403 416 416 416 416 416 416 414 414 414 414 413 412 END
START 406 406 407 407 408 408 414 414 413 413 413 412 403 404 403 404 403 402 END
START 424 423 423 422 423 423 399 399 399 400 399 399 406 406 407 407 407 407 END
START 401 400 400 399 400 400 410 411 411 412 411 411 418 418 418 418 417 416 END
START 404 405 406 405 407 407 415 415 414 414 413 412 401 401 400 401 401 400 END
START 422 421 421 420 421 422 403 403 403 404 403 403 408 408 409 410 410 410 END
START 405 404 405 403 403 404 414 414 415 415 416 415 416 416 416 416 416 415 END
START 399 398 399 398 399 400 418 418 417 417 417 416 404 404 403 403 403 402 END
START 420 420 421 419 420 420 407 407 406 407 407 406 421 422 423 424 424 424 END
START 427 426 425 423 424 424 420 421 422 423 422 422 426 426 426 426 425 425 END
START 402 401 402 401 402 402 417 418 417 417 417 416 406 407 406 406 405 405 END
START 421 420 421 421 421 422 405 405 405 405 405 404 406 407 408 409 409 408 END