START 362 363 362 362 362 363 363 362 363 363 363 363 362 362 363 362 361 362 END
START 358 360 360 359 360 358 354 354 353 354 353 352 361 362 361 362 361 361 END
START 365 367 367 366 366 366 365 364 366 366 365 364 370 370 369 370 369 369 END
START 365 365 366 365 366 365 368 369 368 368 367 367 367 367 366 367 365 365 END
START 365 366 366 366 367 366 363 363 362 362 362 362 363 364 363 363 363 363 END
START 365 366 367 366 366 365 366 366 366 367 366 365 366 367 365 366 365 365 END
START 354 356 356 355 356 355 348 349 348 348 348 347 339 339 338 339 337 337 END
START 330 332 331 332 331 332 336 335 336 336 335 334 344 344 343 345 344 343 END
START 362 364 364 363 364 363 380 379 379 380 380 379 393 393 394 393 392 392 END
START 392 393 394 393 393 393 397 397 397 397 396 395 397 396 396 395 396 395 END
START 391 391 392 391 392 391 391 390 390 390 390 389 386 385 386 385 385 385 END
START 386 387 387 387 387 386 383 382 383 382 382 381 384 384 384 384 383 383 END
START 378 379 379 378 379 378 383 383 384 383 382 382 379 380 380 379 379 378 END
START 374 375 376 375 376 376 376 376 376 376 375 374 369 369 368 369 368 368 END
START 372 372 373 372 372 372 367 366 366 367 366 365 369 369 368 369 368 367 END
START 354 355 355 354 355 354 349 349 348 349 348 347 352 353 352 352 351 351 END
START 349 350 351 350 350 349 354 354 354 354 353 353 353 352 353 353 352 352 END
START 357 357 358 357 357 357 352 350 351 352 351 350 354 353 354 354 353 353 END
START 351 353 352 352 352 352 359 358 359 360 359 358 360 360 360 361 360 359 END
START 353 354 355 354 355 354 361 360 361 361 360 359 351 351 351 351 351 350 END
START 359 360 361 360 360 359 361 361 360 361 360 360 372 371 372 372 372 371 END
START 388 389 389 389 389 388 414 414 414 414 413 413 428 427 428 428 427 428 END
START 415 416 416 416 417 416 405 404 405 405 404 403 391 390 390 390 389 388 END
START 389 387 389 388 388 388 381 381 381 381 380 380 381 382 382 381 382 381 END