START 368 368 367 367 368 369 369 368 369 370 370 371 371 371 371 371 370 372 END
START 368 369 369 368 368 368 369 369 368 369 368 368 366 366 365 365 365 364 END
START 364 364 365 364 365 364 365 365 364 365 364 363 364 363 363 363 363 363 END
START 371 372 372 372 372 372 364 365 365 365 365 364 363 364 364 364 364 363 END
START 360 361 362 360 361 360 367 367 367 367 367 367 370 370 369 369 368 368 END
START 372 372 373 373 373 372 385 385 384 385 384 384 396 396 396 396 395 395 END
START 410 411 411 411 411 411 402 401 401 401 400 400 394 394 394 394 394 393 END
START 389 388 389 388 389 388 388 388 388 389 388 387 386 385 386 385 385 384 END
START 375 376 376 376 376 376 383 382 383 382 381 381 382 383 382 382 382 381 END
START 385 386 386 385 386 385 374 375 374 374 374 373 370 370 371 370 370 370 END
START 361 362 362 361 361 360 361 361 361 362 361 361 366 366 365 367 365 365 END
START 357 358 358 358 359 358 364 364 364 363 363 363 361 362 361 361 360 360 END
START 362 363 363 362 363 363 344 345 344 344 344 343 345 346 345 346 345 345 END
START 349 350 351 350 350 350 352 352 352 353 352 351 347 348 348 347 347 346 END
START 339 340 340 339 340 340 338 337 338 338 337 336 332 333 333 332 331 331 END