START 352 353 352 351 352 352 352 351 352 352 352 351 350 350 351 350 349 350 END
START 352 353 354 353 353 353 354 353 354 354 353 352 353 353 354 353 352 352 END
START 359 359 360 359 359 359 357 356 357 357 357 356 361 360 362 361 361 360 END
START 358 359 359 359 359 359 363 362 363 363 362 362 361 361 361 361 360 359 END
START 360 361 361 361 361 361 363 363 363 363 362 361 366 366 365 366 365 364 END
START 371 372 373 372 372 372 367 367 366 367 366 366 367 367 366 366 366 365 END
START 353 354 354 353 354 354 354 355 354 355 354 353 351 351 350 351 349 349 END
START 341 343 343 342 343 343 347 347 347 348 347 346 353 353 354 354 353 352 END
START 363 364 364 364 364 364 377 377 378 378 377 376 400 400 401 401 400 399 END
START 403 403 404 403 404 403 408 408 407 408 407 407 402 402 402 402 401 400 END
START 397 395 397 396 397 396 398 397 398 398 396 396 389 389 389 389 388 388 END
START 389 390 390 390 391 390 384 384 384 383 383 383 383 383 383 383 382 382 END
START 381 382 382 381 381 381 379 379 379 379 378 378 380 380 379 379 378 378 END
START 372 373 373 373 373 372 371 370 370 370 369 369 355 354 355 355 354 354 END
START 340 341 342 341 341 341 340 340 340 341 340 340 345 344 345 345 345 345 END
START 348 348 348 347 348 347 347 347 348 348 347 347 352 352 352 353 352 351 END
START 348 349 349 348 349 348 356 356 356 356 355 355 354 353 354 354 353 352 END
START 355 356 357 356 357 356 351 350 352 351 351 350 353 353 353 354 353 353 END
START 363 364 364 363 364 363 363 363 363 364 363 363 367 365 367 366 366 365 END
START 359 360 361 360 360 360 360 360 359 360 359 359 355 356 355 355 355 354 END
START 352 353 354 353 354 353 354 353 353 354 352 352 354 353 353 354 353 352 END
START 356 356 356 355 356 356 352 351 352 352 352 352 351 350 351 351 351 350 END
START 343 344 345 343 344 344 350 349 350 350 350 349 345 345 345 346 345 344 END
START 348 349 349 349 350 349 343 343 344 344 343 342 348 349 349 349 348 348 END