START 348 349 348 347 349 348 348 347 348 348 348 348 347 347 347 347 345 347 END
START 349 350 351 350 350 350 351 350 351 350 349 349 353 354 355 355 353 353 END
START 354 355 355 354 354 354 359 359 359 359 359 358 360 359 360 360 359 359 END
START 355 356 357 357 357 357 364 363 364 364 364 363 365 363 364 364 363 363 END
START 358 359 359 359 360 359 361 361 360 360 360 360 364 364 364 364 364 363 END
START 364 365 365 365 365 364 364 364 364 364 363 363 364 365 364 364 364 364 END
START 360 361 361 361 361 361 370 371 370 371 370 370 375 375 374 375 373 373 END
START 382 384 384 383 384 383 389 389 389 389 388 388 393 392 392 393 392 392 END
START 393 394 395 394 394 394 386 386 386 385 385 385 387 386 387 387 386 386 END
START 381 382 381 381 382 381 385 385 386 385 385 384 380 380 380 378 378 378 END
START 375 376 377 376 377 376 377 377 377 376 376 375 372 371 372 372 372 371 END
START 374 376 376 375 376 375 371 371 370 371 371 370 373 373 372 373 372 372 END
START 367 368 368 367 367 366 371 370 370 371 370 370 370 370 369 370 369 368 END
START 365 367 367 366 367 367 358 357 357 357 356 356 341 342 341 342 341 340 END
START 332 333 334 333 333 333 327 326 327 327 326 326 337 337 338 337 337 336 END
START 336 337 338 336 337 336 340 341 340 341 340 339 346 345 345 346 345 345 END
START 344 345 346 345 346 344 350 349 350 350 349 348 347 347 348 348 347 345 END
START 352 354 353 353 353 352 351 351 351 351 351 350 357 357 358 358 357 356 END
START 352 352 353 352 352 352 353 352 353 353 352 351 344 344 345 344 343 343 END
START 341 343 343 343 343 342 344 344 344 345 343 342 346 347 347 347 346 345 END
START 353 354 354 354 354 354 365 365 365 365 364 364 388 388 389 389 388 388 END
START 416 417 418 417 417 417 429 430 429 430 429 428 423 424 424 423 422 422 END
START 407 406 408 407 407 406 403 404 403 403 403 402 397 398 397 398 396 396 END