START 348 349 347 348 349 349 350 348 350 350 350 350 351 351 352 351 351 352 END
START 343 345 345 344 345 344 349 349 349 350 349 348 352 352 352 352 351 351 END
START 354 355 355 355 355 355 353 353 354 353 352 352 354 353 355 355 354 353 END
START 357 357 358 357 357 357 357 356 357 357 356 356 360 360 360 361 360 359 END
START 358 359 359 359 359 358 356 355 356 356 356 355 351 352 351 351 351 351 END
START 348 349 349 349 349 350 346 345 346 346 345 345 344 343 344 344 344 343 END
START 352 352 353 352 352 351 349 349 350 350 349 349 358 358 359 359 357 357 END
START 361 362 362 361 362 361 380 380 381 381 380 379 387 386 387 387 387 386 END
START 397 398 399 399 399 399 408 408 408 407 407 406 407 407 407 407 407 406 END
START 404 405 405 405 405 404 391 391 391 392 391 390 388 388 388 389 388 387 END
START 384 382 383 382 383 382 386 385 385 385 385 384 383 383 384 383 382 382 END
START 378 379 380 379 380 379 379 379 379 378 378 377 374 373 373 373 373 372 END
START 378 379 380 378 379 379 361 360 360 361 360 360 352 352 352 353 352 352 END
START 351 352 352 352 352 351 356 357 356 357 356 355 359 358 359 359 358 358 END
START 355 357 357 356 357 356 360 359 360 360 359 359 355 355 355 355 354 354 END
START 365 366 367 366 366 366 365 363 364 364 363 363 358 357 359 359 358 358 END
START 355 357 356 355 356 355 348 348 348 349 348 348 352 351 351 351 351 351 END
START 348 350 350 349 350 350 357 357 358 358 356 356 354 353 354 354 353 352 END
START 360 362 362 361 361 361 357 356 357 357 356 356 358 358 359 359 359 359 END
START 359 359 359 359 359 358 361 361 362 362 361 361 360 360 360 360 359 358 END
START 352 353 354 353 354 353 359 359 358 358 358 356 350 349 350 350 349 348 END
START 346 347 348 347 348 347 345 345 346 345 345 344 349 349 349 349 348 348 END
START 351 352 353 351 351 350 358 359 359 359 359 358 355 355 356 356 355 355 END
START 357 358 359 358 359 358 368 368 369 368 368 367 368 368 368 368 367 366 END