START 365 365 365 364 365 364 365 364 365 365 365 365 365 365 365 365 365 365 END
START 349 350 350 349 350 350 362 363 363 363 363 362 365 366 366 365 365 365 END
START 364 365 366 364 365 366 373 374 374 374 374 373 371 372 372 372 371 371 END
START 375 375 376 374 375 376 371 372 371 372 372 372 372 373 372 372 372 371 END
START 367 367 368 366 366 366 374 375 374 375 374 374 372 372 372 372 372 371 END
START 368 369 369 369 369 370 391 391 390 391 390 389 402 402 401 402 401 401 END
START 419 420 421 419 420 421 414 414 414 414 413 413 414 415 415 415 415 414 END
START 409 408 409 408 408 409 410 411 411 412 412 411 410 410 410 411 410 410 END
START 408 408 408 408 409 409 417 417 416 417 416 416 405 405 405 405 405 404 END
START 414 413 414 413 414 414 410 410 410 410 410 410 410 410 411 411 411 411 END
START 415 415 415 413 414 414 407 407 407 408 408 408 417 417 417 417 417 417 END
START 411 410 411 410 411 411 407 408 408 407 406 405 396 396 395 396 396 395 END
START 394 394 394 394 394 395 392 392 392 392 391 391 393 394 394 394 394 394 END
START 404 404 405 404 405 405 388 388 388 389 388 387 381 381 381 381 380 380 END
START 364 364 364 363 364 365 370 370 370 369 368 367 357 358 358 357 357 356 END
START 364 365 365 364 365 365 353 354 353 353 353 353 367 368 367 368 368 367 END
START 402 402 403 402 403 403 412 413 413 414 414 414 414 415 415 415 415 415 END
START 405 404 405 403 404 405 421 421 421 422 422 421 411 411 411 411 410 410 END