START 360 360 359 358 359 359 359 358 359 359 359 359 358 359 359 359 358 359 END
START 366 367 368 367 367 367 364 364 364 365 364 363 367 366 367 367 367 366 END
START 365 366 367 366 367 366 374 375 374 375 374 373 372 373 372 372 372 371 END
START 372 373 374 373 374 373 375 374 373 374 373 372 374 374 373 374 373 373 END
START 378 379 379 378 379 378 373 373 372 374 373 373 371 371 371 372 371 370 END
START 369 370 371 371 371 370 369 368 368 369 368 368 372 372 371 372 371 371 END
START 378 379 380 380 380 380 385 386 384 385 384 384 387 386 385 386 385 385 END
START 393 394 394 393 394 393 389 390 390 389 389 388 392 392 392 392 392 392 END
START 387 388 388 387 387 388 391 391 392 391 391 390 392 391 392 392 391 391 END
START 387 388 388 388 389 388 390 389 390 389 389 388 385 384 385 384 384 384 END
START 388 389 390 389 389 389 381 381 382 380 380 380 388 388 388 388 387 387 END
START 383 384 384 383 384 383 384 384 384 383 383 383 384 384 384 384 383 382 END
START 368 369 370 369 370 369 373 373 373 372 372 371 369 370 370 369 369 368 END
START 376 377 378 377 378 377 376 375 375 376 375 375 376 376 376 377 375 375 END
START 375 376 376 375 376 374 377 376 376 376 376 375 377 376 375 377 376 375 END
START 371 372 373 372 372 373 370 370 369 370 369 369 361 360 359 361 360 359 END
START 357 359 359 358 358 358 351 352 351 351 350 350 356 357 356 357 357 356 END
START 360 361 362 360 361 361 384 383 385 385 384 384 410 408 410 410 409 409 END
START 409 410 411 410 410 410 410 410 410 408 408 407 400 400 401 400 399 399 END
START 405 404 405 404 405 404 396 396 396 397 395 395 395 394 395 394 395 394 END