START 356 358 356 356 357 357 358 358 358 359 359 359 359 360 360 360 359 360 END
START 357 358 358 358 358 357 359 358 359 359 358 357 359 360 360 360 359 358 END
START 360 361 362 361 362 361 360 359 360 360 359 359 360 359 360 361 359 359 END
START 365 366 366 365 366 365 361 360 361 361 360 360 364 363 365 364 364 363 END
START 362 363 364 363 363 362 365 365 365 366 364 364 370 370 369 370 369 369 END
START 363 364 364 363 365 364 362 363 362 363 362 361 363 363 362 363 362 361 END
START 358 359 359 358 358 358 349 349 348 349 348 348 354 355 354 355 354 353 END
START 354 356 356 355 356 355 363 364 364 363 363 362 371 370 371 371 370 370 END
START 372 373 374 373 374 374 376 377 376 377 376 375 378 378 377 378 378 377 END
START 382 383 384 383 383 383 383 382 382 382 382 381 382 381 381 382 382 381 END
START 385 387 387 386 387 385 384 384 385 384 383 383 387 387 388 387 386 386 END
START 381 382 382 382 382 382 387 387 387 387 386 385 382 382 382 381 381 381 END
START 381 382 383 382 383 382 381 381 381 381 380 379 373 373 373 372 372 371 END
START 373 375 375 374 374 373 369 369 369 369 369 369 371 371 371 371 371 370 END
START 366 367 368 367 367 367 371 371 371 371 370 370 369 368 368 368 368 367 END
START 371 372 373 372 373 372 372 371 370 371 370 370 371 372 371 372 371 371 END
START 373 374 374 373 373 373 374 373 373 374 373 373 375 375 374 376 375 374 END
START 372 373 373 372 373 372 369 368 368 369 368 367 358 357 357 358 357 356 END
START 348 349 349 349 349 349 340 340 339 339 339 338 332 332 332 332 332 331 END
START 334 335 336 335 335 335 343 343 342 344 344 343 367 366 366 367 366 366 END
START 398 399 400 399 399 399 423 423 423 423 422 422 427 427 426 427 426 425 END