START 400 401 400 399 400 399 398 397 398 398 398 398 395 395 395 395 394 394 END
START 392 393 393 392 393 393 385 385 385 385 384 384 384 384 384 385 384 384 END
START 384 384 385 383 384 384 385 385 386 386 386 386 388 388 388 388 387 387 END
START 382 382 383 382 383 384 389 390 390 389 388 388 380 381 380 380 379 379 END
START 388 389 390 389 390 391 373 373 373 373 372 372 371 371 371 372 372 371 END
START 376 376 377 375 375 376 388 389 388 389 389 389 404 404 404 404 404 403 END
START 399 399 400 399 400 400 405 405 405 405 404 404 397 397 397 397 396 395 END
START 402 402 403 402 403 403 395 395 396 395 395 394 396 396 396 397 397 396 END
START 402 401 401 400 401 400 401 401 401 402 402 402 413 413 412 413 412 412 END
START 403 402 403 402 403 403 413 413 414 414 413 412 407 408 407 407 407 406 END
START 408 408 408 407 409 409 403 403 403 403 402 402 402 402 402 403 402 402 END
START 406 405 406 405 405 406 399 400 400 401 401 400 412 412 412 412 412 411 END
START 390 389 390 389 389 390 396 397 396 396 396 395 386 386 386 386 385 384 END
START 385 385 386 385 386 386 387 387 387 387 386 386 385 385 385 385 385 385 END
START 393 394 394 393 394 394 388 388 389 389 388 388 394 394 394 394 394 394 END
START 385 386 386 385 386 386 397 398 397 397 397 396 389 389 389 389 388 388 END
START 388 388 389 388 389 389 392 392 391 392 391 391 394 394 394 394 394 393 END
START 408 409 409 408 408 408 401 401 400 401 401 401 404 404 404 404 404 404 END
START 402 401 401 400 401 401 409 410 410 411 411 410 408 408 408 408 407 406 END
START 415 414 415 414 415 416 412 412 412 412 412 410 404 405 405 405 404 404 END