START 363 364 363 363 364 364 365 364 365 365 365 366 366 366 367 367 365 367 END
START 362 363 363 362 363 362 363 363 362 363 362 362 357 357 357 357 356 356 END
START 352 352 353 352 352 352 358 359 358 359 358 357 355 355 355 355 354 354 END
START 356 357 358 357 357 356 353 352 353 353 352 352 357 357 358 358 357 357 END
START 356 357 357 357 357 356 361 361 361 361 361 360 362 361 362 362 361 360 END
START 350 350 351 350 351 350 353 354 353 353 352 352 353 354 353 354 353 352 END
START 357 358 358 358 358 357 350 349 349 349 348 348 351 350 351 352 351 351 END
START 361 362 362 362 362 361 366 367 367 367 367 366 389 389 389 389 389 388 END
START 399 400 400 400 401 400 413 414 413 413 412 412 415 415 415 415 414 414 END
START 406 404 405 405 405 404 396 395 395 396 395 395 393 392 392 393 392 391 END
START 391 389 390 389 390 389 384 383 384 384 384 384 391 389 390 390 389 389 END
START 376 377 377 377 377 377 381 381 381 381 380 380 374 374 374 373 373 372 END
START 373 374 375 374 374 374 374 373 373 372 372 372 367 366 366 366 366 365 END
START 361 362 363 361 362 360 355 354 354 355 354 354 346 347 346 347 346 346 END
START 327 328 329 328 328 328 329 328 329 329 329 328 327 327 327 327 326 326 END
START 330 331 331 331 332 331 333 333 332 334 333 332 335 335 334 335 335 334 END
START 339 341 341 340 340 340 339 339 338 340 339 339 346 346 345 347 346 345 END
START 346 347 348 347 347 346 350 350 350 351 349 349 347 347 347 347 346 345 END
START 349 350 351 350 351 350 348 348 348 348 347 346 347 346 347 347 346 346 END
START 352 353 354 352 352 352 347 347 348 348 347 346 351 351 351 351 350 350 END
START 356 357 357 357 357 356 367 367 368 367 367 366 367 367 367 368 367 366 END
START 365 366 366 366 367 366 372 373 372 372 372 371 371 371 370 371 370 370 END