START 353 354 353 352 353 353 353 352 353 353 353 353 353 353 354 354 353 354 END
START 357 358 358 357 358 357 358 356 358 358 357 356 361 361 361 362 361 360 END
START 360 361 362 361 361 360 365 365 365 365 364 364 365 365 364 365 364 363 END
START 363 364 365 363 364 364 363 364 362 363 362 362 364 364 363 364 363 363 END
START 366 367 367 366 366 366 367 367 367 367 367 366 370 371 370 371 370 370 END
START 369 371 371 370 371 370 367 367 366 367 366 365 365 365 365 366 365 364 END
START 374 376 376 376 376 376 371 372 371 372 371 370 364 364 363 364 363 363 END
START 351 352 353 352 352 351 333 332 331 333 332 331 338 338 338 338 337 337 END
START 355 356 357 356 356 356 367 367 366 368 367 366 370 369 368 370 369 369 END
START 386 387 388 387 387 387 393 393 392 392 391 391 388 388 387 388 387 387 END
START 384 385 386 385 385 384 387 387 388 388 388 388 394 394 394 393 393 393 END
START 386 387 387 387 387 386 391 391 391 391 390 390 389 388 389 388 387 387 END
START 385 386 386 386 386 385 385 384 385 384 384 383 383 383 383 382 382 382 END
START 381 383 383 383 382 382 376 377 376 376 376 375 383 383 383 383 382 381 END
START 357 358 359 358 358 358 350 350 350 350 350 350 355 355 355 355 354 354 END
START 357 358 358 358 358 358 355 354 355 355 354 354 355 354 355 355 354 354 END
START 359 360 360 359 360 359 358 358 358 358 358 357 361 361 361 361 360 360 END
START 359 360 360 359 360 359 361 361 362 362 361 361 363 364 363 363 362 362 END
START 363 364 364 364 364 364 363 363 363 363 362 362 355 355 355 355 354 353 END
START 363 364 364 364 363 363 349 350 349 350 349 349 346 345 346 345 345 344 END
START 338 338 340 339 338 338 340 340 341 340 340 339 349 348 349 349 348 347 END
START 361 362 363 362 363 363 384 385 385 385 384 384 381 381 382 381 381 380 END
START 382 384 384 383 383 383 373 373 373 372 371 372 374 374 374 374 373 373 END