START 348 349 347 347 348 347 348 347 348 347 347 348 347 347 348 347 346 347 END
START 350 352 352 351 351 351 352 352 353 353 352 351 355 355 356 356 355 355 END
START 358 358 359 358 358 358 360 359 360 360 359 359 365 364 366 366 365 364 END
START 358 359 360 359 359 359 366 365 366 366 365 364 362 363 362 362 362 361 END
START 372 373 373 373 373 372 367 368 367 367 367 366 365 365 364 365 364 364 END
START 369 370 370 369 370 369 369 370 370 370 369 369 371 371 371 372 371 371 END
START 367 368 368 368 368 367 381 381 380 381 380 380 385 384 383 384 384 383 END
START 385 386 387 386 387 386 393 393 393 393 392 392 399 399 399 399 399 398 END
START 402 403 403 403 403 402 410 410 410 410 410 409 410 409 410 409 409 409 END
START 407 406 407 407 407 406 412 411 411 412 411 411 410 411 411 411 409 409 END
START 411 410 411 411 412 411 409 408 409 409 408 407 402 402 402 403 402 401 END
START 399 397 398 398 398 397 395 395 396 396 395 395 398 398 398 399 398 397 END
START 371 371 372 371 371 370 347 346 347 347 346 346 333 332 332 331 330 330 END
START 329 329 330 330 330 330 334 334 335 335 334 333 334 334 333 335 334 333 END
START 343 345 345 344 344 344 335 335 335 336 335 334 340 339 339 340 339 339 END
START 339 340 341 339 339 339 339 340 338 341 340 339 337 337 336 338 337 336 END
START 335 336 337 337 337 336 338 339 339 339 338 337 334 333 333 334 333 333 END
START 337 337 338 337 337 337 330 329 329 330 329 329 327 326 326 328 327 327 END
START 316 317 317 316 317 316 326 326 326 327 326 325 327 327 326 327 326 325 END
START 330 331 332 331 331 331 335 335 334 335 334 334 353 354 353 354 353 353 END
START 371 373 373 373 373 372 393 392 392 393 392 392 416 415 416 416 415 415 END