START 401 402 401 401 402 401 402 401 401 402 401 402 399 399 399 398 398 398 END
START 381 381 382 381 382 383 388 388 388 388 387 386 371 371 371 371 371 370 END
START 363 363 363 362 362 362 330 330 331 331 330 330 335 336 335 336 336 336 END
START 338 338 339 337 338 338 371 371 371 373 373 372 402 403 402 402 402 401 END
START 404 405 406 405 407 407 423 423 422 421 421 420 403 403 403 403 403 401 END
START 428 427 428 427 428 428 407 408 407 407 407 406 413 414 415 416 416 416 END
START 416 415 415 413 413 413 419 420 420 422 422 421 427 428 428 428 428 427 END
START 406 406 406 405 406 408 427 428 428 427 427 426 411 411 411 410 410 409 END
START 428 428 428 427 428 428 399 400 400 399 399 398 399 400 400 401 401 400 END
START 398 397 397 395 395 396 391 391 391 392 392 392 407 407 407 407 407 406 END
START 393 394 395 393 394 395 412 412 412 412 412 411 397 397 397 397 396 395 END
START 409 409 410 409 410 410 395 395 395 395 395 394 396 397 396 397 397 397 END
START 406 405 405 403 403 403 399 400 399 401 400 400 407 407 407 408 407 406 END
START 391 391 391 390 391 392 392 393 393 393 393 392 380 380 380 380 380 378 END
START 392 393 393 392 393 394 385 386 385 385 384 384 392 393 393 394 393 393 END
START 418 418 419 417 417 417 416 417 417 418 418 418 436 436 436 437 437 437 END
START 411 411 411 410 411 411 432 432 432 433 433 432 426 427 425 425 424 423 END
START 424 423 424 424 425 426 419 419 418 418 417 416 409 409 409 410 410 409 END
START 431 430 431 429 430 430 439 440 440 441 440 440 464 464 464 465 466 465 END