START 378 379 377 378 379 378 380 379 380 380 381 381 381 381 382 382 380 382 END
START 377 378 378 377 377 377 380 380 380 380 379 378 380 380 381 379 379 378 END
START 372 372 373 372 372 372 355 355 354 355 354 353 342 341 341 342 341 340 END
START 349 350 350 350 350 350 349 348 349 349 348 348 354 355 355 355 355 354 END
START 352 353 353 352 353 352 362 362 363 363 361 361 365 364 366 366 364 364 END
START 362 364 364 364 364 363 360 361 360 361 360 359 352 353 352 353 352 351 END
START 347 348 348 347 347 347 339 340 339 340 339 339 345 345 345 346 345 344 END
START 351 352 352 351 352 351 360 360 359 361 360 360 369 369 369 369 368 368 END
START 385 386 387 387 387 386 402 403 402 403 401 401 401 402 401 401 400 400 END
START 410 410 411 410 411 410 401 401 401 402 401 400 405 405 405 405 404 404 END
START 402 401 402 401 401 401 405 405 405 406 405 404 406 406 406 406 406 405 END
START 397 396 397 397 397 396 405 405 405 405 404 403 398 397 397 398 397 396 END
START 402 403 403 402 403 402 394 394 394 394 393 393 389 389 389 389 389 389 END
START 391 389 390 389 389 389 390 390 390 390 390 389 393 393 393 393 392 392 END
START 386 387 388 387 387 387 391 390 391 390 389 389 385 384 384 384 384 383 END
START 391 392 393 392 393 393 394 394 394 394 392 392 391 392 392 391 391 391 END
START 389 390 391 390 391 390 391 390 391 391 391 390 393 392 393 393 392 392 END
START 376 377 378 377 378 377 379 378 379 378 378 377 367 366 366 366 365 365 END
START 364 365 366 365 365 365 360 359 359 359 359 358 362 363 362 363 362 362 END
START 368 370 370 369 370 369 379 378 379 380 379 379 385 385 385 385 384 384 END
START 376 377 378 377 377 377 382 381 381 381 380 380 376 376 376 375 375 374 END
START 372 374 374 373 374 374 372 372 372 371 370 370 369 369 369 370 369 369 END