START 405 406 405 405 405 404 403 402 402 402 402 402 399 399 399 399 398 399 END
START 404 403 404 402 403 403 390 390 390 391 390 389 396 396 396 397 397 396 END
START 398 397 398 397 398 398 394 394 394 395 395 394 399 400 399 399 399 398 END
START 393 394 395 394 395 395 399 399 399 399 398 397 397 397 397 397 396 396 END
START 397 397 398 397 398 398 382 382 382 382 381 381 385 385 384 385 385 385 END
START 383 383 384 382 383 384 392 392 392 392 391 390 387 388 388 387 387 386 END
START 381 382 382 381 381 382 401 402 401 402 401 401 401 401 401 401 400 400 END
START 414 415 415 414 415 416 413 414 413 413 413 412 417 418 418 419 419 418 END
START 424 423 423 422 422 423 424 425 425 426 426 426 422 423 423 423 423 423 END
START 414 413 413 412 413 413 418 419 419 419 419 419 419 419 418 418 418 417 END
START 420 419 420 419 420 421 418 418 417 417 417 416 413 414 413 414 414 413 END
START 423 422 422 420 421 421 420 420 420 421 421 420 423 423 423 424 423 423 END
START 414 413 414 413 414 414 423 423 424 424 424 423 419 420 420 420 419 419 END
START 411 411 411 410 411 412 408 408 408 407 407 406 405 405 405 405 405 404 END
START 411 410 410 409 410 410 403 403 403 404 403 403 407 408 408 408 408 407 END
START 400 400 400 399 399 400 398 398 399 399 399 398 385 386 385 386 385 384 END
START 377 378 379 378 379 380 377 377 377 377 377 376 386 387 387 387 386 386 END
START 391 392 392 391 391 392 393 393 392 393 393 392 398 398 399 399 398 398 END
START 390 391 391 390 390 391 402 402 402 403 402 402 401 401 400 400 400 399 END
START 391 391 392 391 392 392 394 394 395 395 394 393 392 393 393 393 393 392 END
START 398 399 399 398 398 399 391 392 391 392 391 391 401 402 402 402 402 401 END
START 398 398 398 397 398 398 399 400 399 400 399 399 404 404 404 404 403 402 END