START 358 358 357 357 358 356 356 355 355 355 355 356 354 355 355 355 354 355 END
START 364 365 365 364 364 364 363 363 363 363 363 362 363 363 363 364 364 363 END
START 362 363 363 362 363 363 368 369 369 369 369 369 370 371 370 370 370 369 END
START 365 366 367 365 366 367 367 367 367 366 366 365 362 363 362 362 362 362 END
START 376 377 377 376 377 378 368 369 369 369 369 368 388 389 389 389 389 388 END
START 412 412 412 411 412 412 419 420 420 421 421 421 423 424 424 423 422 422 END
START 413 413 414 413 415 415 417 417 417 417 417 416 410 411 411 411 411 410 END
START 414 413 413 413 414 414 409 410 409 410 410 409 405 405 405 406 406 405 END
START 406 405 405 403 404 404 410 411 411 412 412 411 422 423 423 424 423 423 END
START 405 405 405 405 406 406 421 421 421 421 420 419 413 414 413 413 413 412 END
START 416 415 416 415 416 416 407 407 408 408 407 407 405 405 405 407 407 406 END
START 410 409 409 407 408 408 400 401 401 402 402 401 401 402 402 402 401 401 END
START 388 387 388 387 388 388 400 401 401 401 401 400 395 395 395 395 394 393 END
START 402 402 403 401 402 402 403 403 403 403 403 402 388 388 388 388 388 387 END
START 372 371 371 370 371 371 373 374 374 375 375 374 379 380 380 379 379 378 END
START 387 388 389 388 389 390 394 394 393 394 393 393 393 394 393 394 393 393 END
START 396 396 397 396 397 397 394 394 394 393 393 392 398 398 398 398 398 398 END
START 397 398 398 397 398 398 396 397 397 397 397 397 403 403 403 403 403 402 END
START 398 398 399 397 398 399 408 408 408 408 408 407 405 405 405 405 404 403 END