START 385 386 384 384 386 384 385 384 385 385 385 385 385 385 386 385 384 385 END
START 384 384 385 384 384 384 379 379 379 378 377 376 359 359 359 359 358 357 END
START 337 338 338 337 338 338 343 342 342 342 341 341 339 338 340 339 339 338 END
START 343 343 344 343 344 344 342 342 343 342 341 341 342 341 341 342 341 341 END
START 346 347 347 347 347 346 351 352 352 352 351 351 359 360 359 359 360 358 END
START 374 375 375 375 375 375 391 390 391 391 390 390 396 396 395 396 395 394 END
START 391 392 392 392 392 391 388 387 388 387 387 386 378 377 378 377 377 377 END
START 377 378 379 377 378 377 369 369 369 369 368 368 371 371 371 371 371 371 END
START 367 368 368 367 367 367 373 374 372 373 373 372 369 369 368 369 368 368 END
START 366 367 368 367 367 367 369 368 368 368 368 367 366 367 366 366 365 365 END
START 365 366 366 365 366 365 360 361 360 360 360 359 362 363 362 363 361 361 END
START 358 358 359 358 358 358 353 354 353 353 353 353 349 350 349 350 349 348 END
START 337 338 339 338 339 338 341 339 340 340 339 339 337 337 337 337 336 336 END
START 341 342 342 342 343 342 343 342 342 343 342 341 346 346 345 347 346 346 END
START 348 349 349 348 349 348 352 351 352 352 351 351 355 355 355 355 355 353 END
START 345 346 346 346 346 346 359 358 359 359 359 358 356 355 356 356 355 355 END
START 354 355 355 355 355 355 354 353 354 354 353 353 359 359 360 360 359 359 END
START 361 362 362 362 362 361 368 368 369 369 368 368 382 381 382 382 381 380 END
START 375 377 376 376 377 376 380 380 379 380 379 378 369 369 369 368 368 367 END