START 369 370 368 368 370 369 370 368 369 370 369 369 366 366 366 366 364 365 END
START 375 376 376 376 376 375 379 379 379 379 378 377 380 380 379 380 380 379 END
START 372 373 373 372 373 372 380 380 379 380 380 379 378 377 378 377 376 375 END
START 376 377 376 376 377 376 374 375 375 374 374 374 371 371 370 371 370 370 END
START 373 374 374 373 374 373 369 369 369 369 369 368 368 368 368 369 368 369 END
START 367 368 369 368 368 368 361 361 361 361 360 359 353 354 354 355 355 354 END
START 341 342 342 342 343 341 334 334 333 333 332 332 328 327 327 327 326 325 END
START 338 339 339 338 338 338 341 341 340 342 342 341 354 355 354 355 354 354 END
START 384 385 385 384 385 384 403 403 404 404 403 403 424 423 423 423 422 421 END
START 419 420 421 420 421 420 415 415 415 415 414 413 410 410 409 411 410 410 END
START 405 404 404 403 404 403 403 402 403 403 402 401 397 397 397 398 397 397 END
START 393 392 393 392 392 392 393 393 393 393 392 392 385 385 385 384 384 384 END
START 377 378 378 378 379 378 375 373 373 373 372 371 364 364 364 363 364 362 END
START 351 352 353 352 352 352 332 331 331 331 331 329 325 325 325 325 324 324 END
START 319 319 320 318 319 318 322 322 321 322 322 321 343 343 342 343 342 341 END
START 339 339 340 339 340 339 337 337 336 338 337 336 338 338 338 337 337 336 END
START 338 338 339 338 339 338 346 346 345 347 345 345 336 335 335 336 335 334 END
START 336 337 337 337 337 336 342 343 343 343 342 342 348 347 347 348 348 347 END
START 348 349 350 348 348 348 348 349 349 349 348 348 357 357 357 357 356 356 END
START 369 370 370 370 370 370 370 370 370 370 369 368 378 378 379 380 379 379 END
START 381 381 382 381 381 380 379 380 379 380 379 379 377 377 377 378 377 377 END