START 370 370 369 369 369 369 368 367 368 368 368 367 367 367 367 367 366 367 END
START 370 371 371 371 371 370 365 366 366 366 365 364 368 368 367 368 368 367 END
START 367 368 369 368 368 367 368 368 368 368 367 367 369 369 368 368 368 367 END
START 365 366 367 366 366 366 370 371 370 370 369 369 367 367 366 366 366 365 END
START 364 365 365 364 364 364 362 362 362 362 361 360 363 364 363 364 363 362 END
START 363 364 364 363 363 362 355 356 355 355 355 354 354 354 353 354 352 352 END
START 354 355 356 355 356 356 368 368 368 368 368 367 373 372 373 373 373 372 END
START 379 379 380 379 379 379 381 381 380 381 380 380 381 381 381 382 381 381 END
START 376 377 377 377 377 376 377 377 377 377 377 376 379 379 380 379 379 378 END
START 372 373 374 374 374 373 377 376 376 376 375 375 373 372 372 373 372 371 END
START 368 369 370 369 370 369 370 370 369 370 369 369 367 367 366 368 367 366 END
START 368 369 370 369 369 369 359 359 359 359 359 358 356 356 355 356 354 354 END
START 346 347 348 347 347 346 347 345 347 347 346 346 346 346 346 346 345 344 END
START 348 349 349 349 349 349 349 350 350 350 349 348 351 351 351 351 351 350 END
START 353 354 354 353 353 353 356 356 356 356 355 355 357 357 357 357 356 356 END
START 355 357 357 356 357 356 361 361 362 362 361 361 361 360 361 361 360 360 END
START 362 363 363 363 363 362 355 355 354 354 353 353 347 347 347 348 347 346 END
START 347 347 348 347 348 347 345 345 346 346 346 345 353 354 354 354 353 353 END
START 373 373 374 374 374 374 403 403 404 404 403 403 410 409 410 410 409 408 END
START 394 394 395 394 395 394 391 391 391 391 390 389 386 386 386 386 386 385 END