START 358 358 357 357 359 358 359 358 359 360 360 360 360 360 361 361 359 361 END
START 356 357 357 356 356 355 324 325 323 324 323 323 307 307 307 307 306 306 END
START 295 296 297 296 297 296 303 304 302 303 303 302 306 305 305 306 306 305 END
START 316 317 318 317 317 317 316 316 315 316 315 314 325 325 325 326 325 324 END
START 329 330 331 329 329 329 335 334 334 335 334 334 337 337 336 337 336 335 END
START 322 323 324 323 323 323 322 322 321 322 321 320 317 317 317 318 317 316 END
START 327 328 329 328 328 328 328 329 328 329 328 328 332 331 332 332 332 331 END
START 352 352 352 352 353 352 365 366 365 366 365 365 377 376 376 378 377 376 END
START 385 386 387 386 387 386 403 404 403 403 402 402 400 399 399 399 399 398 END
START 402 403 404 403 404 403 395 395 395 396 394 394 393 392 393 393 393 392 END
START 395 394 395 394 394 393 390 389 390 390 390 389 395 394 395 394 394 393 END
START 389 390 390 390 390 390 390 389 390 389 389 388 382 381 381 381 381 380 END
START 387 388 388 387 388 387 376 377 377 375 375 374 374 374 374 373 373 372 END
START 357 358 358 357 357 356 352 351 351 351 351 351 349 349 348 349 349 348 END
START 348 349 350 349 349 350 353 352 352 353 352 352 349 350 350 349 349 348 END
START 356 357 357 356 357 356 353 352 353 353 352 351 356 356 357 357 356 356 END
START 360 362 362 361 361 361 360 359 361 361 360 359 360 360 360 361 360 359 END
START 356 357 358 357 357 357 354 355 353 354 353 352 352 352 352 351 351 350 END
START 349 351 351 351 351 350 356 356 356 356 355 355 355 356 355 356 355 354 END
START 368 368 369 368 368 368 371 371 372 372 372 371 381 380 381 382 381 381 END
START 379 380 380 379 380 380 384 384 383 384 384 383 386 385 385 385 384 384 END