START 417 418 417 418 419 418 419 419 419 420 420 421 419 419 420 419 419 419 END
START 402 401 402 402 403 404 409 410 409 409 408 408 398 398 398 399 398 397 END
START 399 398 399 398 399 399 359 360 359 360 359 358 351 351 351 352 352 351 END
START 355 356 356 354 355 355 363 364 364 365 365 365 377 377 377 377 377 376 END
START 351 352 352 351 352 353 362 363 363 362 362 361 356 357 355 356 355 355 END
START 366 367 368 367 367 368 374 374 374 374 373 373 393 393 393 394 394 394 END
START 405 406 406 404 405 405 402 403 402 403 403 403 410 410 410 410 410 410 END
START 395 395 396 395 396 396 409 409 410 410 409 408 399 399 399 399 399 398 END
START 409 410 411 410 411 410 396 396 396 396 396 395 396 396 396 397 397 397 END
START 407 406 406 404 405 405 400 400 400 401 401 401 406 407 406 407 406 406 END
START 396 396 396 395 396 396 402 403 403 403 402 401 386 387 387 387 386 385 END
START 391 392 393 392 394 394 389 390 390 390 389 388 388 388 389 389 389 388 END
START 398 399 399 398 398 399 392 392 393 393 393 393 405 405 406 406 405 405 END
START 388 388 389 388 389 389 403 403 403 403 403 403 397 397 397 397 396 395 END
START 401 402 403 402 403 404 386 387 387 387 385 385 381 382 382 382 382 382 END
START 375 374 374 372 373 373 351 351 351 352 351 351 355 356 356 356 356 356 END
START 345 346 346 345 346 346 377 377 377 377 377 376 394 394 394 393 393 392 END
START 406 406 407 407 408 409 409 409 408 408 407 407 401 402 401 402 401 401 END
START 415 414 415 413 414 414 401 402 402 402 402 401 411 412 412 413 412 412 END