START 367 367 366 366 367 367 367 366 367 367 367 367 366 366 366 366 365 367 END
START 369 370 370 369 370 369 369 370 369 369 369 368 374 375 374 375 374 374 END
START 362 364 363 363 363 362 368 369 368 369 368 368 366 365 364 365 364 364 END
START 363 364 365 364 364 364 365 366 365 365 364 363 365 365 364 365 365 364 END
START 366 367 367 366 367 366 363 363 363 363 362 362 365 366 365 366 365 365 END
START 361 362 363 362 362 362 365 366 365 366 366 365 358 358 357 357 356 356 END
START 350 351 352 351 351 351 345 346 345 345 344 344 340 339 340 339 339 338 END
START 339 340 341 339 340 340 335 336 335 336 335 334 343 342 342 343 343 342 END
START 356 357 358 357 357 357 377 377 376 378 377 377 391 391 391 392 391 390 END
START 402 402 403 402 403 402 402 402 401 402 401 400 399 398 399 399 398 398 END
START 403 402 402 402 402 402 396 396 396 397 396 395 400 400 400 400 400 400 END
START 396 394 395 394 395 394 395 394 395 395 394 394 391 391 392 392 391 390 END
START 383 384 384 384 384 384 385 384 384 384 384 383 372 371 371 371 370 370 END
START 363 364 364 364 364 364 361 361 361 360 360 360 358 357 358 358 358 357 END
START 357 358 358 357 358 357 359 361 360 360 360 359 361 360 361 361 360 360 END
START 358 358 359 358 358 357 359 359 359 359 358 358 347 348 346 347 346 345 END
START 343 344 344 344 345 344 336 336 336 336 336 335 335 335 336 336 335 334 END
START 335 336 336 336 336 336 336 336 336 337 336 336 339 339 338 340 339 338 END
START 332 333 333 332 333 332 337 337 336 337 337 336 333 332 332 333 331 331 END
START 336 337 338 337 338 337 335 334 334 335 334 333 343 342 342 343 343 342 END
START 344 344 345 343 344 343 356 355 356 357 356 356 366 366 367 366 365 365 END
START 364 366 366 366 366 366 377 376 377 377 377 376 380 379 379 379 379 378 END
START 391 392 392 392 393 392 401 401 401 401 401 400 400 399 399 400 399 399 END
START 402 403 403 403 403 402 397 396 396 397 396 395 395 394 395 395 394 394 END