START 371 372 372 371 371 370 370 369 370 370 370 370 368 369 369 369 368 369 END
START 369 370 370 369 370 370 364 365 364 364 364 363 371 371 371 371 371 371 END
START 376 376 377 375 376 376 379 379 380 380 379 379 376 377 376 376 375 375 END
START 351 351 352 351 352 352 339 339 338 337 337 336 325 325 324 324 324 323 END
START 326 327 328 326 327 328 329 330 329 330 330 329 340 341 341 341 341 340 END
START 359 360 360 359 360 360 384 384 384 385 385 385 408 408 409 408 408 407 END
START 413 414 414 413 414 415 429 429 429 429 428 427 419 419 419 419 419 417 END
START 431 431 431 430 431 432 420 420 420 420 420 419 421 422 422 423 422 422 END
START 427 426 426 424 425 425 422 423 423 424 424 424 434 435 435 435 435 434 END
START 415 414 414 413 414 414 417 417 417 417 417 416 407 407 406 407 406 406 END
START 416 415 416 415 416 417 409 409 409 409 409 408 407 408 408 409 408 408 END
START 414 413 413 412 412 412 412 412 413 413 413 412 416 417 417 417 417 416 END
START 410 410 411 410 410 410 418 419 418 419 419 418 406 406 406 407 406 406 END
START 418 417 418 416 418 418 403 403 402 403 402 402 396 396 396 397 396 396 END
START 401 400 400 399 400 400 415 415 416 416 416 416 428 429 428 429 429 428 END