START 354 355 353 353 354 354 354 352 353 353 354 353 353 353 353 353 352 353 END
START 343 344 344 344 344 343 317 316 317 317 317 316 307 306 308 308 307 306 END
START 311 312 312 312 311 311 320 320 320 321 320 320 324 324 324 324 324 323 END
START 325 325 327 326 326 326 334 335 334 335 334 333 337 337 337 337 337 336 END
START 332 333 334 332 333 332 329 328 328 329 328 328 335 335 335 336 335 335 END
START 336 337 337 337 337 337 346 346 345 347 346 345 351 350 350 351 350 349 END
START 349 350 350 350 351 350 353 354 354 353 353 352 355 354 355 355 355 354 END
START 360 361 362 361 361 361 359 358 359 359 358 358 363 363 364 364 364 363 END
START 364 364 365 364 364 364 369 368 369 369 368 368 371 371 370 371 369 369 END
START 365 366 367 366 366 366 367 367 366 366 365 365 362 362 362 362 361 360 END
START 363 363 364 364 364 363 355 355 354 355 354 354 356 357 357 357 356 356 END
START 363 364 364 363 363 363 375 375 375 376 375 375 390 389 390 390 390 389 END
START 402 403 404 403 404 403 415 414 414 415 413 413 413 412 412 412 411 411 END
START 414 413 414 414 414 413 402 402 402 402 402 401 398 397 398 398 398 397 END
START 400 398 399 398 398 398 394 394 394 395 393 393 394 393 394 394 393 393 END
START 389 390 391 390 390 390 391 390 390 390 390 389 384 383 384 383 382 382 END
START 380 382 382 382 382 382 377 376 377 377 376 376 373 373 374 373 373 373 END
START 376 376 378 377 377 377 374 374 374 375 374 374 377 377 377 378 377 377 END
START 370 371 371 371 371 370 358 358 358 359 358 357 352 352 351 351 351 350 END
START 337 338 338 338 339 338 344 343 344 345 343 343 350 350 350 350 350 348 END
START 349 350 350 349 349 349 336 336 337 337 336 336 347 346 347 347 346 346 END
START 343 344 344 343 343 343 351 351 350 351 351 350 354 354 355 354 353 352 END
START 356 356 357 357 357 356 359 359 359 359 358 358 355 354 355 355 354 353 END
START 351 352 352 351 352 351 345 344 345 345 344 343 347 346 348 348 347 346 END
START 341 342 343 342 342 342 335 335 335 335 334 334 327 328 328 328 327 327 END
START 325 326 327 326 326 326 337 337 337 338 337 336 356 357 356 357 356 355 END
START 395 397 397 397 397 396 421 420 420 422 420 421 440 439 440 440 439 439 END
START 448 448 449 448 448 447 448 448 448 448 447 447 436 435 434 436 434 434 END
START 421 420 421 420 421 420 421 420 421 420 419 419 413 413 412 414 413 412 END
START 416 414 416 415 415 414 401 400 400 401 400 399 395 395 396 396 395 395 END