START 365 365 364 364 365 364 365 365 365 365 366 366 366 366 367 367 366 367 END
START 366 367 367 366 367 367 371 372 372 372 372 372 381 382 382 382 382 381 END
START 374 374 375 374 375 376 387 388 387 386 386 385 378 379 379 378 377 377 END
START 384 385 385 384 385 384 376 376 376 375 374 374 373 374 374 374 374 373 END
START 383 384 384 383 383 384 385 385 385 385 385 385 403 404 403 404 404 403 END
START 411 412 413 412 413 414 426 427 427 427 427 427 414 414 414 413 413 411 END
START 418 418 418 418 419 420 415 415 415 415 414 414 412 412 412 413 414 413 END
START 419 419 419 417 418 418 413 414 414 415 415 414 421 421 421 422 422 421 END
START 420 420 420 419 419 420 424 425 424 425 424 424 418 418 418 417 417 416 END
START 423 422 423 423 424 425 419 419 418 418 418 417 414 414 414 415 414 414 END
START 420 419 419 418 418 418 403 404 403 404 404 404 408 408 408 409 409 408 END
START 401 400 401 399 400 401 403 403 404 404 404 403 406 406 406 405 404 404 END
START 407 407 408 406 408 408 403 404 404 403 403 402 399 400 400 400 400 399 END
START 407 407 407 406 407 407 402 402 403 403 403 402 410 411 411 411 411 410 END
START 401 400 401 400 400 400 401 402 402 402 401 401 401 401 400 401 400 399 END
START 405 404 405 405 406 407 408 409 408 409 408 407 416 416 416 416 415 414 END
START 438 437 437 435 436 436 406 406 406 406 406 405 429 429 429 430 430 429 END
START 422 421 422 421 421 422 426 427 427 427 426 425 429 429 428 428 427 426 END
START 417 416 417 416 417 418 425 425 425 425 424 424 437 438 438 437 437 436 END