START 337 338 336 336 337 337 337 336 337 337 337 337 337 337 338 338 336 338 END
START 342 343 344 342 343 342 345 345 344 345 345 344 352 352 352 353 352 351 END
START 350 352 351 351 351 351 357 358 358 357 357 356 356 355 356 356 355 354 END
START 357 359 359 358 359 358 360 360 360 360 359 359 359 359 359 360 359 358 END
START 362 364 364 363 363 363 355 355 356 356 355 355 360 359 359 360 359 359 END
START 360 361 361 360 361 360 371 371 372 372 371 371 382 381 382 382 381 381 END
START 386 387 388 387 388 388 392 391 391 391 391 390 391 392 392 391 391 390 END
START 399 400 400 399 400 399 390 390 390 390 390 390 396 396 396 396 395 395 END
START 391 392 392 391 391 391 397 395 396 396 395 396 397 396 396 395 395 394 END
START 386 387 387 387 387 386 389 389 389 388 388 388 386 385 386 386 385 385 END
START 390 391 391 391 391 390 385 385 385 384 384 384 387 388 387 387 386 386 END
START 385 386 387 385 386 386 385 385 386 385 384 384 391 391 391 391 390 390 END
START 376 377 378 378 378 378 391 392 391 390 390 389 387 386 387 386 385 385 END
START 377 378 379 378 378 377 371 370 371 371 370 370 374 374 375 374 374 374 END
START 374 375 376 375 375 374 377 377 376 378 377 376 375 374 374 374 374 373 END
START 371 372 373 372 373 373 374 373 373 374 373 372 363 362 362 362 362 361 END
START 350 351 352 351 351 351 338 338 337 338 337 336 334 335 334 335 335 334 END
START 349 350 351 350 351 350 388 388 387 389 389 388 416 415 415 417 416 415 END
START 416 417 417 417 418 417 418 418 418 417 417 416 407 406 407 407 406 405 END
START 411 409 410 410 411 410 404 404 404 405 403 403 405 405 406 406 405 405 END