START 366 366 366 366 366 366 367 366 366 366 367 366 365 366 366 366 365 365 END
START 365 365 366 365 366 366 364 364 364 365 363 364 363 363 363 364 363 363 END
START 367 368 368 367 367 367 362 363 362 362 361 361 364 365 364 366 364 363 END
START 363 364 363 363 363 363 364 364 364 364 363 363 365 365 364 365 364 363 END
START 359 360 360 360 360 360 363 363 363 363 362 361 361 361 360 361 360 359 END
START 367 368 368 368 368 368 365 366 365 365 365 364 371 371 371 371 370 370 END
START 374 375 375 375 375 374 386 386 386 386 386 385 395 394 395 395 394 394 END
START 402 403 403 403 403 403 404 404 404 403 403 402 396 395 395 395 395 394 END
START 396 394 395 395 394 395 383 383 383 383 383 382 385 384 384 384 384 384 END
START 382 383 383 383 383 383 386 386 385 385 385 385 387 387 387 386 386 385 END
START 379 380 381 380 380 380 385 385 385 384 384 384 381 381 381 380 380 379 END
START 376 377 377 376 377 376 374 373 374 373 372 372 371 371 371 371 370 370 END
START 367 368 368 368 368 367 359 358 357 358 358 357 341 341 340 341 340 340 END
START 319 320 321 320 321 320 318 316 318 317 317 316 318 319 319 319 318 317 END
START 324 325 325 325 325 325 328 327 327 328 327 327 330 329 330 330 329 329 END
START 329 330 331 330 329 330 332 332 331 333 332 331 335 335 335 336 335 334 END
START 328 330 331 330 330 330 334 334 334 336 334 334 337 337 336 337 336 335 END
START 339 339 340 340 340 339 350 349 348 350 349 349 346 345 344 347 346 345 END
START 356 356 357 356 357 356 354 354 354 355 354 354 366 366 367 367 366 365 END
START 368 369 369 368 369 369 388 387 388 388 387 387 384 384 383 383 383 382 END
START 374 375 376 375 375 375 365 365 365 364 364 363 364 364 364 364 364 363 END