START 301 302 300 301 302 302 303 301 302 303 303 303 303 303 303 304 303 305 END
START 310 311 311 310 311 310 317 318 318 319 318 317 321 322 322 322 321 321 END
START 322 323 324 324 324 324 335 334 335 336 335 334 339 339 338 340 338 338 END
START 333 334 335 334 334 334 337 336 336 337 336 335 343 343 342 344 343 342 END
START 348 348 349 349 349 348 348 348 347 349 348 348 356 356 356 356 356 355 END
START 353 355 355 354 354 354 360 361 361 361 360 359 363 363 364 363 363 362 END
START 362 364 364 363 364 364 364 364 364 365 364 363 361 361 360 360 360 359 END
START 361 361 362 361 361 361 353 353 353 354 353 353 348 349 348 349 347 347 END
START 337 339 339 338 338 338 342 342 343 343 342 341 347 347 348 347 347 346 END
START 354 355 356 356 356 356 374 374 374 374 373 373 383 383 384 384 383 383 END
START 406 407 407 407 407 407 421 421 420 421 421 421 429 430 430 429 429 429 END
START 424 423 423 423 423 422 419 419 418 419 418 418 416 417 415 416 415 415 END
START 413 412 413 413 413 412 408 407 407 408 406 406 400 399 400 400 400 399 END
START 405 404 405 404 404 404 395 396 395 396 395 395 394 394 394 394 393 392 END
START 368 367 367 366 367 366 365 365 366 365 365 364 365 364 365 365 364 364 END
START 346 347 347 347 347 346 334 335 333 334 333 333 334 335 334 334 334 333 END
START 343 344 344 344 344 344 338 337 337 338 337 336 344 343 343 344 344 343 END
START 354 355 356 355 356 354 375 375 375 376 375 375 389 389 389 389 388 388 END
START 380 381 381 381 381 381 377 377 376 376 376 375 372 372 373 372 371 371 END
START 375 376 377 376 376 376 370 370 369 370 369 369 363 362 362 363 362 362 END
START 363 364 365 364 364 364 368 368 368 368 368 367 368 368 367 368 367 366 END
START 355 356 357 356 356 356 357 357 356 357 356 355 343 343 343 343 342 341 END
START 339 340 341 339 340 339 331 330 331 330 329 328 329 329 329 329 329 328 END
START 340 340 341 340 340 340 351 351 350 351 351 350 365 366 364 366 365 365 END
START 370 371 370 371 371 370 374 374 374 374 373 373 372 372 371 372 371 371 END
START 379 380 380 380 380 380 371 371 371 371 370 369 370 370 370 371 370 369 END
START 374 375 375 374 374 374 375 375 375 375 375 374 369 369 368 369 368 368 END
START 373 375 375 374 375 374 377 376 376 377 376 376 372 373 371 371 371 370 END
START 367 368 369 368 368 368 371 369 369 369 369 368 368 367 368 368 367 367 END