START 388 388 387 387 388 388 389 388 389 390 390 390 390 391 391 391 390 391 END
START 380 382 381 381 381 381 383 382 383 383 382 382 379 378 378 378 377 377 END
START 371 372 373 373 373 372 374 374 374 373 373 372 373 373 372 373 373 372 END
START 372 373 374 373 373 372 364 363 363 363 363 362 368 368 367 368 368 367 END
START 367 368 368 368 368 368 386 386 386 387 386 386 384 383 383 383 382 382 END
START 375 377 377 377 377 377 378 377 377 376 376 375 374 375 375 374 374 373 END
START 375 376 376 376 376 375 368 368 368 369 368 367 371 370 370 371 370 370 END
START 365 366 366 365 366 365 366 366 366 367 366 366 369 368 368 368 368 367 END
START 360 361 361 361 361 361 367 367 367 367 366 366 358 358 357 358 357 357 END
START 363 365 365 364 365 364 346 346 345 345 344 344 329 328 330 329 329 328 END
START 308 309 310 309 309 308 298 298 299 299 298 297 296 297 296 297 296 295 END
START 290 291 291 290 290 290 305 304 304 305 304 304 315 314 315 315 315 314 END
START 327 328 329 328 329 328 352 352 352 352 351 351 369 368 369 370 369 368 END
START 381 382 382 381 382 381 389 388 390 390 389 389 394 394 393 394 393 393 END
START 388 389 389 389 389 388 392 392 392 391 391 391 395 394 395 394 394 393 END
START 394 395 395 395 395 394 386 385 385 385 384 384 389 388 389 389 388 388 END
START 391 392 392 391 392 391 385 385 385 385 385 384 385 385 386 385 385 385 END
START 379 379 380 379 380 380 384 385 384 384 383 383 364 364 364 363 363 362 END
START 347 348 348 348 348 348 337 337 337 336 336 335 330 330 330 330 329 329 END
START 325 326 326 325 326 325 326 325 325 327 326 325 332 333 331 333 332 332 END
START 332 334 334 334 334 333 343 343 342 343 344 342 339 339 338 339 338 338 END
START 338 340 339 339 340 340 339 339 339 338 338 337 339 339 338 339 339 338 END
START 348 349 349 349 349 348 349 349 348 349 349 348 359 358 358 360 359 358 END
START 356 357 357 357 357 356 358 358 359 358 358 358 358 357 358 358 357 357 END
START 354 355 356 355 355 355 371 370 371 371 370 370 386 385 386 386 385 385 END
START 414 416 416 415 416 415 429 428 427 429 428 428 434 434 434 434 433 433 END
START 430 428 429 428 428 428 426 426 425 427 426 426 421 421 420 421 420 420 END