START 384 384 384 385 385 385 388 388 388 389 389 389 390 390 390 390 389 390 END
START 374 375 376 375 376 376 384 384 384 384 384 384 382 383 383 382 381 380 END
START 384 384 385 384 385 386 386 387 387 387 386 386 385 385 385 386 385 385 END
START 396 396 397 396 397 397 398 399 399 399 398 398 408 408 408 408 407 407 END
START 396 397 397 396 397 397 402 402 401 402 401 401 400 401 401 400 400 399 END
START 398 398 399 397 398 399 395 395 395 395 394 393 384 384 385 385 384 384 END
START 377 377 377 375 376 376 363 364 364 365 365 364 368 369 369 369 368 368 END
START 361 361 362 360 360 361 379 380 380 380 379 379 390 390 390 390 389 389 END
START 401 402 403 402 404 404 421 421 420 420 420 419 414 414 414 414 414 413 END
START 435 434 434 433 433 434 422 422 423 423 423 423 422 423 423 424 424 424 END
START 426 425 425 424 425 425 440 441 441 441 441 441 438 438 438 438 437 437 END
START 422 422 423 422 423 424 432 432 433 432 432 431 420 420 419 420 419 418 END
START 438 437 438 437 438 439 419 420 419 420 420 419 428 428 428 429 428 428 END
START 419 418 418 417 418 418 424 425 425 426 426 426 436 437 437 437 436 435 END
START 419 419 419 418 419 420 427 427 427 426 425 425 407 407 406 406 405 405 END
START 414 413 414 413 413 414 409 410 410 411 411 410 411 411 412 412 412 412 END
START 411 410 410 409 410 410 413 414 413 414 414 414 416 416 416 417 417 416 END
START 406 406 406 405 406 407 411 412 412 412 412 411 402 402 401 402 401 401 END
START 407 407 407 406 407 407 403 404 403 403 403 402 405 406 406 406 407 406 END
START 407 407 407 406 407 408 402 403 403 404 403 403 412 412 412 413 412 411 END
START 395 394 396 394 395 396 401 402 402 402 402 401 408 409 408 409 409 408 END
START 428 429 430 429 430 431 428 428 428 429 428 428 431 431 432 432 431 430 END
START 420 420 420 418 419 419 413 414 414 414 415 414 421 421 421 422 422 421 END
START 411 410 410 410 411 411 420 420 420 421 421 421 433 433 433 432 432 431 END