START 355 355 354 354 354 355 355 354 354 354 354 354 353 353 354 353 352 353 END
START 355 356 356 355 356 355 353 352 353 352 351 351 355 354 355 356 355 355 END
START 359 360 360 360 360 360 362 361 362 363 362 362 365 364 366 365 364 364 END
START 359 360 360 360 360 360 367 367 367 367 366 366 365 366 365 365 364 364 END
START 364 365 366 365 366 365 365 365 364 364 364 363 365 366 365 366 365 364 END
START 367 368 368 368 368 368 369 369 369 370 369 369 373 374 373 373 372 372 END
START 355 356 356 356 356 355 345 345 344 345 344 343 337 336 336 337 336 335 END
START 331 332 331 331 331 331 328 328 328 328 327 327 329 329 328 330 330 329 END
START 347 348 349 349 348 348 363 363 362 364 363 362 381 381 380 382 381 381 END
START 390 391 391 390 391 390 402 402 402 402 401 401 401 401 401 400 400 400 END
START 395 397 397 397 397 396 391 391 391 391 390 390 386 386 386 386 386 385 END
START 385 386 387 386 386 385 381 380 381 381 381 380 381 381 381 381 380 380 END
START 377 378 378 378 378 378 382 383 383 382 382 382 379 380 380 379 379 378 END
START 377 378 378 378 378 378 375 375 374 374 373 373 373 372 372 373 372 371 END
START 374 375 375 375 375 374 368 368 368 369 368 368 361 361 360 362 361 361 END
START 358 358 358 358 358 358 363 363 363 364 363 363 364 364 363 364 363 362 END
START 362 362 363 363 363 363 364 364 363 364 363 363 361 361 360 361 360 360 END
START 364 365 365 365 365 364 363 362 362 363 361 361 363 364 363 364 363 362 END
START 360 362 362 361 361 360 351 351 351 351 351 350 342 342 341 342 340 340 END
START 326 327 328 327 328 327 327 326 327 327 326 325 324 324 324 324 323 322 END
START 343 344 344 344 344 344 374 375 373 375 374 374 405 405 405 406 405 405 END
START 419 421 421 420 421 420 420 420 419 420 420 419 412 412 412 412 411 410 END
START 408 407 408 407 407 407 402 402 401 402 401 401 398 396 397 398 397 396 END