START 360 360 360 360 361 360 363 362 363 363 364 364 364 365 365 365 365 365 END
START 357 358 359 358 358 358 370 371 371 371 371 371 373 373 373 372 372 371 END
START 367 368 369 368 369 369 379 379 379 379 378 378 382 381 381 380 380 379 END
START 371 372 372 372 373 373 366 366 366 366 366 366 376 376 376 376 375 375 END
START 369 370 370 369 370 370 377 377 377 377 377 376 376 376 375 376 375 374 END
START 364 365 366 364 365 366 378 378 377 377 377 376 385 385 384 385 385 385 END
START 416 416 417 415 416 416 407 408 408 409 409 409 424 425 426 426 426 426 END
START 409 408 409 407 408 408 420 421 421 421 421 420 422 422 422 421 421 420 END
START 411 411 411 411 412 413 416 416 416 415 414 414 407 407 407 407 407 406 END
START 418 417 418 417 418 418 410 410 410 411 411 410 418 419 419 420 420 419 END
START 414 413 413 412 412 413 414 414 414 415 415 414 420 420 420 420 419 419 END
START 413 412 413 411 412 413 411 411 411 411 410 409 411 411 410 411 410 409 END
START 406 405 406 405 406 406 391 391 391 391 390 390 387 388 388 389 389 389 END
START 403 401 402 400 400 400 401 402 402 402 402 402 401 402 402 401 401 400 END
START 396 396 397 397 398 398 396 397 397 397 396 395 401 401 401 401 400 399 END
START 393 394 394 393 394 394 387 387 386 386 386 385 388 388 388 389 389 389 END
START 391 392 392 390 391 391 396 397 397 398 397 397 403 403 403 403 402 402 END
START 395 395 396 395 396 397 409 409 409 409 408 408 393 393 393 393 393 391 END
START 402 403 404 403 404 404 399 400 400 400 400 399 398 398 398 398 398 398 END