START 332 333 332 332 333 333 333 332 333 333 333 332 332 333 332 332 331 332 END
START 335 336 336 336 336 336 339 338 337 339 337 337 343 342 342 343 342 343 END
START 348 349 349 348 349 348 349 349 348 350 349 348 352 353 353 353 353 351 END
START 352 353 354 353 353 353 360 359 360 360 359 358 359 358 359 359 358 357 END
START 359 359 360 359 360 360 363 362 363 362 362 361 356 355 356 356 356 355 END
START 352 352 353 352 352 352 340 340 340 340 340 339 335 334 335 336 334 334 END
START 326 327 327 326 327 326 340 340 341 341 339 339 350 349 349 350 349 349 END
START 367 369 369 369 369 369 390 389 389 390 389 389 396 397 397 397 397 396 END
START 408 410 410 410 410 409 403 403 403 402 402 402 406 406 407 406 406 406 END
START 402 400 401 400 401 400 402 402 402 402 402 401 399 399 399 400 398 398 END
START 396 394 395 395 395 395 393 393 394 393 392 392 389 388 388 388 388 387 END
START 391 392 392 392 392 391 384 383 384 384 384 383 380 380 381 380 379 379 END
START 359 360 360 359 360 359 353 353 353 353 352 352 350 350 349 350 349 349 END
START 344 345 346 345 346 345 351 349 350 350 349 349 348 348 349 348 347 346 END
START 353 354 355 354 354 354 351 351 352 351 351 350 355 356 356 356 355 354 END
START 353 354 355 354 353 353 358 357 359 359 357 357 359 358 359 359 358 358 END
START 357 358 359 358 358 358 365 365 366 365 365 364 361 360 361 361 360 359 END
START 361 362 363 362 362 362 355 355 355 355 354 354 358 358 357 358 357 357 END
START 349 350 351 350 350 350 349 349 349 350 349 348 349 348 349 348 347 347 END
START 345 345 346 346 346 346 368 368 369 369 368 367 385 385 386 385 384 384 END
START 416 416 417 416 417 416 424 424 423 424 423 423 423 423 423 422 422 421 END
START 411 410 411 410 410 409 406 406 406 407 406 405 402 403 401 402 401 401 END