START 383 383 383 382 383 383 382 381 382 382 382 382 381 381 381 381 380 381 END
START 382 383 384 383 383 382 375 375 375 375 374 374 377 377 377 377 376 376 END
START 375 376 376 375 375 374 375 376 375 376 375 375 377 376 376 376 375 375 END
START 371 372 373 372 373 372 372 371 371 371 370 370 368 368 367 368 367 366 END
START 370 371 371 371 371 371 365 364 364 365 364 363 366 366 366 366 365 365 END
START 365 366 366 365 365 365 366 367 366 367 366 366 366 367 365 365 365 364 END
START 363 364 364 364 364 363 370 370 369 370 369 369 361 362 362 362 361 361 END
START 356 357 358 357 358 357 351 352 350 351 350 350 349 349 348 349 348 348 END
START 340 342 342 341 341 341 355 354 355 355 354 354 371 372 372 372 371 371 END
START 382 383 383 383 383 382 392 392 393 393 392 391 397 396 396 397 395 395 END
START 395 396 397 396 397 396 387 387 387 387 387 386 387 386 387 387 386 386 END
START 387 388 388 387 388 388 381 381 381 381 380 380 384 384 385 384 383 384 END
START 372 373 373 373 373 372 371 372 372 371 371 370 370 370 370 369 370 369 END
START 372 373 374 373 372 372 357 356 356 356 356 355 343 342 342 342 341 341 END
START 333 334 335 334 334 334 324 324 325 325 324 324 330 331 332 331 331 330 END
START 332 334 334 333 333 333 343 343 342 343 342 342 345 344 344 345 344 344 END
START 346 347 348 347 347 347 350 351 351 350 350 349 350 350 350 350 349 349 END
START 353 353 354 353 353 353 347 346 347 347 346 346 353 353 353 354 353 352 END
START 357 358 359 358 359 358 366 367 367 367 366 366 368 368 368 368 368 367 END
START 366 367 367 366 367 366 369 370 369 369 369 368 360 360 360 360 359 358 END
START 356 356 357 356 356 356 346 346 346 346 346 345 354 353 354 354 354 353 END