START 334 335 333 333 334 335 335 334 335 336 336 336 337 337 337 337 336 337 END
START 335 336 336 335 336 336 341 340 340 341 340 340 343 343 342 343 343 342 END
START 346 347 347 347 347 346 338 338 338 337 336 336 324 324 324 324 324 323 END
START 331 332 332 332 332 332 334 333 333 334 333 333 341 342 341 342 341 341 END
START 338 339 340 339 339 338 346 346 345 347 346 346 351 351 351 351 350 350 END
START 353 354 355 353 354 354 365 365 366 365 364 364 367 365 367 367 366 365 END
START 382 383 383 382 383 382 379 379 379 379 379 378 392 392 392 393 392 392 END
START 401 402 402 401 402 401 394 393 393 394 393 393 390 390 390 389 390 388 END
START 382 381 382 382 381 381 378 378 378 378 378 377 373 372 373 373 372 372 END
START 373 374 374 374 374 374 372 372 371 372 372 371 374 374 373 374 374 373 END
START 375 377 377 376 377 376 381 380 380 381 380 379 380 379 379 380 379 379 END
START 372 374 374 373 374 373 380 380 380 380 380 378 375 374 374 374 373 373 END
START 375 376 376 376 377 376 367 367 367 366 365 365 359 358 358 358 358 357 END
START 344 345 345 344 345 343 331 332 331 332 332 330 328 327 328 328 328 327 END
START 321 322 322 322 322 322 326 326 325 326 325 324 331 332 331 332 331 330 END
START 330 332 332 331 332 332 333 333 332 333 332 332 344 343 343 344 343 343 END
START 351 352 353 352 352 352 351 350 350 351 350 349 354 354 355 354 353 353 END
START 348 349 350 349 349 348 359 357 359 358 357 357 356 355 356 356 355 354 END
START 365 365 366 366 366 366 368 368 368 368 368 367 372 371 372 372 372 372 END