START 355 356 355 354 355 355 357 355 356 357 357 356 357 357 358 357 356 357 END
START 353 354 354 353 354 353 367 366 366 367 366 366 367 366 367 367 366 365 END
START 357 359 360 359 359 359 355 355 355 355 354 353 353 353 352 353 352 351 END
START 350 351 352 351 351 350 349 348 349 349 349 348 348 347 349 349 348 347 END
START 359 360 360 359 360 359 371 372 372 372 371 370 380 380 380 380 379 379 END
START 385 386 387 386 387 386 397 397 397 397 396 396 391 390 389 390 389 389 END
START 398 399 400 399 400 399 395 394 394 393 394 393 399 399 399 399 398 398 END
START 397 398 399 397 398 397 398 397 398 397 397 397 400 400 400 400 399 399 END
START 390 391 391 391 392 391 393 393 393 393 393 392 392 391 392 391 391 390 END
START 384 385 386 385 385 384 369 368 368 368 368 367 363 362 363 362 362 362 END
START 353 354 355 354 354 354 359 360 359 360 359 359 366 367 366 367 366 365 END
START 366 367 368 367 367 367 371 370 372 372 371 370 369 369 368 369 368 367 END
START 372 373 374 373 373 372 371 371 371 371 370 370 366 367 366 367 366 366 END
START 371 373 373 372 372 372 367 366 367 367 367 367 365 366 365 366 365 365 END
START 355 357 357 356 357 356 356 356 355 356 355 354 360 361 360 360 360 359 END
START 385 386 387 386 386 386 415 414 415 415 414 414 423 423 423 424 423 422 END
START 424 424 425 423 424 423 419 418 419 420 419 419 418 419 418 419 418 418 END
START 412 410 412 411 411 411 417 417 417 417 417 416 410 409 410 410 409 408 END