START 362 363 362 361 363 362 363 362 362 362 363 363 362 362 362 362 361 362 END
START 360 362 363 362 362 362 364 365 364 364 364 363 361 361 360 361 360 360 END
START 363 365 365 365 365 364 362 363 362 362 362 361 366 366 365 366 365 365 END
START 363 364 364 364 364 363 370 370 369 370 369 368 370 370 369 370 369 368 END
START 363 363 364 364 364 363 357 358 357 357 356 355 348 348 348 348 348 347 END
START 343 344 344 344 344 343 339 338 339 339 338 338 346 347 347 347 346 346 END
START 358 359 359 359 359 358 375 374 374 376 375 374 384 383 383 383 383 382 END
START 393 395 395 395 395 394 401 400 400 400 400 400 401 402 402 401 401 400 END
START 407 407 408 407 408 408 400 400 400 401 399 400 397 397 398 398 397 397 END
START 396 394 396 395 395 394 394 394 394 394 394 393 391 390 391 390 390 390 END
START 383 384 384 384 384 383 379 378 379 378 378 377 367 366 367 366 366 366 END
START 369 370 371 370 370 370 365 365 364 365 364 364 365 365 364 365 364 364 END
START 366 366 367 366 366 365 369 369 368 369 367 367 355 355 354 355 354 353 END
START 348 349 349 349 349 348 346 346 346 346 345 345 345 344 345 345 343 343 END
START 349 351 351 350 351 350 349 349 349 349 348 348 351 351 352 351 351 351 END
START 352 353 354 353 353 352 355 356 356 356 355 355 358 357 358 358 357 357 END
START 354 355 356 355 355 355 360 359 360 360 359 359 357 357 357 357 356 356 END
START 361 362 363 362 362 362 355 353 354 355 354 353 355 354 355 355 354 354 END
START 352 352 353 352 353 352 358 358 359 359 358 357 362 361 362 362 362 361 END
START 369 370 370 370 371 370 396 395 396 397 395 395 411 412 410 411 411 410 END
START 421 422 423 422 422 422 407 406 406 405 405 404 389 388 388 389 388 387 END
START 382 382 382 381 382 381 380 381 381 381 380 380 382 383 383 382 382 381 END