START 408 408 408 408 409 407 407 406 406 406 406 406 403 403 403 402 402 402 END
START 384 383 383 382 382 383 382 382 383 383 383 383 380 380 380 380 380 379 END
START 385 386 387 386 387 387 371 372 372 372 371 371 382 383 383 383 383 382 END
START 371 371 371 370 371 371 367 368 368 369 370 369 373 373 373 373 372 372 END
START 361 361 362 361 362 362 374 374 374 374 373 373 382 383 382 382 381 381 END
START 376 377 377 376 377 377 366 366 365 364 364 363 362 363 363 363 363 363 END
START 404 404 405 402 402 401 388 390 390 390 391 390 389 390 390 390 390 390 END
START 392 391 391 390 391 390 407 407 407 406 405 405 390 390 390 390 390 389 END
START 407 407 408 407 408 408 414 415 415 416 416 415 399 399 399 400 399 399 END
START 427 426 425 423 423 423 410 410 410 412 411 411 430 431 431 431 431 430 END
START 412 411 412 411 411 412 431 431 430 430 429 428 420 420 419 419 419 418 END
START 407 406 407 406 408 408 413 414 413 414 414 414 409 410 410 411 411 411 END
START 408 407 407 406 406 406 410 410 410 411 410 409 418 418 418 418 418 418 END
START 418 417 418 417 418 418 417 418 417 418 418 417 411 411 411 412 412 411 END
START 411 411 411 410 412 413 407 407 406 406 405 405 408 408 408 409 409 408 END
START 422 421 421 419 420 420 412 412 412 412 411 410 411 412 412 413 412 412 END
START 404 403 403 402 403 403 400 400 400 400 400 399 391 391 390 389 389 388 END
START 388 387 388 387 387 388 394 394 395 395 394 394 389 389 389 389 388 388 END
START 392 393 394 393 394 394 388 389 389 391 391 392 396 396 396 396 396 395 END
START 381 382 382 381 382 382 390 390 390 390 390 389 388 388 387 386 385 385 END