START 353 354 353 353 354 353 354 353 354 354 354 354 353 354 354 354 353 354 END
START 339 340 340 339 340 339 315 314 315 315 314 313 299 298 299 299 298 297 END
START 309 310 311 310 310 310 310 309 309 310 309 308 317 316 316 317 316 316 END
START 321 322 323 321 321 321 327 328 327 328 327 326 316 316 316 317 316 315 END
START 319 320 321 320 320 320 326 327 325 326 325 325 330 329 329 330 329 329 END
START 335 336 337 335 336 335 337 337 336 337 336 336 341 341 341 342 341 340 END
START 335 336 336 335 336 335 336 335 335 336 335 335 332 333 333 333 332 331 END
START 328 329 329 329 329 329 340 339 339 340 339 338 339 339 339 340 339 339 END
START 360 361 362 361 362 361 381 381 380 382 381 380 398 398 397 399 399 398 END
START 413 414 414 414 415 414 418 418 419 418 418 418 416 416 416 416 416 415 END
START 413 412 413 413 414 413 409 409 409 410 409 408 405 404 404 405 404 403 END
START 408 406 407 406 407 406 400 400 400 400 399 398 396 396 396 397 396 396 END
START 398 397 397 397 397 396 383 382 383 382 382 381 368 367 368 367 367 366 END
START 340 341 341 341 341 340 346 347 346 346 346 345 346 347 346 346 346 345 END
START 347 348 349 348 348 348 348 348 349 349 348 347 346 346 347 347 346 345 END
START 350 351 352 351 351 351 355 356 356 356 356 356 371 371 371 372 371 371 END
START 384 385 385 384 385 384 385 385 385 385 384 384 371 371 370 371 370 369 END
START 371 372 373 372 373 372 369 369 369 368 368 368 368 368 367 368 368 366 END
START 369 371 371 370 370 370 365 366 365 366 365 365 363 364 363 363 362 362 END
START 352 352 352 351 352 352 354 355 354 354 353 352 345 345 344 345 344 343 END
START 343 344 344 344 345 344 338 337 338 338 337 336 342 342 342 342 341 341 END
START 354 355 356 355 355 355 363 363 362 364 363 363 382 382 383 383 382 382 END
START 399 400 400 400 401 400 428 429 428 429 428 428 433 433 433 432 432 431 END
START 430 429 430 430 430 430 426 426 424 426 424 424 418 417 417 418 417 416 END