START 373 374 372 372 373 373 373 372 373 373 373 372 371 372 372 372 370 371 END
START 364 366 365 365 366 365 367 366 366 366 366 365 367 365 365 366 366 365 END
START 366 367 367 366 366 366 361 361 361 361 361 360 367 367 367 368 367 366 END
START 363 364 365 364 364 364 370 370 369 370 369 368 366 367 366 366 365 365 END
START 361 363 362 363 362 362 363 363 363 363 362 361 351 351 350 351 350 349 END
START 353 354 354 354 354 354 346 347 346 346 346 345 350 349 350 350 350 349 END
START 357 357 358 357 357 356 375 375 375 376 375 375 384 383 384 384 383 383 END
START 397 398 399 398 399 398 405 404 404 404 403 403 393 394 394 393 393 392 END
START 382 383 384 383 384 383 376 376 376 376 375 375 379 378 378 378 378 378 END
START 384 385 385 384 384 384 388 388 387 388 387 387 389 388 388 389 388 387 END
START 384 386 386 386 386 385 392 391 392 391 391 390 387 387 387 386 386 385 END
START 387 388 388 388 388 388 383 383 383 383 383 382 380 380 380 380 379 379 END
START 375 376 376 375 375 374 370 370 371 370 370 369 363 362 362 362 362 361 END
START 336 337 338 337 337 336 328 327 327 328 327 326 320 319 319 319 318 318 END
START 324 325 325 325 325 324 322 323 322 323 322 322 329 328 328 329 328 327 END
START 333 334 334 333 333 333 338 338 338 338 338 337 341 342 341 342 341 341 END
START 332 333 334 333 333 332 339 338 338 339 339 338 333 333 334 333 332 331 END
START 335 336 337 336 337 336 337 337 336 338 337 337 344 344 343 344 344 343 END
START 354 355 355 354 354 354 358 358 357 359 359 358 372 371 372 372 371 370 END
START 367 368 369 368 368 368 376 376 377 377 376 375 366 366 365 366 365 365 END
START 356 357 358 357 357 358 349 348 348 349 347 347 350 350 349 349 349 348 END
START 356 356 357 356 356 356 354 354 355 355 354 354 364 364 364 364 363 363 END