START 367 368 366 366 367 366 366 365 366 367 367 366 366 366 366 366 365 366 END
START 367 368 369 368 369 368 366 367 366 366 365 365 367 366 366 367 366 365 END
START 364 366 366 365 365 364 365 366 365 365 364 364 373 373 373 373 373 372 END
START 378 379 379 379 379 379 381 381 380 381 380 380 372 372 371 372 371 371 END
START 377 378 378 377 378 378 371 371 371 370 370 370 373 373 372 373 373 372 END
START 371 372 372 371 371 370 371 370 370 371 369 369 364 364 363 364 363 362 END
START 352 353 353 352 353 352 341 341 340 339 339 338 336 335 335 336 335 334 END
START 339 340 341 340 341 340 338 338 337 339 338 338 359 358 358 360 359 358 END
START 380 381 381 381 381 381 398 397 397 398 397 397 398 398 399 398 398 397 END
START 395 396 396 396 396 396 395 395 395 395 395 394 390 389 390 389 389 388 END
START 391 392 392 392 392 392 390 389 390 389 389 388 384 385 385 384 384 384 END
START 388 389 390 389 389 388 389 389 390 389 389 388 390 390 390 390 389 389 END
START 382 383 383 383 383 383 383 382 383 382 382 381 376 376 376 376 375 375 END
START 355 356 356 356 355 355 334 334 334 333 334 333 321 320 320 321 320 320 END
START 316 317 318 317 317 317 322 322 321 323 322 322 328 329 328 329 328 327 END
START 329 330 330 330 330 330 336 337 336 337 337 336 339 339 338 339 338 338 END
START 338 339 340 339 339 339 339 338 337 339 337 337 343 343 342 344 343 343 END
START 350 352 351 351 351 350 356 356 355 357 356 355 361 361 361 361 360 359 END
START 357 358 359 357 358 357 361 361 362 362 361 360 363 362 362 362 362 361 END
START 370 370 372 371 371 371 374 374 373 374 372 372 370 371 370 370 369 369 END
START 370 372 371 371 371 370 367 365 366 366 366 365 366 366 365 365 365 365 END