START 388 389 388 388 389 388 388 387 388 387 387 388 386 386 386 386 385 386 END
START 383 384 384 384 384 384 379 378 378 378 377 377 376 377 377 376 376 375 END
START 377 378 379 378 378 377 375 374 374 375 374 374 376 375 375 376 375 375 END
START 368 369 370 369 369 369 372 372 371 372 372 371 365 365 364 365 364 363 END
START 365 366 367 366 367 366 366 365 365 366 364 364 364 365 364 365 364 363 END
START 364 365 365 364 365 364 367 367 367 367 367 366 367 367 367 368 367 366 END
START 355 356 357 356 357 356 352 352 352 352 351 351 346 346 345 346 345 344 END
START 342 344 343 343 344 343 338 337 338 338 337 336 345 345 346 345 345 344 END
START 360 360 361 360 361 360 367 367 367 368 368 367 380 380 381 381 380 379 END
START 373 375 375 375 375 374 382 382 381 382 381 381 382 382 382 382 381 381 END
START 384 385 385 385 386 385 390 391 390 390 390 389 394 394 394 394 394 393 END
START 397 398 398 398 398 397 394 394 394 393 393 392 389 388 389 389 389 388 END
START 379 380 380 380 380 379 384 383 384 383 382 382 361 361 362 361 360 359 END
START 343 344 344 343 344 343 330 330 330 330 329 329 323 323 322 323 322 321 END
START 324 325 325 325 325 325 327 327 326 327 327 326 329 330 329 330 330 329 END
START 330 331 331 331 331 331 338 339 338 339 338 338 334 333 333 334 333 332 END
START 333 335 335 335 335 335 337 336 335 337 335 335 341 340 339 341 340 340 END
START 353 355 355 355 355 355 361 359 359 361 359 359 357 357 358 358 357 357 END
START 354 354 355 354 355 354 355 354 356 356 355 354 359 357 358 358 357 357 END
START 357 357 358 358 358 358 364 364 364 364 363 363 367 367 368 368 367 366 END
START 376 377 377 376 377 376 368 369 368 368 368 367 369 370 369 370 369 368 END