START 373 374 373 373 374 374 375 374 375 375 376 376 377 377 378 378 377 378 END
START 363 363 364 362 363 364 373 373 373 374 374 373 351 351 350 350 349 349 END
START 370 371 373 373 375 375 364 365 364 364 364 363 362 363 363 363 363 363 END
START 370 371 371 371 371 372 377 378 379 379 379 379 382 383 383 382 382 382 END
START 386 387 388 385 386 386 380 380 379 379 378 378 385 385 385 385 384 384 END
START 387 387 388 387 388 388 377 377 376 376 376 375 371 371 371 372 371 371 END
START 406 406 407 405 405 406 406 407 407 408 408 408 405 405 404 404 403 402 END
START 392 390 391 388 389 389 404 405 405 405 404 404 403 404 404 404 403 402 END
START 408 409 409 407 407 408 391 392 392 392 392 392 407 409 410 412 412 413 END
START 397 396 396 395 396 396 412 412 411 411 410 409 426 426 425 424 423 422 END
START 424 424 425 423 424 424 417 417 417 417 417 416 420 420 420 420 419 419 END
START 421 420 420 420 420 421 410 411 411 412 412 412 391 391 391 392 392 392 END
START 421 420 421 420 421 422 413 414 414 416 416 416 405 405 405 406 405 405 END
START 418 417 417 416 416 416 426 426 425 425 424 423 418 419 419 420 421 421 END
START 412 411 411 409 409 409 400 401 401 402 402 401 405 405 405 405 405 404 END
START 428 427 427 426 427 427 421 422 422 423 422 422 467 467 467 466 465 464 END
START 437 436 437 435 436 436 436 437 438 439 440 440 420 420 420 418 418 417 END