START 414 415 414 414 415 414 414 414 414 415 415 415 413 413 414 413 413 413 END
START 406 405 406 405 406 407 390 390 389 389 389 388 364 365 364 365 365 364 END
START 372 371 371 370 371 372 370 370 371 370 370 370 376 377 377 377 377 376 END
START 374 374 374 373 374 374 383 383 383 383 383 383 385 385 384 384 384 383 END
START 381 382 383 382 383 384 387 387 387 387 386 386 378 378 378 378 378 378 END
START 382 383 383 382 383 383 379 380 380 380 379 379 384 384 384 385 385 384 END
START 392 392 392 391 392 392 400 400 400 400 400 400 401 401 401 401 400 399 END
START 398 399 399 398 399 400 408 408 408 408 408 407 403 404 404 404 404 403 END
START 413 413 413 412 413 413 402 403 403 403 403 402 408 409 409 409 409 409 END
START 406 405 406 404 405 405 409 409 410 410 410 409 411 411 411 412 411 410 END
START 403 403 403 402 403 404 410 410 409 410 409 408 401 401 401 401 401 400 END
START 400 399 400 399 399 400 390 390 390 390 390 389 394 395 395 396 395 395 END
START 397 398 398 396 397 398 402 402 402 403 402 402 405 405 405 405 405 404 END
START 399 399 400 399 400 401 405 406 406 406 405 404 404 405 405 405 405 404 END
START 408 408 409 408 409 409 405 405 405 405 404 404 413 413 414 415 414 414 END
START 421 421 421 419 420 420 422 423 423 424 424 423 426 426 426 426 426 425 END