START 359 359 359 358 359 358 358 358 358 358 358 359 361 362 362 362 362 363 END
START 370 371 372 370 371 371 363 363 363 363 363 363 370 370 371 371 371 370 END
START 370 370 371 369 370 370 377 378 377 377 377 376 377 377 377 377 376 376 END
START 374 374 375 374 376 376 378 378 378 378 377 377 381 382 381 382 382 382 END
START 386 386 387 385 386 386 369 370 369 369 369 369 372 373 373 374 373 373 END
START 363 363 364 363 364 364 372 373 373 373 373 372 376 377 376 376 376 375 END
START 400 401 401 400 401 402 414 414 413 413 413 412 413 414 413 413 413 413 END
START 420 420 420 419 420 420 413 413 413 414 414 414 418 418 418 419 419 418 END
START 415 414 415 413 414 414 421 422 422 423 423 423 422 422 422 422 421 420 END
START 409 408 409 408 409 409 423 423 423 422 422 420 411 411 411 411 411 410 END
START 418 418 418 418 418 419 415 415 416 415 415 414 413 414 414 415 415 414 END
START 415 414 414 413 413 413 416 417 417 418 418 418 421 422 421 422 422 421 END
START 404 404 404 403 404 405 394 395 394 394 394 393 385 386 386 386 386 385 END
START 403 402 403 401 402 402 397 397 397 397 396 396 393 394 394 395 394 394 END
START 390 389 390 388 388 388 391 392 391 392 391 391 395 395 395 395 395 394 END
START 381 382 383 382 383 383 387 388 387 387 386 386 377 377 377 377 376 375 END
START 394 395 395 395 396 396 394 395 395 394 394 393 398 398 397 398 398 398 END
START 406 407 407 406 407 408 400 400 400 401 401 400 405 406 406 407 407 406 END
START 400 399 400 399 399 400 406 406 406 407 406 406 403 403 403 403 403 402 END
START 400 401 401 400 401 402 398 399 399 399 398 397 401 402 402 402 402 401 END