START 355 355 353 353 354 354 353 352 352 353 352 352 352 351 352 352 351 352 END
START 333 334 334 333 333 332 323 323 324 324 324 323 330 329 330 331 330 330 END
START 335 336 337 336 336 336 344 345 344 345 344 344 344 343 343 344 343 342 END
START 346 347 347 347 348 347 347 348 348 348 347 346 350 350 350 351 349 349 END
START 356 357 358 357 357 357 354 355 355 355 355 354 365 365 366 366 365 364 END
START 362 363 364 363 363 362 362 361 362 363 362 361 366 365 365 365 364 363 END
START 363 365 365 365 365 364 365 366 365 366 365 364 362 362 361 361 361 360 END
START 361 362 363 362 361 361 352 352 352 352 352 351 352 352 352 353 352 352 END
START 352 353 353 353 353 352 365 364 365 365 364 364 365 364 365 365 363 363 END
START 375 376 377 376 377 376 385 385 384 385 384 384 389 389 388 389 388 388 END
START 397 398 399 398 399 398 392 393 393 392 392 392 392 392 392 391 391 391 END
START 388 389 389 388 389 388 389 388 389 389 389 388 389 388 389 388 388 387 END
START 382 383 383 382 383 382 386 386 386 386 386 384 382 382 382 382 381 380 END
START 380 382 382 381 381 381 375 375 375 374 374 374 376 376 377 376 376 375 END
START 373 375 375 374 374 374 375 375 375 376 375 375 365 364 364 365 363 364 END
START 341 342 343 342 342 341 339 339 338 339 339 338 341 341 340 341 340 340 END
START 350 350 351 350 350 350 349 348 347 349 348 347 348 348 348 349 348 347 END
START 350 352 352 351 352 351 354 354 355 354 354 353 357 358 358 358 357 356 END
START 353 354 355 354 354 354 359 357 359 359 358 357 358 357 358 358 357 357 END
START 360 360 361 360 360 360 357 357 358 357 356 356 347 346 348 348 347 346 END
START 338 340 340 339 339 338 337 336 337 337 336 335 337 336 337 337 337 336 END
START 337 338 339 338 338 338 354 353 352 354 353 353 369 369 368 370 369 369 END
START 397 398 399 399 399 399 419 419 419 419 419 418 426 427 426 426 426 425 END