START 317 317 315 315 316 316 316 315 316 316 316 316 315 315 316 316 314 316 END
START 323 323 324 323 324 323 325 325 325 326 325 325 333 332 332 333 333 331 END
START 332 333 334 332 333 332 343 344 342 344 343 343 351 351 350 351 351 350 END
START 349 350 351 351 351 351 353 353 354 353 353 352 355 354 356 356 354 354 END
START 362 363 364 363 364 363 363 361 363 363 362 362 365 364 365 366 365 364 END
START 365 366 366 365 366 365 370 370 369 370 369 369 372 372 371 372 371 370 END
START 367 368 368 368 369 368 372 372 372 372 371 371 372 371 371 371 370 369 END
START 378 379 379 378 379 378 377 376 376 377 376 375 378 378 377 378 377 377 END
START 375 376 376 376 376 375 383 382 382 383 382 382 384 384 383 384 384 383 END
START 376 377 377 376 376 376 379 379 379 378 378 377 380 379 379 379 379 378 END
START 380 381 381 380 381 380 383 383 382 383 382 381 383 382 382 383 382 382 END
START 383 384 384 384 384 383 384 384 384 384 383 383 384 385 385 384 384 384 END
START 378 379 379 379 379 378 381 381 382 381 381 380 382 382 382 381 381 380 END
START 380 381 382 381 381 381 381 381 381 380 379 379 373 373 373 372 372 371 END
START 364 365 365 364 365 364 371 370 370 371 371 370 371 370 370 371 370 370 END
START 361 362 363 362 363 362 367 367 367 367 366 366 365 364 364 364 363 363 END
START 359 361 361 361 361 361 366 366 365 365 365 364 363 363 363 363 362 362 END
START 364 365 366 365 365 364 363 363 363 364 363 362 366 367 366 367 366 366 END
START 360 361 361 361 361 360 367 367 367 367 366 366 353 354 353 353 352 351 END
START 359 360 360 360 360 360 355 355 354 354 353 352 345 344 345 345 344 343 END
START 346 347 347 346 347 346 333 333 334 334 334 333 348 349 349 350 349 348 END
START 346 347 347 347 347 346 354 354 353 355 354 354 354 354 354 354 353 352 END
START 350 352 352 352 352 352 355 354 355 355 354 354 353 352 353 353 352 351 END
START 358 359 360 360 359 360 356 356 356 356 356 356 362 361 362 362 362 361 END
START 361 361 362 361 361 361 365 365 365 366 365 364 358 358 357 357 357 356 END
START 355 356 356 356 356 356 367 367 367 367 366 366 378 378 378 378 377 377 END