START 344 345 344 344 345 344 344 343 344 344 344 344 342 343 343 343 342 343 END
START 336 337 338 337 337 336 323 323 324 323 323 322 317 317 317 317 316 316 END
START 320 321 321 321 321 320 323 324 323 324 323 323 335 334 335 336 335 334 END
START 333 333 333 333 334 333 347 347 346 348 347 346 345 345 344 346 345 344 END
START 351 352 353 352 353 353 366 366 366 365 365 364 366 366 367 367 366 366 END
START 383 384 384 384 384 384 394 395 394 395 394 393 400 400 399 400 399 399 END
START 395 396 397 395 396 395 400 400 400 400 400 399 413 413 413 413 412 412 END
START 420 422 422 422 422 422 423 424 424 424 422 422 422 421 422 423 422 421 END
START 428 427 428 427 428 427 416 416 415 417 416 415 408 408 407 408 407 407 END
START 393 392 393 392 392 392 400 400 400 401 399 399 396 397 396 397 395 395 END
START 392 393 393 393 393 392 396 396 395 395 394 394 393 393 393 392 392 392 END
START 390 391 392 391 391 391 383 382 383 382 382 382 392 391 392 392 391 391 END
START 384 386 386 385 385 384 382 382 382 382 382 381 391 391 391 391 391 391 END
START 393 394 394 394 394 394 398 399 398 397 398 397 389 388 389 388 388 388 END
START 390 390 391 391 391 391 384 384 384 384 383 383 396 397 397 397 396 396 END
START 391 391 392 391 391 390 405 405 405 405 405 405 420 419 420 420 419 419 END
START 426 427 427 427 427 426 438 438 439 439 438 437 437 436 436 436 435 435 END
START 430 429 430 429 430 429 401 400 399 400 399 398 381 380 380 381 380 380 END
START 365 364 365 364 364 364 363 362 363 363 362 362 360 361 361 360 360 359 END