START 321 322 320 320 321 320 320 320 320 320 320 320 320 320 321 321 320 320 END
START 309 309 311 309 309 309 315 315 314 316 315 315 324 325 324 325 324 323 END
START 326 328 328 328 328 328 335 334 335 335 335 334 331 332 330 332 331 330 END
START 339 340 341 340 340 340 340 339 338 339 338 338 340 339 339 341 340 340 END
START 346 347 348 346 347 346 340 340 340 341 341 339 343 343 343 343 342 342 END
START 338 339 340 339 339 339 349 350 351 350 350 349 350 350 350 350 349 348 END
START 368 369 369 369 370 369 385 384 385 385 384 384 398 398 399 399 398 397 END
START 406 407 407 406 406 406 400 400 401 399 399 399 400 399 400 399 399 399 END
START 393 391 392 392 392 391 393 393 393 393 393 392 388 388 388 388 387 387 END
START 386 387 387 387 387 386 383 382 383 382 382 381 379 380 380 379 379 379 END
START 378 378 380 378 378 378 375 375 375 374 374 374 384 383 383 384 383 383 END
START 360 361 361 361 361 360 357 356 356 356 356 355 350 350 350 349 349 348 END
START 341 342 342 342 343 342 349 348 349 349 348 347 347 348 347 347 347 346 END
START 350 352 352 351 351 351 347 347 348 347 346 346 341 341 342 342 341 341 END
START 339 340 341 339 340 340 346 347 347 347 346 346 351 351 351 351 350 349 END
START 350 351 351 351 351 351 354 354 354 354 353 353 352 351 352 352 351 351 END
START 357 358 359 358 358 358 357 357 358 357 357 356 357 357 358 359 357 357 END
START 355 356 356 355 356 355 359 358 359 359 359 358 369 369 369 369 368 368 END
START 372 372 374 373 373 373 381 379 380 380 379 378 380 380 379 380 379 379 END
START 392 393 394 393 394 393 398 398 397 398 398 397 394 394 394 395 394 394 END
START 389 390 391 389 390 389 383 382 382 382 382 382 383 382 382 382 382 382 END