START 375 376 375 375 376 375 377 376 377 377 378 378 379 379 380 380 380 380 END
START 377 377 378 376 377 377 383 383 383 383 383 383 385 385 386 386 385 384 END
START 380 381 381 380 381 382 391 391 392 391 391 390 385 385 385 385 384 384 END
START 400 400 401 400 401 402 395 395 394 395 394 394 396 396 396 397 396 396 END
START 399 398 398 397 398 398 401 402 402 402 402 402 403 403 403 403 403 402 END
START 396 397 397 396 397 398 403 403 403 403 403 402 398 398 398 398 397 397 END
START 403 404 404 403 404 405 396 396 396 396 396 395 397 398 398 398 397 397 END
START 396 396 396 395 396 396 393 393 393 394 393 393 393 394 393 393 393 393 END
START 384 384 385 384 384 385 395 396 395 396 395 394 399 399 398 398 398 397 END
START 415 416 417 416 417 418 415 416 415 416 415 414 415 415 415 416 415 415 END
START 421 420 421 419 420 420 415 416 416 417 417 416 424 425 424 425 425 425 END
START 415 414 415 414 414 415 424 425 424 425 425 424 420 421 420 420 420 419 END
START 421 421 422 421 422 422 413 413 413 413 412 411 411 412 411 412 412 411 END
START 420 419 419 418 419 419 411 412 411 411 411 410 413 413 413 414 413 413 END
START 398 397 398 397 398 398 409 409 409 410 409 408 406 406 405 406 406 405 END
START 406 406 407 406 407 408 405 406 406 406 405 404 399 400 400 400 400 399 END
START 411 411 411 410 410 410 401 402 402 403 403 402 404 405 405 406 405 404 END
START 393 392 392 391 392 392 394 395 395 395 395 394 388 388 388 388 388 387 END
START 380 380 381 380 381 382 379 379 379 379 379 378 379 379 380 380 379 379 END
START 404 404 405 404 405 405 403 404 403 403 403 403 405 406 406 406 406 406 END