START 375 375 374 374 376 375 376 375 375 375 375 375 374 375 375 375 373 374 END
START 366 367 368 367 367 367 367 366 365 366 365 365 365 364 364 364 364 364 END
START 368 369 369 368 369 368 363 364 363 364 363 362 366 366 365 366 365 365 END
START 360 361 361 361 361 360 365 365 365 365 364 364 367 367 366 367 366 365 END
START 361 362 363 362 362 362 365 365 364 365 364 364 365 365 365 365 365 364 END
START 362 363 364 363 363 362 348 349 348 349 348 348 351 351 351 351 352 350 END
START 350 351 351 350 351 350 359 359 359 359 359 358 368 367 368 368 367 367 END
START 371 372 372 372 372 372 387 386 387 387 386 386 400 401 400 401 399 399 END
START 410 411 411 411 411 410 411 410 411 410 410 409 412 412 413 412 412 411 END
START 396 395 396 395 396 395 388 387 388 389 388 387 384 383 384 384 383 383 END
START 374 376 376 375 375 375 375 375 376 375 375 374 373 373 373 372 372 372 END
START 371 372 373 372 373 372 365 365 364 366 365 364 367 367 367 368 367 366 END
START 363 364 365 364 364 364 353 353 353 353 353 352 340 341 340 341 340 340 END
START 325 326 327 326 327 326 327 326 327 327 326 325 325 325 326 325 324 324 END
START 327 329 329 328 329 328 325 326 324 325 324 324 330 330 330 331 330 330 END
START 338 339 339 338 339 338 343 343 342 343 342 342 345 345 344 345 344 344 END
START 340 341 341 341 341 340 343 343 343 343 342 341 345 345 345 345 344 343 END
START 341 342 342 342 342 342 340 340 341 340 339 339 337 337 338 338 337 337 END
START 333 333 334 333 333 332 328 327 328 329 328 328 343 342 341 343 342 342 END
START 334 335 335 335 336 335 363 364 363 364 363 363 372 373 373 373 372 371 END
START 382 383 384 383 384 384 378 378 377 377 377 376 378 378 378 379 378 377 END
START 381 382 383 382 382 382 381 380 380 380 380 379 385 384 384 384 384 384 END
START 375 376 376 376 376 375 380 380 380 379 380 379 381 381 381 380 380 379 END