START 411 412 412 412 413 411 414 413 414 414 414 415 413 414 414 413 412 413 END
START 381 380 381 380 381 381 353 353 352 353 352 351 351 351 350 350 349 348 END
START 358 358 359 357 359 360 362 362 362 362 361 360 359 360 360 360 360 360 END
START 363 363 364 363 364 364 355 355 355 355 356 355 393 393 393 392 391 390 END
START 366 367 367 365 365 365 392 392 391 391 390 389 385 386 386 387 387 387 END
START 371 372 373 372 373 373 368 368 367 367 366 365 373 374 374 374 374 373 END
START 381 381 381 379 379 379 374 375 375 374 374 374 386 386 386 386 386 385 END
START 384 385 386 385 386 387 413 413 413 413 413 413 410 410 409 408 407 406 END
START 414 415 415 415 416 417 427 428 427 427 426 425 405 405 405 405 404 404 END
START 409 408 408 407 408 408 411 412 412 413 412 412 413 414 414 414 414 414 END
START 407 406 406 405 406 406 410 410 409 409 409 408 421 421 420 420 419 417 END
START 421 421 421 420 421 422 412 412 413 414 414 413 403 404 404 406 406 406 END
START 427 426 426 424 425 425 400 401 400 401 401 400 397 398 398 398 398 397 END
START 399 398 399 398 399 399 398 399 399 400 400 399 398 398 398 398 397 397 END
START 383 384 384 383 384 385 402 402 402 402 402 401 396 396 396 397 396 396 END
START 404 404 405 404 406 406 399 399 400 401 401 401 399 399 399 399 398 397 END
START 412 411 411 408 409 409 416 417 417 417 417 417 420 420 419 419 419 418 END
START 416 416 417 418 419 420 433 433 432 432 432 431 412 412 411 411 410 409 END