START 415 415 414 414 415 414 414 414 414 415 415 415 415 415 416 415 415 415 END
START 402 401 401 400 401 401 379 379 379 380 379 378 382 383 382 383 383 382 END
START 379 378 379 378 379 379 389 389 388 389 388 388 385 385 385 385 384 384 END
START 386 386 387 386 387 388 383 383 383 382 381 381 376 377 377 377 377 376 END
START 383 383 383 382 383 383 374 375 375 375 375 375 389 390 389 389 389 389 END
START 378 379 379 378 379 380 397 398 397 398 398 398 403 403 404 403 403 402 END
START 408 409 410 409 410 411 407 408 407 408 407 407 401 401 402 402 402 401 END
START 407 407 407 406 406 407 403 404 404 404 404 403 409 410 410 411 410 410 END
START 404 403 404 403 404 404 407 407 407 408 407 407 403 404 403 403 403 402 END
START 405 404 405 404 405 406 402 403 403 402 402 401 398 399 399 399 399 398 END
START 408 407 408 406 407 407 402 403 403 404 403 402 398 399 398 399 399 398 END
START 390 389 389 388 388 389 394 394 394 395 394 394 395 395 395 395 394 394 END
START 391 392 393 392 393 394 395 395 394 394 394 393 393 393 392 393 392 391 END
START 400 401 401 400 401 402 393 393 393 393 392 392 397 397 397 398 397 397 END
START 387 386 387 386 386 387 387 388 387 387 387 386 379 379 378 379 378 378 END
START 366 366 367 366 366 367 367 367 367 367 366 366 369 370 369 369 369 368 END
START 393 393 394 393 393 394 393 394 394 393 393 393 408 409 409 409 409 409 END