START 392 393 392 392 393 392 394 394 394 395 395 395 395 395 396 395 395 395 END
START 392 393 393 392 393 393 402 403 402 403 403 403 396 396 396 397 396 396 END
START 390 391 391 390 391 391 403 404 404 404 404 403 404 404 404 404 403 403 END
START 393 393 394 392 393 394 402 402 403 403 403 402 401 401 401 402 401 400 END
START 401 402 402 401 402 403 401 401 401 401 401 401 404 405 405 406 406 405 END
START 396 395 396 394 394 395 403 403 404 404 404 403 398 399 399 399 398 397 END
START 398 399 399 399 400 401 394 394 394 393 393 392 401 401 401 401 400 400 END
START 398 399 399 398 399 399 400 400 400 399 399 398 423 424 424 425 425 425 END
START 410 411 411 410 411 411 423 424 424 424 424 424 427 428 428 428 428 427 END
START 423 422 422 421 421 421 438 438 438 438 437 436 426 426 426 426 425 425 END
START 422 421 421 419 420 420 410 410 410 411 410 410 424 425 425 426 426 426 END
START 428 427 427 426 426 426 423 424 424 425 425 425 445 445 445 445 444 443 END
START 419 419 419 418 419 420 423 423 422 422 421 420 428 428 427 425 423 422 END
START 429 428 428 427 428 428 419 419 419 419 418 417 421 422 422 423 423 422 END
START 414 413 414 412 413 413 408 409 409 410 409 409 428 429 429 430 430 430 END
START 414 413 413 412 413 413 427 427 427 427 427 426 418 418 416 416 416 414 END
START 410 410 411 410 412 413 411 412 411 410 409 408 413 413 413 414 413 413 END
START 419 418 419 417 417 418 405 405 406 406 406 405 403 403 403 404 404 403 END
START 395 394 394 392 394 394 406 407 407 408 407 406 397 397 397 398 398 397 END
START 395 396 397 396 397 397 391 392 392 393 392 392 396 397 397 397 397 397 END
START 394 394 395 393 394 394 387 387 387 388 387 387 383 384 384 384 384 384 END
START 378 379 380 379 380 380 392 393 393 394 394 393 391 391 390 389 388 387 END
START 393 393 394 393 394 395 392 392 391 391 390 389 393 393 393 393 392 392 END
START 389 390 390 389 389 390 390 391 391 393 393 393 391 392 391 391 391 391 END
START 390 390 391 389 390 390 393 393 393 393 393 392 389 389 389 389 389 388 END
START 390 390 391 390 391 392 393 394 394 394 394 394 385 385 385 385 385 385 END
START 397 397 398 396 397 398 388 388 387 388 387 387 398 399 399 399 399 398 END