START 292 291 290 290 292 290 292 291 292 292 293 293 293 294 294 294 293 294 END
START 299 300 301 299 300 299 305 304 305 305 305 304 315 314 315 315 315 314 END
START 314 314 314 314 315 314 326 326 326 327 326 325 327 326 327 328 327 326 END
START 334 335 335 335 335 335 338 339 338 339 338 337 341 341 341 342 342 340 END
START 347 348 348 347 348 348 351 351 350 352 352 351 353 353 353 353 353 352 END
START 344 345 346 345 345 345 353 353 354 354 354 353 363 362 363 363 361 361 END
START 367 368 369 368 369 368 376 375 376 376 375 375 384 385 384 385 384 384 END
START 401 402 402 401 401 401 405 404 404 405 404 404 404 405 404 404 404 403 END
START 396 394 395 395 394 394 397 397 397 398 396 396 395 396 395 396 395 394 END
START 390 391 392 391 392 391 386 386 386 386 385 384 383 383 384 383 382 382 END
START 380 381 382 381 382 381 379 379 379 379 378 378 380 381 380 380 380 379 END
START 371 372 372 371 372 371 377 377 376 377 376 376 379 380 380 380 379 379 END
START 370 371 372 372 372 372 366 365 365 366 365 365 365 365 364 365 364 364 END
START 371 372 372 372 371 371 368 368 368 368 367 367 366 366 366 366 366 365 END
START 361 362 361 361 362 361 366 367 366 366 366 365 366 367 366 367 366 365 END
START 360 361 361 361 361 360 355 355 354 354 354 353 349 349 348 349 348 347 END
START 353 354 355 354 355 354 353 352 352 352 352 351 352 352 353 353 352 351 END
START 353 354 355 353 354 354 359 358 360 360 360 359 361 360 361 360 360 359 END
START 354 355 355 355 355 355 356 357 356 356 355 355 353 353 353 353 352 352 END
START 359 360 361 359 360 360 358 357 358 358 358 357 365 365 366 366 366 365 END
START 374 374 375 373 374 373 373 372 373 373 372 372 391 391 390 391 390 389 END
START 406 407 408 407 408 407 427 426 426 427 427 426 429 428 429 428 428 428 END