START 387 387 386 386 387 387 389 387 388 389 388 389 389 389 390 390 389 390 END
START 381 382 382 381 382 381 385 385 385 385 384 384 388 388 388 387 387 387 END
START 381 382 383 382 382 382 384 384 384 383 383 382 377 377 377 377 376 376 END
START 377 378 379 377 378 378 371 371 372 370 370 370 373 373 373 374 373 372 END
START 363 364 363 363 364 363 369 369 368 369 368 368 356 356 355 356 355 355 END
START 362 363 363 362 363 362 367 367 366 366 366 365 365 364 365 364 363 363 END
START 377 378 379 378 378 378 378 379 378 379 378 377 381 382 381 381 380 380 END
START 383 385 384 384 385 384 385 384 384 384 384 383 377 377 377 377 376 376 END
START 370 371 372 371 371 370 373 373 373 372 372 372 363 363 362 362 362 362 END
START 365 365 366 366 365 365 359 358 357 358 357 357 354 355 354 355 354 354 END
START 357 357 358 357 358 356 360 360 361 361 360 360 360 359 360 360 359 359 END
START 357 358 358 357 358 358 364 363 363 363 362 361 364 363 364 364 362 362 END
START 358 360 360 360 361 360 353 354 353 353 353 352 355 355 355 356 355 354 END
START 355 356 356 355 355 354 357 356 357 357 356 356 363 361 363 363 361 361 END
START 358 359 360 358 359 358 364 364 365 365 364 363 360 359 359 360 358 358 END
START 353 355 355 354 355 354 347 347 346 347 346 345 335 335 335 336 336 335 END
START 335 337 337 336 337 336 327 327 327 328 327 326 325 325 324 326 324 324 END
START 317 318 319 318 318 317 351 352 351 353 352 352 377 377 376 378 376 376 END
START 404 405 405 405 405 405 409 408 408 408 407 407 404 403 403 404 404 403 END