START 361 362 360 361 361 361 362 361 361 362 362 361 361 361 361 362 360 361 END
START 362 362 363 362 362 362 363 363 361 363 361 361 360 360 360 360 359 359 END
START 365 366 366 365 366 364 362 363 362 363 362 361 367 367 367 367 367 366 END
START 362 364 364 363 364 362 368 368 368 368 367 367 369 370 368 369 369 368 END
START 365 366 367 366 367 366 361 361 360 361 360 359 356 357 357 357 356 356 END
START 351 352 353 352 352 351 341 341 341 341 340 340 341 340 341 341 340 339 END
START 342 343 344 343 343 342 358 357 358 358 357 357 369 369 369 369 368 367 END
START 372 374 374 374 374 374 391 390 390 391 390 389 393 393 392 392 392 391 END
START 400 400 401 400 401 400 394 393 394 393 393 393 398 397 398 398 397 397 END
START 398 397 398 397 397 396 398 397 398 397 397 397 399 398 399 399 398 398 END
START 390 391 391 391 391 391 396 396 396 395 395 395 388 387 388 387 387 386 END
START 392 392 393 392 393 392 389 388 389 388 388 388 396 396 396 396 396 396 END
START 373 374 374 373 374 373 356 356 356 356 356 355 350 349 350 349 349 348 END
START 356 357 358 357 357 356 367 366 367 367 366 365 365 366 366 366 365 364 END
START 369 371 371 371 371 370 367 368 367 367 367 366 369 370 369 370 369 368 END
START 370 372 371 371 371 371 372 372 372 373 371 371 372 373 372 373 372 371 END
START 364 365 365 364 365 364 359 359 359 359 358 358 343 342 342 342 341 340 END
START 328 329 329 329 329 329 323 323 323 323 322 321 325 325 326 326 325 324 END
START 332 333 334 332 333 332 341 342 341 343 342 341 355 356 355 356 355 355 END
START 388 390 390 390 390 390 429 429 430 429 428 428 440 439 439 439 439 438 END