START 436 437 436 435 435 434 430 429 429 428 428 427 420 420 420 419 418 418 END
START 432 432 432 432 433 434 410 410 410 410 409 408 413 414 414 415 415 415 END
START 425 424 424 422 422 422 417 418 418 419 419 419 437 437 437 438 437 437 END
START 410 410 410 409 410 411 438 438 437 438 437 437 418 419 417 417 416 415 END
START 421 421 421 421 422 423 401 401 400 401 400 399 399 400 400 401 401 400 END
START 408 407 407 405 406 406 396 397 397 398 398 398 416 416 416 416 416 415 END
START 404 404 404 403 404 405 441 442 441 442 441 441 432 432 430 430 429 428 END
START 439 439 441 441 442 443 435 435 435 433 433 431 419 419 419 420 420 419 END
START 441 440 440 438 438 439 417 418 418 419 419 419 444 445 445 446 447 446 END
START 416 415 416 415 416 416 437 438 437 438 437 437 432 432 432 431 430 429 END
START 427 427 428 428 429 430 423 423 422 422 421 420 411 411 410 411 411 410 END
START 439 439 439 437 438 438 407 408 408 408 409 408 415 416 415 416 416 416 END
START 392 391 391 390 391 391 403 404 404 405 405 404 408 408 407 407 407 406 END
START 400 401 402 401 402 403 399 399 400 399 398 398 394 394 395 395 395 394 END
START 406 405 405 404 405 405 388 389 388 389 389 388 402 403 402 404 403 403 END
START 391 391 391 389 390 390 400 400 400 401 400 400 397 398 398 397 397 396 END
START 381 382 383 382 383 384 377 378 378 377 376 376 382 382 382 383 382 382 END
START 421 422 423 421 423 423 409 410 409 410 409 409 420 421 421 422 421 421 END
START 410 409 409 407 408 408 418 419 419 420 420 420 421 421 421 420 420 419 END
START 405 404 405 404 406 407 417 418 417 417 416 415 400 401 400 400 400 399 END