START 333 333 332 332 333 332 333 332 333 333 333 333 334 334 335 335 333 335 END
START 337 338 339 338 338 338 341 340 340 341 340 339 345 344 343 345 344 344 END
START 341 342 343 342 343 342 349 349 349 349 348 348 350 350 351 350 349 348 END
START 353 354 355 354 354 354 354 354 355 354 353 353 354 354 355 354 354 353 END
START 361 361 362 361 362 361 354 353 355 355 354 354 360 359 360 361 359 359 END
START 354 355 356 355 356 355 366 366 366 367 366 365 370 369 370 370 369 369 END
START 373 374 375 375 375 374 379 380 379 380 378 378 378 378 377 378 377 377 END
START 384 385 386 385 386 385 379 379 378 379 379 379 376 375 375 376 376 375 END
START 371 372 373 372 373 372 376 375 375 376 375 374 375 374 374 374 373 373 END
START 374 375 376 375 376 375 377 376 375 376 376 375 370 370 370 371 369 369 END
START 375 375 376 375 376 375 369 368 368 369 368 368 370 371 370 370 370 369 END
START 367 368 368 367 368 367 365 366 365 365 364 364 353 352 352 353 351 351 END
START 350 352 351 351 352 351 355 355 354 355 353 353 351 350 351 351 351 350 END
START 358 359 360 359 359 358 353 352 354 354 353 353 357 356 358 358 357 357 END
START 360 361 361 360 361 360 360 359 360 360 359 359 360 360 360 361 360 359 END
START 362 362 363 362 363 362 366 365 366 366 365 364 360 360 360 360 359 359 END
START 363 363 364 363 364 364 369 369 368 369 369 368 370 369 370 370 370 369 END
START 362 363 362 362 362 361 363 363 363 363 363 362 363 363 362 363 362 362 END
START 360 361 362 361 361 360 366 367 366 366 365 365 368 368 367 368 367 367 END
START 380 381 381 381 382 381 398 398 398 398 398 397 416 417 417 417 417 416 END
START 424 425 424 425 425 424 413 413 413 412 412 412 403 402 403 403 402 402 END
START 394 392 393 393 393 393 391 391 392 392 391 390 385 385 384 385 384 383 END