START 357 357 356 356 356 355 356 355 355 355 355 355 354 354 354 354 353 354 END
START 363 362 363 362 362 362 363 363 364 364 363 363 363 362 363 363 362 362 END
START 364 365 366 365 365 365 365 365 364 365 364 363 360 361 361 361 360 359 END
START 365 367 366 366 367 366 365 365 364 365 364 363 366 367 367 367 367 366 END
START 365 366 366 365 365 365 368 368 368 368 367 367 376 376 376 377 376 375 END
START 393 394 395 394 395 394 412 412 411 411 411 410 413 412 412 413 411 411 END
START 408 410 409 409 410 408 401 400 400 401 400 399 399 398 399 400 399 398 END
START 393 391 392 392 392 391 389 389 389 390 389 388 389 388 389 388 388 388 END
START 380 381 382 381 381 381 380 380 380 379 379 378 375 375 375 374 374 373 END
START 377 377 379 377 378 377 374 373 373 374 373 372 370 369 369 370 369 369 END
START 372 373 374 373 373 372 350 350 349 350 349 348 337 337 337 337 336 336 END
START 314 315 316 315 315 315 325 325 325 325 324 323 326 325 325 326 325 324 END
START 332 332 333 333 332 332 332 333 332 333 332 331 337 338 337 338 337 337 END
START 340 340 341 340 340 340 343 342 342 343 342 342 347 348 347 348 348 347 END
START 344 345 345 344 344 344 346 347 347 347 346 345 346 346 346 346 345 344 END
START 342 343 343 343 343 342 337 337 337 337 336 336 340 340 341 341 341 339 END
START 342 344 344 343 344 343 346 346 345 346 345 345 362 362 363 363 362 361 END
START 367 369 368 368 369 368 384 384 384 384 384 383 385 386 385 385 385 384 END
START 384 385 386 385 385 385 383 382 382 382 381 381 385 385 385 384 384 384 END
START 393 395 394 394 394 394 394 395 395 395 395 394 402 402 402 402 402 402 END
START 396 397 397 397 397 397 403 402 402 402 402 402 400 400 400 400 399 398 END
START 396 397 398 397 397 397 396 397 397 397 396 395 390 388 389 389 389 389 END
START 394 395 395 394 394 394 387 387 387 387 387 386 386 386 386 386 386 385 END
START 381 382 382 381 381 381 382 383 383 382 382 382 379 379 379 378 377 377 END
START 354 355 356 355 355 355 340 340 340 340 339 339 329 328 328 329 328 328 END
START 331 331 332 331 332 331 332 331 332 332 331 331 336 337 336 337 337 336 END
START 335 336 336 335 335 335 339 339 338 339 339 338 338 337 336 337 337 336 END
START 340 341 341 341 342 341 341 340 339 340 339 339 341 340 340 341 340 340 END
START 346 347 348 347 348 347 350 350 349 351 350 349 353 353 354 354 353 353 END
START 359 360 360 359 360 359 358 358 358 359 358 358 369 368 369 368 368 367 END
START 366 367 367 367 367 367 373 373 373 374 373 372 367 367 367 367 367 366 END