START 332 332 331 330 331 331 332 330 331 331 331 332 331 332 332 332 331 332 END
START 339 339 340 339 340 339 337 336 336 337 337 336 340 339 339 340 340 339 END
START 337 338 338 337 338 336 343 342 342 343 342 342 347 347 347 346 346 345 END
START 343 344 345 344 344 344 350 349 350 349 348 347 351 351 351 351 350 350 END
START 360 361 362 361 362 361 372 373 373 372 372 371 380 380 381 381 380 380 END
START 384 385 385 385 385 384 388 387 388 388 388 387 390 390 389 389 388 388 END
START 385 386 387 386 386 386 389 389 389 389 388 388 384 383 384 383 383 382 END
START 386 388 388 387 388 387 381 381 382 381 380 380 387 387 387 387 387 387 END
START 384 385 385 385 385 385 384 385 384 384 384 384 385 386 386 385 385 384 END
START 372 372 373 372 373 372 378 378 378 378 378 377 376 376 376 375 374 373 END
START 360 362 362 361 362 361 355 353 354 354 353 353 353 353 353 353 353 353 END
START 348 349 350 348 348 348 342 341 342 342 341 340 337 337 338 337 337 336 END
START 334 336 336 336 336 335 329 329 329 329 328 327 325 325 324 325 324 324 END
START 337 337 339 338 338 338 343 344 343 344 343 343 347 347 346 348 346 347 END
START 343 345 345 344 345 343 340 341 341 341 340 340 349 349 349 349 349 348 END
START 338 339 340 339 340 340 338 338 339 338 337 336 335 335 335 335 334 334 END
START 340 340 341 340 341 340 347 347 346 347 346 346 348 348 348 349 348 348 END
START 364 366 366 365 366 364 370 370 371 371 370 369 380 380 380 380 379 378 END
START 381 382 382 382 382 382 385 384 384 384 384 383 386 385 385 385 384 384 END