START 362 363 362 362 363 363 364 363 363 364 364 365 365 365 365 365 364 365 END
START 358 359 360 359 360 359 364 365 364 365 364 363 364 364 363 363 362 362 END
START 363 364 364 364 365 364 364 363 363 363 363 362 364 365 364 365 364 364 END
START 373 374 374 373 374 373 359 360 359 360 359 359 368 367 367 368 367 366 END
START 362 363 363 362 362 361 365 365 366 365 365 364 371 371 370 371 370 369 END
START 373 374 375 374 374 374 368 367 367 367 366 366 370 370 369 370 369 369 END
START 372 373 373 372 373 372 373 373 373 374 373 372 373 373 372 373 372 372 END
START 368 369 369 368 369 368 365 364 364 365 364 364 365 364 364 364 363 363 END
START 365 367 367 366 367 366 365 365 364 365 363 363 370 370 369 369 369 368 END
START 375 376 376 376 376 376 372 372 372 372 371 371 374 375 374 375 374 373 END
START 376 377 377 376 376 376 378 377 377 378 377 377 379 379 379 380 379 379 END
START 377 378 379 378 378 378 379 378 378 379 377 377 377 376 375 377 375 375 END
START 376 377 377 377 377 376 369 369 369 369 368 368 359 359 359 359 359 358 END
START 344 344 345 344 344 344 332 332 332 333 332 332 339 338 339 339 338 337 END
START 339 339 341 339 340 339 343 343 343 344 343 342 345 345 344 345 345 344 END
START 348 350 350 349 349 348 346 346 347 346 346 345 345 345 346 346 345 344 END
START 348 349 350 349 349 348 356 356 356 356 355 355 363 363 364 364 363 362 END
START 359 360 361 360 360 359 368 367 367 368 367 366 362 363 362 363 362 362 END
START 368 369 370 369 370 370 380 381 380 380 380 379 375 375 374 375 374 374 END
START 376 377 377 376 377 376 374 375 375 374 374 373 373 372 372 372 372 372 END
START 370 371 372 371 371 370 380 379 379 380 379 378 373 372 371 372 372 371 END