START 399 399 398 398 399 397 396 395 395 395 395 395 391 392 392 391 390 390 END
START 378 379 380 379 380 381 381 380 380 379 379 378 386 386 386 386 385 385 END
START 387 387 388 386 387 387 383 384 383 384 384 384 388 388 389 389 388 387 END
START 386 387 388 386 387 388 395 396 396 397 397 397 390 390 390 390 389 388 END
START 387 388 388 388 388 389 395 395 395 394 394 394 389 390 389 389 388 387 END
START 387 388 388 387 387 388 373 373 373 373 373 372 381 381 381 380 380 379 END
START 397 398 398 397 398 398 418 418 418 418 418 418 425 425 425 425 425 424 END
START 418 418 419 418 419 420 428 429 428 428 428 427 418 418 418 418 417 416 END
START 428 427 428 426 427 428 415 415 415 415 415 414 415 416 416 417 416 416 END
START 425 424 424 423 423 424 421 421 421 423 422 422 417 418 418 419 418 418 END
START 421 421 421 421 422 422 424 425 425 425 424 423 419 419 419 420 420 419 END
START 426 425 426 425 426 427 418 418 418 418 418 417 413 414 414 415 415 415 END
START 421 420 420 419 419 420 423 424 424 425 424 424 429 429 429 430 429 429 END
START 406 406 407 406 407 408 402 403 402 402 402 401 393 394 393 393 392 392 END
START 408 407 408 407 407 408 395 396 396 396 395 394 400 400 400 401 400 401 END
START 408 407 408 407 408 409 399 399 399 399 399 399 403 403 403 403 403 402 END
START 394 393 394 393 394 394 399 400 400 400 400 400 396 396 396 395 395 394 END
START 393 393 394 392 393 394 393 393 393 393 393 392 384 384 384 385 384 384 END
START 405 406 406 405 407 408 411 411 411 411 410 410 420 420 421 420 419 419 END
START 399 398 399 398 399 400 408 408 408 408 408 407 392 392 392 392 391 391 END