START 356 356 355 355 357 357 357 356 357 357 357 358 357 358 358 358 356 358 END
START 350 352 352 352 352 351 356 356 357 357 356 355 354 352 354 353 352 352 END
START 354 355 355 355 354 354 324 323 324 323 323 322 299 299 300 300 299 298 END
START 290 292 292 291 291 290 299 299 298 300 299 299 308 307 308 308 308 307 END
START 313 313 314 313 313 313 324 323 324 323 323 322 327 327 328 328 326 326 END
START 331 332 332 332 333 332 338 338 337 338 337 336 338 339 337 339 338 337 END
START 347 348 349 348 348 347 345 344 344 346 345 344 354 353 352 354 353 352 END
START 352 353 354 353 353 352 359 358 359 359 358 357 358 357 358 358 357 356 END
START 355 356 356 355 355 355 347 346 347 346 345 345 345 344 345 345 344 344 END
START 351 351 352 351 352 351 356 356 356 356 355 355 365 365 365 366 365 364 END
START 379 381 381 380 381 380 397 397 398 398 397 397 401 402 401 401 400 400 END
START 405 406 406 406 407 406 416 416 416 415 415 414 410 411 411 411 410 409 END
START 409 408 408 409 409 408 407 406 407 407 406 406 404 404 404 405 404 403 END
START 398 396 397 397 397 396 401 401 402 402 401 400 397 397 397 397 396 396 END
START 389 390 390 389 390 389 389 389 390 390 388 388 386 386 386 385 385 384 END
START 384 385 386 385 386 385 380 380 380 379 379 378 378 378 378 378 377 377 END
START 354 355 356 354 355 354 337 336 336 337 336 336 336 336 336 336 336 335 END
START 333 334 334 334 334 333 342 342 340 342 341 340 339 338 337 339 338 337 END
START 347 349 349 349 349 349 355 356 356 356 354 354 363 362 362 364 363 363 END
START 368 369 368 368 368 367 364 363 365 365 363 363 369 370 370 370 369 368 END
START 363 364 364 363 364 364 370 370 369 370 369 368 368 368 367 367 366 366 END
START 360 362 362 361 362 362 354 354 353 354 353 352 354 354 354 354 354 353 END
START 356 356 357 355 356 354 353 352 353 353 352 352 349 348 349 349 349 348 END
START 369 370 370 370 370 370 400 400 400 400 400 400 423 424 424 424 423 423 END
START 433 434 434 434 434 433 430 429 429 430 428 428 419 419 418 419 419 418 END