START 341 342 341 341 342 342 342 341 342 342 342 343 343 343 344 344 343 344 END
START 345 345 346 345 346 345 348 348 348 349 348 347 351 351 351 352 351 350 END
START 347 348 349 348 349 348 353 354 354 354 353 353 355 354 355 355 355 354 END
START 357 359 359 358 358 358 359 359 359 359 359 358 361 360 362 362 362 361 END
START 357 358 358 357 358 357 359 359 360 360 359 358 361 361 360 361 360 359 END
START 363 364 364 363 364 364 373 372 373 373 372 372 369 369 368 369 368 368 END
START 372 373 373 373 374 373 373 373 373 373 372 372 373 374 373 374 373 373 END
START 372 373 373 372 372 372 372 372 372 372 372 372 377 376 376 377 376 375 END
START 367 368 368 368 368 368 375 374 374 374 373 373 374 374 373 373 373 372 END
START 377 378 379 378 379 378 367 367 366 367 366 365 361 361 360 361 361 361 END
START 364 365 366 365 365 364 363 364 363 363 363 363 366 366 366 366 366 365 END
START 362 364 364 363 364 363 368 368 368 368 368 367 367 367 367 367 366 365 END
START 364 365 366 365 366 365 367 367 367 367 367 366 364 364 363 364 363 362 END
START 373 374 374 373 374 373 366 367 366 367 366 366 365 365 364 365 364 364 END
START 362 364 364 363 363 362 368 369 368 369 367 367 367 367 366 367 366 365 END
START 364 365 365 365 365 365 364 364 362 363 362 362 361 362 361 362 361 360 END
START 365 366 367 366 367 366 364 364 363 364 363 363 369 369 368 369 368 368 END
START 365 367 366 366 367 366 371 371 370 371 370 370 370 370 369 370 369 368 END
START 366 367 366 366 367 366 359 358 357 358 357 356 350 350 350 350 349 349 END
START 348 349 349 349 349 348 347 346 348 347 347 346 356 357 357 357 356 356 END
START 374 375 376 375 375 375 396 396 397 396 395 396 406 405 405 405 405 404 END
START 401 402 403 403 403 403 398 397 398 397 397 396 392 392 392 392 391 390 END
START 393 392 393 392 393 392 386 385 386 385 385 385 388 387 388 387 387 387 END