START 340 340 339 339 339 340 340 339 339 340 340 340 340 341 341 341 340 342 END
START 347 348 348 348 348 348 348 349 349 349 348 348 353 353 354 354 353 352 END
START 350 351 351 351 351 351 356 356 357 356 355 355 356 356 357 357 355 355 END
START 355 356 357 355 356 356 359 359 359 359 358 357 362 361 362 361 361 361 END
START 365 366 366 366 366 365 361 361 362 362 362 361 369 369 368 369 368 367 END
START 357 358 359 358 358 357 351 351 351 351 350 350 347 347 346 346 346 345 END
START 343 344 344 344 344 343 346 345 346 346 346 345 350 351 351 351 351 350 END
START 368 369 368 368 369 368 373 373 373 373 372 372 383 382 383 383 382 382 END
START 384 385 385 385 385 384 389 388 388 389 388 388 392 392 392 391 390 390 END
START 387 388 388 387 388 388 386 387 386 386 385 384 383 383 384 383 382 383 END
START 384 385 385 385 385 385 382 382 383 382 382 381 384 384 384 384 383 383 END
START 379 380 380 379 380 379 383 383 383 382 383 381 385 385 385 385 384 384 END
START 361 362 362 362 362 362 346 346 347 346 345 345 330 330 330 329 329 328 END
START 334 334 335 334 334 334 338 338 339 338 337 337 346 347 346 347 346 346 END
START 347 347 348 347 347 347 354 353 353 354 354 353 356 357 357 357 356 355 END
START 356 358 358 358 358 358 359 358 358 359 357 357 353 352 352 352 352 351 END
START 355 356 356 355 356 355 359 359 359 359 358 358 365 365 366 366 365 365 END
START 367 368 367 367 368 367 376 375 376 376 375 375 374 374 373 373 372 372 END
START 368 369 369 369 370 369 374 374 373 374 373 372 374 373 373 374 374 373 END
START 377 378 378 378 379 378 375 374 374 375 374 374 377 377 376 377 376 376 END