START 336 337 335 335 336 335 334 333 333 333 333 333 329 330 330 329 328 329 END
START 309 310 311 310 310 309 299 299 298 299 299 298 304 304 304 305 304 303 END
START 313 314 315 314 315 314 322 321 321 321 321 320 330 331 331 331 330 330 END
START 332 333 334 333 333 333 344 345 344 345 344 343 341 340 340 341 340 340 END
START 345 347 348 347 347 347 354 355 354 355 354 353 369 370 370 371 370 370 END
START 389 390 390 390 390 390 397 397 398 398 397 397 408 407 407 407 406 405 END
START 395 396 396 395 396 395 398 397 397 397 397 396 381 381 381 381 380 380 END
START 379 380 381 381 381 380 380 378 380 378 379 378 371 371 371 371 371 370 END
START 372 372 373 372 372 372 367 366 366 366 366 365 375 375 374 376 375 375 END
START 363 365 365 364 365 364 374 375 374 375 374 373 372 372 372 372 372 370 END
START 374 376 376 376 376 376 375 374 374 374 373 373 365 365 365 365 365 364 END
START 367 368 368 368 368 368 365 365 364 365 364 363 372 373 372 373 372 372 END
START 371 372 372 371 372 371 376 377 376 377 376 376 381 380 380 380 379 379 END
START 377 378 378 377 378 378 387 385 385 386 386 385 389 388 388 389 387 387 END
START 391 392 392 392 391 391 382 382 382 382 381 381 382 382 382 382 382 382 END
START 379 380 381 380 380 380 380 380 380 380 379 379 381 381 381 381 380 379 END
START 372 373 374 373 374 373 373 372 372 372 372 371 367 367 367 367 366 365 END
START 368 369 369 369 368 368 365 364 365 365 365 364 368 368 367 368 367 367 END
START 360 361 362 361 362 361 367 368 367 368 367 366 369 369 368 369 368 368 END
START 361 362 363 362 363 362 365 365 364 365 364 363 362 363 361 362 361 360 END
START 360 360 362 360 361 360 347 347 347 347 346 345 341 341 340 341 340 340 END
START 334 335 335 334 334 334 338 339 339 339 338 338 342 342 343 342 342 341 END
START 336 337 338 337 337 337 347 347 346 348 347 346 345 345 346 345 344 344 END
START 350 351 352 352 352 351 348 348 349 349 348 347 344 345 345 345 344 343 END
START 341 342 342 341 341 341 345 345 346 346 345 344 351 351 351 352 351 350 END
START 342 344 344 343 344 344 355 356 356 356 355 354 370 369 371 370 370 369 END
START 400 401 401 401 401 401 420 420 420 420 419 419 424 424 424 425 424 423 END