START 368 368 367 367 368 368 367 366 367 367 367 367 366 366 367 366 365 366 END
START 368 369 369 369 369 368 373 373 372 373 372 371 368 368 368 368 368 367 END
START 368 369 370 369 369 369 375 374 374 375 375 374 383 383 383 383 383 382 END
START 376 377 378 377 377 377 377 376 376 376 376 375 370 370 370 369 369 368 END
START 372 374 374 374 374 374 372 372 372 373 371 371 378 379 378 378 378 377 END
START 382 382 383 382 382 381 373 372 371 372 372 371 380 379 379 380 379 379 END
START 367 368 368 367 367 367 373 372 372 372 372 371 376 376 375 376 376 375 END
START 372 373 374 373 374 374 369 368 368 368 367 367 379 378 378 379 379 378 END
START 395 396 396 395 395 395 388 389 388 388 388 387 390 390 390 391 390 389 END
START 381 382 383 381 382 382 374 373 374 373 373 372 365 364 365 364 364 363 END
START 362 363 364 363 363 364 368 367 367 368 367 366 364 365 364 365 364 363 END
START 373 374 375 373 374 374 372 372 371 372 371 372 368 369 367 368 368 367 END
START 364 364 365 363 364 363 370 369 369 370 369 369 368 369 368 369 368 367 END
START 363 365 365 364 365 364 370 370 369 370 369 368 365 366 365 365 365 364 END
START 365 367 367 366 366 366 362 363 362 362 361 361 362 362 362 362 362 361 END
START 364 365 365 364 365 364 365 365 365 365 364 364 364 365 364 364 363 362 END
START 352 353 353 352 353 352 348 349 348 348 347 347 348 348 347 348 347 346 END
START 352 353 354 353 353 353 348 348 349 348 348 347 352 352 353 353 351 351 END
START 357 358 358 357 358 358 355 355 356 355 354 354 357 356 357 357 356 355 END
START 356 358 358 357 358 358 359 358 359 359 358 357 349 348 349 349 348 347 END
START 344 344 345 344 345 344 343 342 343 342 341 341 344 344 345 345 344 344 END
START 345 345 346 345 345 345 360 361 361 361 360 360 366 367 367 367 366 366 END
START 378 379 380 379 379 378 391 392 391 392 390 390 375 375 375 375 374 374 END
START 370 371 371 371 371 370 369 368 369 369 369 368 372 371 372 373 371 371 END
START 373 374 374 374 374 373 372 373 372 373 372 372 375 374 374 375 374 374 END