START 348 348 347 347 348 347 348 348 348 349 349 350 349 349 350 350 349 350 END
START 326 327 328 327 327 326 324 324 325 325 324 323 328 329 329 329 328 327 END
START 328 329 329 329 329 329 336 336 335 336 335 335 335 335 334 335 334 334 END
START 340 342 342 341 342 341 337 336 336 336 336 335 342 341 341 342 342 341 END
START 344 345 346 344 345 344 349 349 348 349 349 348 353 353 354 353 353 352 END
START 353 354 354 354 354 354 358 358 359 358 357 357 360 359 360 360 359 359 END
START 361 362 363 362 362 362 359 359 359 360 359 359 365 364 365 365 365 364 END
START 371 372 373 372 372 372 382 381 382 382 381 381 385 385 384 385 384 384 END
START 388 390 390 389 390 390 387 387 387 386 386 385 389 389 389 389 388 388 END
START 389 390 390 389 390 389 389 389 389 389 389 388 390 390 390 390 390 389 END
START 385 386 386 385 385 384 383 384 384 384 383 384 384 383 384 383 382 382 END
START 375 376 376 376 376 376 381 381 382 381 380 380 383 383 383 382 382 381 END
START 383 384 384 384 385 384 382 382 382 382 381 381 383 383 383 383 382 383 END
START 383 384 385 384 384 383 380 380 380 380 380 379 380 380 380 380 380 379 END
START 369 370 371 370 370 370 358 358 358 357 356 356 342 342 342 341 341 340 END
START 329 329 330 330 330 329 322 321 322 322 321 320 320 320 320 320 320 319 END
START 329 330 330 329 330 328 329 330 329 330 329 329 338 339 338 339 338 338 END
START 332 333 334 332 333 332 340 341 340 341 340 340 341 340 340 341 340 339 END
START 342 343 344 343 342 342 352 352 351 352 351 350 356 356 356 356 356 355 END
START 361 362 363 362 362 362 359 358 359 359 359 358 366 365 367 367 366 365 END
START 360 362 362 361 362 361 364 363 364 364 364 363 381 381 380 380 380 379 END
START 384 385 386 386 386 386 409 409 408 409 408 408 415 416 415 415 415 415 END