START 367 367 366 366 367 366 366 366 366 366 366 367 366 367 367 367 366 367 END
START 372 372 372 371 372 372 366 366 366 366 366 365 372 373 373 373 373 373 END
START 372 372 373 372 373 374 375 375 375 375 375 374 370 370 370 369 369 368 END
START 378 379 379 378 379 380 369 369 368 369 368 368 360 361 361 361 361 360 END
START 356 356 357 355 356 356 350 350 350 350 349 349 346 346 347 347 347 347 END
START 346 347 347 346 346 347 366 367 367 367 367 366 385 386 386 386 385 384 END
START 409 410 411 410 411 411 414 414 414 413 413 412 416 417 417 418 417 417 END
START 429 428 429 427 428 428 419 419 418 419 419 418 423 424 423 425 425 425 END
START 416 415 415 413 414 414 420 421 420 422 422 421 418 418 418 417 417 416 END
START 419 418 419 419 420 421 421 421 421 421 420 419 413 413 413 414 414 414 END
START 427 426 427 426 426 426 408 409 409 410 409 409 421 422 421 422 422 422 END
START 426 425 426 424 424 425 406 406 406 407 406 405 404 405 405 406 406 405 END
START 401 400 401 401 402 403 400 400 400 400 400 399 396 397 397 397 397 396 END
START 409 409 409 408 408 408 396 396 396 396 396 395 400 400 400 401 401 401 END
START 398 397 398 396 397 397 397 398 397 397 397 396 396 397 397 397 397 396 END
START 389 390 390 389 390 390 394 394 394 394 393 393 390 390 390 390 390 389 END
START 382 383 383 382 383 384 382 382 382 383 383 382 397 397 397 398 397 397 END
START 406 406 407 406 407 407 411 412 412 413 412 412 412 412 412 412 411 411 END
START 411 411 411 410 411 412 420 420 420 421 421 420 417 417 417 418 418 417 END