START 370 370 369 369 369 368 369 369 369 369 369 369 369 369 370 369 369 370 END
START 375 375 376 375 375 376 368 369 369 369 369 368 376 377 377 377 376 376 END
START 374 374 375 374 375 375 387 388 388 388 388 387 383 383 382 382 382 382 END
START 390 390 391 390 391 392 393 393 393 392 392 391 392 393 393 393 393 392 END
START 395 396 396 395 396 396 391 391 391 392 391 391 391 392 391 392 391 391 END
START 385 386 386 385 386 386 402 403 402 403 402 402 395 395 395 395 394 394 END
START 395 396 396 396 396 397 397 397 397 397 397 396 394 394 394 394 394 393 END
START 405 406 407 405 407 407 403 404 404 405 404 404 407 407 407 408 408 407 END
START 408 407 408 407 407 408 414 415 415 415 415 415 413 414 414 414 413 412 END
START 408 407 407 407 408 409 394 395 394 394 394 393 390 390 390 390 390 390 END
START 397 396 397 396 396 397 397 397 397 398 397 397 393 394 394 394 394 394 END
START 382 383 383 382 383 383 384 385 385 385 385 384 386 386 386 387 386 385 END
START 386 387 387 387 387 388 393 393 394 393 393 392 393 393 393 393 392 392 END
START 399 400 401 400 400 400 395 396 395 396 395 395 399 399 399 400 399 399 END
START 400 400 400 398 399 399 396 397 397 397 396 396 398 398 398 398 397 397 END
START 387 388 388 387 388 389 396 396 396 397 396 396 397 397 396 397 396 395 END
START 422 423 424 423 424 424 427 427 426 427 426 426 431 431 431 432 432 432 END
START 429 428 428 426 427 427 426 427 427 428 427 427 431 432 431 431 432 431 END