START 377 378 377 377 378 377 378 377 377 378 378 378 377 377 378 377 376 377 END
START 376 377 377 377 377 377 376 375 375 375 374 374 372 372 372 372 372 371 END
START 374 375 374 374 375 373 369 369 368 369 369 368 376 375 375 377 375 375 END
START 371 373 373 372 373 371 371 372 372 372 371 371 379 378 378 379 378 377 END
START 361 362 363 362 363 362 362 362 362 362 361 360 357 357 356 357 357 356 END
START 360 361 362 361 361 360 358 359 358 358 358 358 359 358 359 359 359 358 END
START 354 355 356 355 355 355 353 353 354 355 354 353 354 354 354 355 353 353 END
START 354 355 355 355 355 355 363 363 363 364 363 362 370 369 370 370 369 368 END
START 381 383 383 382 383 382 384 385 384 384 383 383 386 387 386 387 386 386 END
START 386 387 387 387 386 386 387 388 387 387 386 386 388 388 389 388 388 388 END
START 386 387 388 387 388 387 391 390 391 390 390 390 388 388 388 387 387 386 END
START 389 389 390 389 390 389 388 386 388 387 386 386 382 383 383 382 383 382 END
START 380 381 381 380 381 380 381 381 381 380 381 380 379 379 379 379 378 377 END
START 373 374 374 373 373 373 369 369 369 368 368 367 347 346 346 346 345 345 END
START 331 332 332 331 332 331 324 325 324 324 324 323 330 329 330 330 329 329 END
START 333 333 334 333 333 332 334 335 334 336 335 334 343 344 343 344 344 342 END
START 340 341 342 341 341 341 349 348 348 349 348 348 348 349 349 348 348 347 END
START 349 350 351 350 350 350 349 349 349 349 348 348 345 346 346 346 345 345 END
START 348 349 350 349 349 348 346 346 347 347 346 346 353 353 354 354 353 352 END
START 348 349 350 348 349 348 359 359 359 359 358 358 363 363 363 363 363 362 END
START 369 371 371 371 371 371 375 374 375 375 375 374 376 376 375 376 375 375 END
START 367 368 369 368 368 366 364 363 364 364 364 363 368 367 367 368 367 367 END
START 368 369 370 368 369 368 377 377 377 377 376 376 374 375 374 374 374 373 END
START 372 374 373 373 374 373 373 373 372 373 372 372 373 372 372 373 372 371 END