START 320 320 320 319 321 320 321 320 320 321 321 321 322 322 322 323 322 323 END
START 325 326 326 325 325 325 324 324 324 325 323 324 332 333 332 333 332 332 END
START 330 331 331 331 331 331 339 339 338 340 339 339 341 340 339 340 340 339 END
START 338 340 339 339 339 338 335 334 334 335 334 333 338 339 339 338 339 338 END
START 344 345 345 345 345 344 347 347 346 347 347 347 355 355 355 355 355 354 END
START 350 351 351 351 352 350 355 356 356 356 355 355 353 352 353 353 352 352 END
START 352 353 354 353 353 353 354 353 354 354 353 353 358 357 358 358 358 357 END
START 365 366 366 365 366 365 364 364 364 365 364 363 370 370 371 371 371 370 END
START 374 375 375 375 375 375 394 394 394 394 394 394 406 406 405 406 405 404 END
START 416 416 416 416 417 416 413 413 413 413 412 411 406 406 406 407 406 405 END
START 405 404 405 405 405 404 397 396 397 397 396 396 397 398 398 399 397 397 END
START 392 391 392 390 391 390 391 390 391 391 390 390 388 387 388 387 387 386 END
START 386 387 388 387 387 387 384 384 384 384 383 383 381 381 381 381 380 380 END
START 383 385 385 384 384 384 378 377 378 377 376 376 387 387 387 387 386 386 END
START 356 358 358 357 357 357 345 344 344 344 344 343 332 331 332 331 331 330 END
START 324 325 326 325 325 325 326 326 326 326 325 325 325 325 324 325 324 324 END
START 334 336 336 336 336 335 332 333 331 332 332 331 336 336 336 337 337 336 END
START 324 326 325 325 326 325 336 336 336 337 336 336 341 340 340 341 340 339 END
START 336 337 338 338 338 338 342 341 340 342 341 340 336 337 337 337 336 336 END
START 335 336 337 336 336 336 338 339 339 338 338 337 351 351 350 352 351 350 END
START 352 353 354 353 353 352 365 364 364 366 365 365 371 371 372 372 371 370 END
START 369 369 370 369 370 369 374 375 374 374 374 373 374 373 373 373 372 372 END