START 372 372 371 371 371 369 367 366 366 366 366 365 361 361 361 360 359 360 END
START 370 371 371 371 371 372 365 365 365 365 364 364 363 363 363 364 363 363 END
START 371 371 371 370 370 370 370 370 370 370 370 369 379 379 379 379 379 378 END
START 363 364 364 363 364 364 372 373 372 372 372 372 369 370 369 370 370 370 END
START 371 372 372 372 373 374 368 369 368 369 368 368 375 375 375 375 375 375 END
START 396 396 396 395 396 396 412 413 413 413 413 413 423 423 423 424 424 423 END
START 421 421 422 420 421 422 428 428 428 429 428 428 416 416 416 415 415 414 END
START 422 421 421 420 421 422 416 417 416 416 416 415 413 414 413 414 414 413 END
START 416 415 415 413 414 414 407 407 407 408 407 407 423 424 424 425 425 424 END
START 414 413 414 413 414 415 423 424 423 424 423 422 417 417 417 417 416 416 END
START 424 423 423 421 422 422 403 403 402 402 401 400 384 384 384 384 384 383 END
START 392 391 392 391 392 393 387 388 388 388 388 387 394 395 395 396 396 395 END
START 391 392 392 391 391 391 396 397 397 398 397 397 392 393 392 392 392 391 END
START 391 392 393 392 393 394 386 386 385 385 384 383 380 380 380 380 380 380 END
START 390 391 391 390 391 392 398 399 399 399 398 397 409 410 410 411 410 410 END
START 420 421 421 420 421 421 431 432 432 433 433 433 428 428 427 428 428 427 END
START 418 418 418 417 418 419 422 422 421 422 421 420 416 416 417 417 417 417 END