START 367 367 366 366 367 366 367 365 366 366 366 367 365 366 366 365 364 365 END
START 366 367 368 367 368 368 369 370 369 369 368 368 363 363 363 363 363 362 END
START 367 368 368 367 368 367 365 366 365 366 365 365 368 368 367 368 367 367 END
START 364 365 365 365 365 364 370 371 370 371 371 370 368 369 368 368 367 367 END
START 363 364 365 364 365 364 362 362 361 362 362 361 358 359 358 359 357 357 END
START 357 358 359 358 358 358 356 356 356 356 355 354 359 359 360 360 359 359 END
START 358 358 359 358 358 358 366 365 366 366 366 365 369 368 370 369 369 368 END
START 379 380 381 380 381 380 390 390 389 390 389 389 398 399 397 398 397 396 END
START 402 402 403 402 403 402 391 391 392 391 391 390 389 389 390 390 389 389 END
START 387 386 387 386 386 386 388 388 388 388 387 387 387 387 387 386 386 385 END
START 381 382 383 383 383 383 388 389 389 388 388 387 389 390 389 389 389 388 END
START 392 394 394 393 393 392 383 383 383 383 382 382 382 383 383 382 382 382 END
START 376 376 377 376 376 376 368 368 369 368 367 367 360 360 360 359 359 358 END
START 341 343 343 342 343 342 335 335 334 335 334 333 323 322 323 323 322 321 END
START 323 325 325 325 324 324 326 325 325 326 325 325 328 328 328 329 328 328 END
START 332 332 332 332 332 332 336 337 336 337 336 336 340 340 339 340 340 339 END
START 336 337 337 336 337 336 344 344 344 345 344 343 341 341 341 341 341 339 END
START 347 347 348 348 348 348 354 354 354 354 353 353 348 348 349 349 348 348 END
START 350 350 352 351 351 350 348 348 348 349 348 348 352 352 352 352 352 351 END
START 354 356 356 355 356 356 368 368 368 368 367 367 387 386 387 387 386 385 END
START 408 409 410 409 410 409 417 417 416 417 416 416 411 412 411 411 410 410 END