START 403 404 403 403 404 403 402 402 402 402 402 402 399 398 398 398 397 397 END
START 391 390 391 391 391 392 390 390 390 390 389 388 383 384 383 383 383 383 END
START 394 394 395 393 394 394 376 377 377 377 377 376 390 391 392 392 392 391 END
START 382 382 383 381 382 382 393 394 393 394 394 394 391 391 391 391 390 390 END
START 384 385 386 384 386 386 386 386 386 385 385 384 386 386 386 386 385 385 END
START 405 406 406 405 405 406 393 393 394 393 393 393 396 397 397 397 397 397 END
START 396 395 395 394 394 394 405 405 405 406 406 406 413 413 413 413 412 411 END
START 396 397 397 397 398 398 403 403 403 402 402 400 390 390 390 391 390 389 END
START 408 408 409 408 409 409 394 394 394 395 394 394 400 400 401 402 401 401 END
START 399 398 399 397 398 398 405 406 406 407 406 406 400 400 400 401 400 399 END
START 377 378 378 378 379 379 392 392 392 391 391 390 382 383 382 383 382 381 END
START 398 399 399 398 399 400 384 384 384 384 383 383 387 388 388 389 388 388 END
START 390 390 391 389 389 390 388 388 388 389 389 388 399 400 400 400 399 399 END
START 385 386 387 386 387 388 396 397 397 396 395 395 386 386 385 385 385 384 END
START 396 397 398 397 398 398 378 378 377 378 377 377 387 387 387 388 388 388 END
START 394 394 394 392 393 393 395 395 395 396 396 396 406 407 407 407 406 405 END
START 387 388 388 387 388 388 404 405 404 404 403 403 391 391 391 390 389 388 END
START 400 401 401 401 401 402 388 388 388 389 388 387 393 394 394 394 394 393 END