START 371 371 370 370 371 371 370 369 369 369 369 369 367 368 367 367 367 367 END
START 371 372 373 372 372 372 367 367 366 367 366 366 367 368 367 368 367 367 END
START 366 366 367 366 366 366 367 368 367 368 367 366 367 367 367 367 367 366 END
START 347 349 349 348 348 348 335 335 335 335 334 334 321 322 321 321 320 320 END
START 319 320 320 320 320 320 319 319 318 319 319 318 325 325 325 326 325 325 END
START 332 333 334 333 332 332 343 343 343 345 344 343 352 353 352 353 352 351 END
START 354 355 356 354 355 354 361 361 361 361 360 359 361 360 361 362 360 360 END
START 363 365 365 364 365 364 365 366 365 365 364 364 362 363 362 363 362 362 END
START 365 366 367 366 366 366 368 369 369 370 369 369 376 377 376 377 376 376 END
START 372 374 374 374 374 373 379 380 379 380 379 378 375 374 374 374 374 373 END
START 377 378 379 378 378 378 377 376 376 377 375 375 383 383 383 383 383 382 END
START 381 382 382 381 382 382 380 380 379 380 380 379 383 383 383 382 382 382 END
START 380 381 381 381 381 380 384 384 384 383 383 383 381 381 381 380 380 379 END
START 381 382 383 382 383 382 379 379 379 378 377 377 378 379 379 378 378 378 END
START 380 381 381 381 381 380 374 373 373 374 374 373 377 376 376 376 376 375 END
START 374 376 376 375 375 375 373 373 372 373 372 372 361 361 360 361 360 360 END
START 346 348 348 348 348 348 337 336 336 337 335 335 342 342 341 342 341 340 END
START 352 354 354 353 354 353 363 362 362 363 363 362 369 370 370 370 369 369 END
START 367 369 369 368 368 368 371 372 371 372 371 370 371 371 371 371 370 370 END
START 368 369 369 369 369 369 374 373 373 373 372 372 367 367 366 367 366 365 END
START 369 370 371 370 370 370 367 366 366 366 365 365 368 368 368 369 368 368 END
START 362 362 363 361 361 361 357 357 356 357 356 356 355 356 355 356 355 354 END
START 353 354 355 354 355 354 366 365 366 366 366 365 367 365 366 367 365 365 END
START 370 371 372 371 372 371 369 369 368 369 367 367 371 371 370 371 371 370 END
START 383 384 384 384 384 384 405 406 406 406 405 406 417 416 416 417 415 415 END