START 387 388 387 387 388 388 389 388 389 389 389 389 389 390 390 390 389 390 END
START 380 381 381 381 381 381 389 389 389 388 388 388 388 388 388 387 387 386 END
START 389 390 391 390 390 390 385 385 385 384 384 384 386 387 387 387 386 386 END
START 391 392 392 391 391 391 390 390 391 391 391 391 396 396 397 396 396 396 END
START 383 384 385 384 384 384 391 390 390 390 390 389 386 386 386 385 385 384 END
START 386 387 387 387 387 387 384 384 384 383 382 382 378 378 379 378 378 378 END
START 386 386 387 385 386 385 386 386 387 387 387 387 387 386 386 387 386 386 END
START 380 381 381 381 381 381 392 392 392 391 391 390 393 393 393 392 392 391 END
START 395 396 396 396 396 396 389 388 388 388 388 387 389 389 389 389 389 389 END
START 396 397 397 396 396 396 391 392 392 393 393 393 411 411 411 411 411 411 END
START 416 416 417 416 417 417 423 423 423 422 422 421 409 408 408 408 408 407 END
START 410 409 410 409 410 410 403 403 403 403 402 402 403 403 404 404 404 403 END
START 407 406 407 406 406 406 401 401 401 402 401 401 408 409 409 409 408 408 END
START 399 398 399 398 399 399 402 403 403 403 403 402 400 400 400 400 399 398 END
START 399 400 400 399 400 400 397 397 396 396 395 394 392 392 392 392 392 391 END
START 398 399 399 398 398 397 389 389 390 390 390 390 396 396 396 396 396 396 END
START 386 387 388 387 387 387 395 394 394 394 394 394 396 395 396 395 394 394 END
START 391 392 392 392 392 392 395 394 395 394 394 393 391 390 391 390 391 390 END
START 393 394 394 393 393 392 390 390 390 390 390 390 393 392 393 392 392 392 END
START 383 384 384 383 384 384 399 399 399 399 398 398 392 391 391 390 390 389 END
START 387 387 388 387 388 388 385 384 384 383 383 383 389 388 388 388 388 388 END
START 414 415 415 414 415 415 411 412 412 411 411 411 403 403 404 403 403 403 END
START 381 380 381 380 380 380 387 386 387 387 386 386 385 385 385 385 384 384 END
START 380 381 382 382 382 382 384 384 383 383 382 382 380 380 381 380 380 380 END
START 388 389 389 388 389 388 381 381 381 381 381 381 386 386 386 386 386 386 END