START 360 360 359 358 360 359 358 356 358 358 357 358 354 353 353 353 352 352 END
START 326 324 325 323 324 323 293 293 293 292 292 291 289 288 289 290 289 288 END
START 297 298 299 298 298 298 305 304 305 305 305 305 312 313 312 312 312 311 END
START 312 313 313 313 314 313 319 320 320 320 319 318 321 320 320 321 320 320 END
START 333 334 335 334 335 334 343 343 343 344 342 342 344 344 343 344 344 343 END
START 340 341 342 341 341 340 345 345 346 346 345 344 349 349 349 349 348 348 END
START 353 354 355 354 355 354 362 363 363 363 363 362 362 362 363 363 361 361 END
START 367 368 369 369 369 368 367 368 367 368 367 366 370 371 370 371 370 369 END
START 371 372 372 372 372 371 373 373 373 373 373 373 377 376 376 376 375 375 END
START 373 374 375 374 374 374 377 376 376 376 376 375 374 374 373 374 373 372 END
START 379 380 381 380 380 380 376 375 375 376 375 375 373 372 372 373 372 372 END
START 372 372 374 372 372 372 377 376 376 377 376 376 381 381 381 381 381 381 END
START 377 377 378 377 378 378 382 381 381 382 381 380 378 378 378 377 377 376 END
START 379 380 380 380 381 380 372 373 373 372 372 371 374 374 373 375 374 374 END
START 376 376 377 376 376 376 374 373 374 374 374 374 376 376 375 376 375 375 END
START 373 373 374 373 373 373 377 377 377 377 377 376 377 376 376 377 376 375 END
START 371 372 372 372 372 372 371 371 370 371 370 369 375 374 374 375 374 374 END
START 380 381 382 381 381 380 377 377 376 377 376 375 374 373 373 374 373 373 END
START 363 364 364 364 364 364 370 370 369 370 369 369 367 367 366 367 366 366 END
START 368 369 370 369 370 369 369 369 368 369 368 367 364 364 364 365 363 363 END
START 367 368 368 368 368 368 367 367 367 367 367 366 368 368 367 368 368 367 END
START 366 367 367 367 367 366 366 367 366 367 366 365 363 364 363 364 362 362 END
START 359 360 360 360 361 360 369 369 368 369 368 368 361 361 360 361 360 359 END
START 365 366 366 366 366 365 358 358 357 358 357 357 365 366 365 366 365 364 END
START 366 366 367 366 366 366 374 374 375 375 375 374 398 398 398 398 397 397 END