START 400 400 399 399 400 399 399 398 398 399 398 399 396 396 396 395 394 395 END
START 391 392 392 392 392 392 393 392 393 392 391 391 386 385 386 386 385 385 END
START 385 386 386 385 386 385 380 379 380 379 379 379 379 380 380 379 379 378 END
START 372 374 374 373 373 372 375 374 374 375 374 374 370 369 369 370 369 369 END
START 376 377 377 376 377 376 372 371 371 371 370 370 371 371 370 371 370 370 END
START 368 370 370 369 370 369 379 379 379 380 379 379 379 379 379 379 379 379 END
START 368 369 369 369 369 368 374 373 373 374 373 372 359 358 357 358 356 356 END
START 350 351 352 350 351 350 352 351 351 351 351 350 342 341 342 342 342 341 END
START 348 349 349 349 349 348 344 344 344 344 343 342 347 347 347 347 346 345 END
START 348 349 350 349 349 348 347 347 348 348 347 346 355 355 356 356 354 354 END
START 352 352 353 352 352 352 359 359 360 360 360 359 365 364 365 365 364 363 END
START 367 368 368 368 368 367 361 361 361 361 361 360 365 365 365 366 365 364 END
START 363 364 365 365 365 364 382 382 381 383 382 381 385 386 385 385 384 384 END
START 378 379 380 379 379 378 369 369 368 368 367 367 366 365 366 365 365 364 END
START 368 369 370 368 369 368 363 363 362 363 362 362 366 366 366 367 366 365 END
START 360 360 361 360 360 360 350 351 350 350 349 348 353 353 352 353 352 351 END
START 349 349 351 350 350 349 349 349 350 349 348 348 348 348 348 348 347 347 END
START 343 344 344 343 344 344 330 330 331 331 330 329 323 324 324 324 323 323 END
START 338 339 339 340 340 340 348 348 347 348 348 347 360 360 359 360 359 358 END
START 357 358 359 358 358 358 364 364 364 364 364 363 360 359 359 359 358 357 END
START 364 365 366 365 366 366 360 359 359 360 359 358 364 363 365 365 364 364 END
START 378 380 380 379 379 379 409 408 409 410 409 409 430 430 430 430 429 429 END
START 398 399 399 398 398 398 380 379 380 380 379 378 381 381 380 381 379 379 END
START 379 380 380 380 381 380 377 377 377 377 376 375 375 375 375 375 375 374 END