START 357 358 356 356 358 357 359 357 358 359 360 360 360 360 360 360 360 360 END
START 358 356 356 355 356 356 338 338 337 337 337 336 312 311 312 311 311 310 END
START 294 294 294 293 293 293 290 290 289 289 289 288 296 296 296 297 296 296 END
START 308 307 307 305 305 306 311 311 311 312 311 311 317 316 317 317 317 316 END
START 321 321 322 321 321 321 332 331 332 333 332 332 339 338 339 340 339 338 END
START 348 349 349 348 349 348 339 338 337 339 338 337 339 339 338 340 339 338 END
START 344 345 346 345 345 345 338 338 337 339 338 337 351 350 350 351 350 350 END
START 349 350 350 350 350 350 360 360 360 361 360 359 359 359 359 359 359 358 END
START 359 360 361 360 360 360 364 364 363 363 363 362 360 360 360 360 360 359 END
START 368 370 370 369 369 368 371 371 371 371 371 370 370 371 370 370 369 369 END
START 373 374 375 374 374 374 375 375 375 375 374 374 379 379 378 379 378 377 END
START 381 382 382 382 382 382 380 379 379 379 379 378 374 374 374 374 374 373 END
START 381 382 382 381 381 381 380 380 379 380 379 379 380 380 380 381 380 380 END
START 373 374 374 373 373 373 380 380 379 381 380 379 379 379 379 379 378 377 END
START 379 378 378 376 377 376 374 374 374 374 373 372 363 363 363 363 363 362 END
START 363 361 361 360 361 361 347 348 347 347 347 347 346 346 346 345 345 345 END
START 344 343 343 341 342 342 342 342 343 343 343 342 349 349 349 349 349 348 END
START 365 364 364 362 363 363 381 381 381 381 381 380 379 379 379 379 379 378 END
START 383 382 382 380 381 381 379 379 379 379 379 378 384 384 384 384 384 384 END
START 384 383 383 382 382 382 381 381 381 381 382 381 384 384 384 385 384 384 END
START 368 367 367 366 367 367 368 368 368 368 368 367 359 359 360 360 359 359 END
START 365 364 364 363 363 364 367 367 367 367 367 366 374 374 374 374 374 373 END
START 383 382 381 380 380 380 375 375 375 374 374 374 377 377 377 377 377 376 END
START 374 375 375 374 375 374 375 375 375 375 375 374 373 372 372 372 372 371 END