START 387 387 386 387 388 387 390 389 390 390 391 391 394 394 395 395 394 396 END
START 387 388 388 387 387 387 387 387 387 387 387 387 389 389 389 388 388 388 END
START 387 388 389 388 389 389 390 390 390 390 389 389 378 378 378 378 377 377 END
START 390 390 391 390 391 390 382 382 383 383 382 383 388 388 388 389 389 388 END
START 388 389 390 388 389 388 393 394 394 393 393 393 395 396 395 395 395 394 END
START 385 386 386 386 386 386 393 393 393 393 392 392 392 392 392 392 392 392 END
START 400 401 401 400 401 400 391 391 392 392 392 391 399 398 399 399 399 398 END
START 394 393 394 393 393 393 405 404 405 404 404 404 407 407 407 407 407 406 END
START 407 408 408 408 409 408 406 406 406 406 405 404 401 402 402 402 401 400 END
START 408 407 408 408 408 408 394 395 395 395 395 394 403 404 404 405 404 404 END
START 398 397 398 397 397 396 403 402 403 403 403 403 405 405 405 404 404 403 END
START 402 403 403 403 403 403 398 399 398 398 397 397 387 387 387 387 386 386 END
START 392 391 392 391 391 391 380 380 380 380 380 379 385 385 386 385 385 385 END
START 387 387 388 387 387 386 396 397 397 396 396 396 397 397 398 397 396 396 END
START 392 393 393 393 394 393 397 396 396 396 396 395 391 391 391 390 390 390 END
START 397 398 398 397 398 397 388 388 388 388 387 387 387 387 387 387 387 387 END
START 391 392 393 391 392 391 397 397 397 397 397 397 407 407 407 406 406 406 END
START 403 403 404 404 404 404 420 420 420 419 419 418 405 405 405 404 403 403 END
START 392 391 392 391 392 391 379 378 378 379 378 378 384 384 385 385 385 384 END
START 385 385 385 384 384 384 391 391 391 392 391 391 390 391 390 390 390 389 END