START 369 370 369 368 370 370 370 370 370 370 371 371 372 373 373 373 372 374 END
START 371 371 370 368 368 368 369 369 369 369 369 368 370 370 370 371 369 369 END
START 363 365 365 365 365 365 367 367 366 367 366 365 361 361 360 361 361 360 END
START 364 364 365 364 365 364 360 361 360 360 360 359 362 363 362 363 362 362 END
START 366 366 367 366 366 366 366 367 366 367 366 365 367 367 366 367 366 366 END
START 363 364 365 365 365 364 373 374 373 374 373 372 364 365 364 364 363 363 END
START 362 364 364 364 364 364 370 370 369 370 369 368 372 372 372 372 372 371 END
START 373 373 374 373 373 372 365 365 365 365 364 364 371 371 370 371 370 370 END
START 364 365 365 365 365 365 368 368 368 369 368 367 363 362 362 363 362 361 END
START 360 361 362 361 362 362 363 364 363 363 363 362 363 364 363 364 363 362 END
START 366 367 367 366 367 366 360 361 360 360 360 359 359 359 359 360 359 358 END
START 352 353 354 353 353 353 361 361 361 361 360 361 362 362 362 362 361 361 END
START 362 362 363 362 363 362 358 358 358 358 357 357 357 357 356 357 356 356 END
START 362 363 363 362 363 362 361 361 362 362 361 360 362 360 362 362 361 360 END
START 359 360 361 360 360 360 367 368 367 367 367 367 365 366 364 365 364 363 END
START 361 362 363 362 363 362 368 368 367 368 367 366 364 364 364 364 363 363 END
START 373 373 374 373 373 372 365 365 365 366 365 364 366 367 366 367 366 366 END
START 367 368 368 368 368 368 367 368 367 368 367 367 369 368 368 368 367 366 END
START 365 366 366 367 367 366 355 356 355 355 354 353 348 348 347 348 347 346 END
START 342 342 344 343 343 342 326 325 326 326 326 325 327 327 328 329 327 328 END
START 322 322 322 321 321 321 329 329 329 330 329 328 333 334 332 334 333 332 END
START 344 344 345 345 346 346 364 364 363 365 364 364 375 374 373 374 373 373 END
START 391 393 393 392 393 392 389 390 389 389 388 388 390 389 389 390 390 390 END
START 384 385 386 385 385 384 391 391 392 391 391 390 387 386 386 385 386 385 END
START 375 377 377 376 377 376 373 372 373 373 373 373 369 370 370 369 369 368 END
START 369 371 371 371 371 370 373 372 371 372 371 371 368 369 368 368 367 367 END
START 369 367 368 366 366 366 367 367 367 367 367 367 372 372 372 372 372 372 END
START 375 374 374 372 372 372 377 377 377 377 377 376 376 375 375 376 375 374 END