START 382 383 382 382 383 381 382 381 381 381 381 382 380 380 381 380 379 380 END
START 381 382 382 382 382 382 379 379 379 378 378 378 379 379 379 380 379 379 END
START 385 386 386 385 385 385 388 387 387 388 387 387 391 391 390 391 390 390 END
START 390 391 392 391 392 392 414 415 415 414 414 414 421 421 421 421 420 420 END
START 428 428 429 428 429 428 427 426 427 427 426 426 417 417 417 418 417 417 END
START 414 413 413 412 413 412 415 416 415 416 415 414 407 407 407 408 407 407 END
START 396 395 396 395 395 395 389 389 389 389 388 388 392 393 393 393 392 391 END
START 397 398 398 398 398 398 390 390 390 389 389 389 390 389 390 390 390 389 END
START 395 395 396 395 395 395 391 391 392 391 391 391 397 396 397 396 396 396 END
START 394 395 395 394 395 394 395 394 395 394 394 394 393 392 393 393 392 392 END
START 402 403 403 403 403 403 415 415 415 414 414 414 411 410 411 411 411 410 END
START 406 404 405 404 405 405 403 403 403 404 403 403 403 403 403 404 403 403 END
START 398 397 398 397 397 397 400 400 400 401 400 400 397 397 397 397 396 396 END
START 398 399 399 398 399 399 398 399 398 399 398 397 402 401 402 401 401 401 END
START 401 402 402 401 402 402 394 394 394 394 394 393 384 384 384 384 383 383 END
START 376 374 376 375 376 375 379 379 379 379 379 379 375 375 375 374 374 374 END
START 374 375 375 375 376 376 386 386 385 386 385 385 387 386 386 387 386 385 END
START 393 394 394 393 393 393 391 391 391 390 390 390 394 394 394 394 394 393 END
START 391 392 392 392 392 392 395 394 395 395 394 394 393 393 393 392 392 392 END
START 394 396 396 396 396 396 395 395 395 395 395 394 394 393 394 393 393 393 END
START 396 398 398 397 398 398 391 391 391 391 391 391 395 395 395 394 395 394 END
START 392 393 394 393 393 393 395 395 395 395 395 395 399 398 399 398 398 397 END
START 387 388 388 388 388 388 383 382 382 382 382 381 375 375 375 374 374 374 END
START 371 372 373 371 372 372 363 363 363 362 362 362 371 370 370 371 370 370 END
START 381 382 382 381 382 382 399 400 399 400 399 399 404 404 404 404 404 403 END
START 393 394 394 394 394 394 394 393 394 393 393 393 391 391 392 392 391 391 END