START 400 401 400 399 400 400 400 399 400 400 400 400 400 400 400 400 400 400 END
START 395 396 397 395 396 396 391 391 391 392 391 391 382 382 382 382 381 380 END
START 366 367 367 366 367 367 375 374 375 374 374 374 376 376 376 375 375 374 END
START 380 381 382 381 382 382 383 383 382 383 382 382 385 385 385 386 385 385 END
START 394 395 396 395 395 395 408 409 409 409 408 408 421 421 422 421 421 421 END
START 409 410 410 409 409 409 416 416 416 416 415 414 412 412 412 412 412 411 END
START 403 402 403 403 403 403 398 397 397 397 397 396 395 394 395 395 395 394 END
START 402 400 401 401 401 400 399 399 400 400 399 399 405 404 405 405 404 404 END
START 397 396 397 396 397 396 400 400 400 400 400 399 400 400 400 400 399 398 END
START 401 402 402 401 402 402 401 401 401 401 400 399 403 402 403 402 402 402 END
START 407 406 407 406 407 406 403 403 403 404 403 403 402 402 402 403 402 401 END
START 400 399 400 399 400 400 403 403 403 403 403 402 401 402 401 402 400 400 END
START 400 401 401 400 401 401 402 402 402 402 401 401 399 399 400 400 399 399 END
START 402 401 402 401 402 402 397 397 397 397 396 396 402 401 401 401 401 401 END
START 395 394 395 394 395 394 395 394 395 395 395 395 390 390 390 391 390 389 END
START 393 394 395 394 395 395 390 389 390 389 389 389 387 387 387 387 387 387 END
START 393 393 394 393 393 393 389 389 389 389 389 389 392 392 392 392 391 391 END
START 388 389 389 388 389 388 394 394 394 393 393 393 393 393 393 393 392 392 END
START 391 392 393 392 393 392 391 390 391 390 390 390 392 392 392 392 391 391 END
START 395 396 396 395 396 395 389 388 388 388 388 388 391 391 392 391 391 391 END
START 393 394 394 393 394 394 408 408 408 408 408 408 418 417 417 417 416 416 END
START 399 400 400 400 400 400 391 391 391 391 390 390 383 382 383 383 382 382 END
START 390 389 390 389 390 390 387 386 386 386 385 385 391 391 391 391 391 390 END