START 362 363 362 363 364 363 365 364 365 365 365 366 365 365 365 364 364 364 END
START 351 352 353 352 352 352 357 357 357 358 357 357 357 357 356 356 355 355 END
START 352 354 354 354 354 354 355 355 356 356 355 354 353 353 353 354 353 352 END
START 355 356 357 355 356 355 356 356 356 357 356 355 352 351 352 352 351 351 END
START 318 319 319 318 318 317 309 308 309 309 308 308 299 298 300 299 298 297 END
START 295 297 298 297 297 297 310 309 309 310 309 308 304 304 304 304 304 303 END
START 321 322 322 322 322 322 330 330 330 331 330 329 335 335 335 336 335 334 END
START 332 334 334 333 333 333 350 350 349 351 350 350 356 356 355 356 355 354 END
START 356 357 358 357 357 356 353 353 354 354 353 352 359 358 360 360 359 358 END
START 363 364 365 364 365 364 357 356 357 356 356 355 363 362 363 363 363 362 END
START 363 364 364 364 363 364 362 361 362 362 361 361 359 359 360 360 359 359 END
START 362 364 364 363 364 364 368 368 368 368 367 367 369 369 370 370 369 369 END
START 377 378 378 378 378 378 374 374 373 374 373 372 379 379 379 379 379 378 END
START 377 378 378 377 378 377 381 381 380 381 381 380 380 380 379 380 379 378 END
START 380 381 381 381 381 381 385 385 385 384 384 384 373 372 371 372 371 371 END
START 371 372 373 371 371 371 372 372 372 371 371 371 373 373 372 373 373 372 END
START 377 379 379 377 378 377 381 380 380 381 380 380 373 372 372 373 372 371 END
START 359 360 360 360 360 359 357 357 357 357 356 355 355 355 355 355 354 354 END
START 367 368 369 368 369 368 373 373 373 374 373 372 377 376 377 378 377 377 END
START 374 376 375 375 375 374 375 374 374 375 375 374 381 381 380 381 380 380 END
START 372 373 374 373 374 373 377 377 376 377 376 376 372 371 371 371 370 370 END
START 394 395 396 395 396 395 423 422 421 422 421 422 436 435 435 436 435 435 END
START 430 431 431 430 430 430 416 417 416 417 416 416 416 416 415 416 415 415 END
START 405 404 404 404 404 403 401 401 401 401 401 400 395 394 394 394 394 393 END