START 384 384 383 383 384 383 383 382 383 383 383 383 381 381 382 381 380 381 END
START 375 376 376 375 376 375 381 381 381 381 381 380 382 382 381 381 380 380 END
START 383 384 384 384 384 384 378 378 379 378 378 378 382 382 382 382 382 382 END
START 385 385 385 384 385 384 389 388 388 389 388 388 388 388 388 388 387 387 END
START 386 386 387 386 387 386 385 385 385 385 384 384 389 389 389 388 388 388 END
START 387 388 389 388 389 389 406 406 406 405 405 405 408 409 409 409 409 409 END
START 414 415 415 414 414 413 402 403 403 404 403 402 404 404 404 404 403 403 END
START 404 402 403 403 403 403 401 401 402 402 401 400 392 392 393 393 392 392 END
START 396 394 395 394 395 394 391 391 391 392 391 390 394 394 395 395 395 394 END
START 394 395 396 395 395 395 391 391 391 391 391 391 395 395 395 395 395 394 END
START 391 392 393 393 393 393 398 397 398 398 398 397 393 392 393 392 392 392 END
START 408 409 410 410 410 410 411 411 412 411 411 411 409 409 410 409 409 409 END
START 407 406 406 405 406 405 407 406 407 407 406 406 406 406 406 407 406 405 END
START 401 400 400 400 400 400 405 405 405 406 405 404 401 401 401 402 401 400 END
START 399 398 399 399 400 399 397 397 397 396 395 395 391 392 393 394 393 393 END
START 398 399 399 398 399 398 387 386 387 386 386 385 391 391 391 390 390 389 END
START 376 377 377 376 377 376 374 373 373 373 372 372 377 376 377 377 376 376 END
START 389 390 390 390 390 390 399 399 398 399 398 398 391 391 391 392 391 391 END
START 391 392 392 391 392 392 391 390 390 390 390 390 390 390 390 390 390 390 END
START 390 390 391 390 390 390 396 396 396 396 396 395 391 391 391 391 390 390 END
START 394 395 395 394 395 395 394 393 393 393 393 392 395 394 394 393 393 393 END
START 396 397 397 397 398 397 383 383 383 383 383 383 398 398 398 398 398 397 END
START 393 394 394 393 393 393 395 395 396 395 395 395 416 416 416 416 416 415 END
START 401 402 402 401 402 402 390 390 390 389 389 389 387 386 387 387 386 386 END
START 390 389 390 389 390 390 388 388 388 388 388 387 391 391 391 391 391 390 END