START 374 373 372 372 373 373 374 373 374 374 374 375 375 376 376 376 375 376 END
START 368 367 367 365 365 366 359 359 358 359 358 358 360 359 359 360 359 358 END
START 358 359 359 360 361 360 361 360 361 361 360 359 355 354 355 355 354 353 END
START 361 362 362 361 362 361 359 359 359 359 358 358 359 358 359 360 359 359 END
START 360 361 362 361 361 360 365 365 366 366 365 365 365 365 365 366 364 364 END
START 359 360 360 360 361 360 365 365 364 364 364 363 362 363 361 362 361 361 END
START 364 365 365 365 365 365 365 366 366 366 365 365 367 367 367 368 368 367 END
START 369 369 370 369 369 369 369 369 368 369 368 367 374 374 373 373 372 372 END
START 363 364 364 364 365 364 370 371 370 370 370 369 366 366 365 366 365 364 END
START 368 369 369 369 369 368 367 366 366 367 366 365 365 365 365 366 365 365 END
START 369 370 371 370 370 369 368 368 368 369 368 367 372 372 371 372 371 371 END
START 366 367 368 367 367 366 372 371 371 371 371 370 367 366 366 367 366 366 END
START 373 374 375 374 374 374 366 366 365 366 365 364 362 362 361 362 361 361 END
START 364 366 366 365 365 364 365 366 366 365 364 364 366 367 366 367 366 365 END
START 362 362 362 362 363 362 370 370 369 370 369 369 366 366 366 366 365 364 END
START 366 368 368 367 368 367 364 364 363 363 363 362 365 366 365 365 365 364 END
START 368 369 370 369 369 368 360 361 360 361 360 359 357 357 357 357 357 356 END
START 339 339 340 339 339 338 340 341 340 341 339 339 334 333 334 334 333 332 END
START 331 332 333 333 333 333 341 341 340 342 340 340 343 343 342 344 343 342 END
START 361 361 362 361 362 362 378 378 379 378 378 377 384 384 385 385 384 383 END
START 386 388 388 387 387 387 391 391 391 392 391 390 390 390 390 389 389 388 END
START 384 385 386 385 386 386 384 383 384 383 383 382 381 382 382 381 380 381 END
START 380 381 381 381 381 380 374 374 374 373 373 373 370 370 370 369 369 369 END
START 361 362 362 361 360 360 355 354 354 355 355 354 344 345 344 344 343 343 END
START 334 335 335 334 335 334 339 338 339 339 338 338 347 348 348 348 347 346 END
START 373 374 375 374 375 374 385 384 384 385 384 383 389 389 389 389 388 388 END
START 384 385 385 384 384 384 387 387 387 387 387 386 386 386 386 386 385 385 END