START 321 321 320 320 322 321 321 320 321 321 321 321 320 320 321 320 319 320 END
START 322 323 324 323 324 323 329 329 328 330 329 327 330 329 330 330 330 328 END
START 337 338 338 338 338 337 336 337 336 337 336 336 341 340 339 341 341 340 END
START 342 343 343 342 343 342 350 350 349 351 350 349 354 354 355 354 354 353 END
START 353 355 355 354 355 354 357 356 356 357 356 355 355 355 355 355 355 354 END
START 360 361 362 361 361 360 357 356 357 357 357 356 363 362 363 364 363 362 END
START 370 371 372 371 372 370 374 374 374 375 373 373 376 376 376 376 375 374 END
START 369 371 370 371 371 370 375 374 374 375 373 373 372 371 371 372 371 370 END
START 378 379 380 379 379 378 373 373 373 373 373 372 376 375 375 375 375 375 END
START 376 378 378 377 377 377 380 379 379 380 379 379 381 381 380 381 380 380 END
START 373 373 374 373 374 374 379 378 378 379 378 378 374 374 374 374 373 372 END
START 378 379 380 379 380 379 373 373 372 373 372 372 374 373 374 374 374 373 END
START 372 373 374 373 373 373 373 372 372 373 373 372 375 374 374 375 374 374 END
START 366 367 367 367 367 366 371 371 370 371 370 370 368 367 367 367 367 366 END
START 371 372 373 372 372 372 368 367 368 368 367 366 370 370 370 371 370 369 END
START 368 369 370 369 369 369 367 367 367 367 367 366 371 370 370 371 370 370 END
START 366 367 368 367 367 367 371 371 371 371 371 370 369 368 368 368 367 367 END
START 368 369 369 369 369 368 370 370 369 370 369 368 369 369 369 370 368 368 END
START 367 368 369 368 368 367 364 365 364 365 364 364 368 369 368 368 368 368 END
START 356 357 358 356 357 356 351 351 351 351 350 350 341 342 340 341 340 340 END
START 332 333 333 333 333 333 335 334 334 334 333 332 330 330 330 330 329 329 END
START 338 339 339 338 339 338 339 339 338 340 339 338 351 351 351 352 351 351 END
START 360 361 362 361 361 360 377 377 376 377 376 376 383 383 383 383 383 382 END
START 384 385 384 384 385 384 388 387 387 387 387 387 385 386 386 385 385 385 END
START 388 390 390 389 390 389 384 383 384 383 383 382 385 385 386 385 385 385 END
START 381 382 383 382 382 382 383 384 384 384 383 383 382 383 382 382 382 381 END
START 376 377 377 377 377 377 379 380 379 378 378 378 372 371 372 371 371 371 END
START 370 370 371 370 370 370 366 366 365 366 366 365 376 375 376 377 375 375 END
START 389 390 391 390 390 390 392 393 392 393 392 391 376 375 375 376 375 374 END
START 351 352 353 352 352 352 356 356 356 355 355 354 357 357 356 357 357 356 END
START 365 367 367 366 366 366 363 362 363 363 362 361 365 364 365 365 365 364 END
START 364 364 366 364 364 363 367 368 367 368 367 366 361 362 361 362 361 360 END