START 284 284 283 283 285 284 284 282 283 284 283 284 283 283 284 284 282 284 END
START 298 296 296 294 294 294 299 299 299 299 299 298 309 309 309 309 309 308 END
START 313 314 314 313 313 312 322 321 322 322 321 321 326 326 326 326 325 324 END
START 326 328 329 328 328 328 335 335 334 335 334 333 335 335 334 335 335 334 END
START 345 346 347 346 346 346 345 344 344 345 344 344 355 355 354 356 355 354 END
START 347 348 348 347 347 347 351 351 351 351 351 351 354 354 354 354 353 353 END
START 355 356 357 356 356 356 358 357 358 358 357 356 363 362 362 362 361 361 END
START 363 364 365 364 364 364 363 362 363 363 362 362 369 369 368 370 368 368 END
START 378 377 377 376 376 376 390 391 390 391 391 390 384 384 383 383 383 382 END
START 381 382 383 382 382 381 389 388 388 387 387 386 374 375 375 375 374 374 END
START 380 380 380 379 380 380 375 375 375 375 375 374 375 375 374 375 374 374 END
START 374 374 374 373 373 373 376 376 376 376 376 375 378 378 377 378 377 377 END
START 377 376 377 375 376 376 377 377 376 376 376 375 375 375 374 375 375 374 END
START 376 375 375 374 374 374 373 373 372 373 372 372 374 373 373 374 373 373 END
START 374 375 375 374 374 374 377 377 377 378 377 377 381 381 381 381 380 380 END
START 376 377 377 376 377 377 378 378 378 378 377 377 373 373 373 372 371 371 END
START 374 375 376 375 375 375 371 371 370 371 370 370 373 372 372 373 373 372 END
START 369 370 371 370 370 369 372 371 371 371 371 370 372 371 371 372 371 370 END
START 367 369 369 369 369 369 373 372 372 373 372 371 370 369 368 369 368 367 END
START 369 371 371 370 371 370 369 368 368 368 368 367 361 361 361 361 360 360 END
START 355 356 356 355 355 354 356 357 356 357 357 355 368 367 367 368 367 366 END
START 365 367 367 366 367 366 372 372 373 373 372 372 370 370 369 369 369 368 END
START 372 372 373 372 373 372 369 368 368 368 367 367 363 363 363 363 362 362 END
START 370 372 372 371 371 370 365 365 364 365 365 364 376 377 376 377 377 376 END
START 401 401 403 402 402 401 424 424 424 424 424 423 429 427 427 428 426 426 END
START 407 406 407 406 406 406 371 371 370 371 370 369 350 351 350 351 350 350 END
START 354 352 354 352 353 352 354 353 354 354 354 353 355 354 355 356 354 354 END