START 287 288 287 288 289 288 291 290 291 291 292 292 293 293 294 294 293 294 END
START 294 294 295 294 294 294 306 305 306 306 305 305 313 313 313 313 312 312 END
START 317 318 319 318 319 318 320 320 320 321 319 319 323 323 323 324 323 323 END
START 332 333 334 333 333 333 332 332 332 334 333 332 341 342 341 342 341 341 END
START 340 340 341 341 341 340 351 350 350 351 350 350 354 354 355 354 353 353 END
START 358 359 359 359 359 359 361 360 361 361 360 360 361 361 361 362 361 361 END
START 363 364 364 363 364 363 361 361 361 361 360 360 368 369 368 369 368 368 END
START 365 367 367 366 366 366 368 369 368 369 368 368 374 375 373 373 373 372 END
START 374 375 376 375 375 375 370 371 370 371 369 369 373 373 372 373 372 372 END
START 374 375 375 374 375 374 371 371 371 371 371 370 375 374 374 375 374 374 END
START 371 373 372 372 372 372 377 376 376 377 377 376 377 375 376 376 375 375 END
START 374 375 375 375 376 375 375 375 375 375 375 374 377 376 376 377 376 376 END
START 377 378 378 378 379 378 373 372 371 372 371 371 375 374 374 374 374 374 END
START 376 376 377 376 376 375 375 375 375 376 374 374 377 376 376 377 375 375 END
START 367 368 369 368 368 368 371 371 370 371 370 369 371 370 370 371 370 370 END
START 375 377 378 377 377 377 371 370 370 371 369 369 376 376 376 376 376 375 END
START 369 371 371 370 370 370 372 372 372 373 372 371 373 373 372 374 372 373 END
START 366 366 367 366 367 366 370 369 369 370 369 368 367 367 367 367 367 366 END
START 372 372 373 372 373 372 368 368 367 367 366 366 368 369 368 369 368 368 END
START 370 370 371 370 370 369 370 371 370 371 370 370 371 371 371 372 370 370 END
START 362 363 363 363 363 363 370 369 369 369 369 368 366 366 365 366 365 364 END
START 368 370 369 369 369 369 366 366 365 366 365 364 365 365 365 365 364 364 END
START 359 360 360 360 360 359 346 346 345 346 345 345 347 347 346 347 346 345 END
START 343 343 344 343 343 342 353 353 353 353 353 352 349 349 349 349 348 348 END
START 353 355 355 354 355 354 362 361 362 362 360 360 362 363 363 364 363 363 END
START 366 367 367 366 367 366 360 360 360 360 360 358 368 367 367 368 367 367 END
START 361 362 363 362 362 362 365 366 364 365 364 364 358 358 357 358 357 357 END
START 364 365 366 365 365 365 368 368 368 368 368 367 371 370 371 371 370 369 END
START 375 376 376 375 376 375 373 373 372 373 373 372 378 377 378 378 378 378 END
START 372 373 374 373 373 373 377 376 376 377 376 376 375 376 375 376 375 374 END
START 371 372 372 372 372 372 373 372 372 372 371 371 367 367 367 367 366 366 END
START 372 373 374 373 374 373 365 365 364 365 364 364 369 370 369 370 369 369 END
START 370 371 371 371 370 370 375 375 374 375 374 374 373 373 372 372 372 371 END
START 367 368 369 368 369 368 367 366 366 367 366 365 363 363 362 362 362 361 END
START 367 367 368 367 367 367 361 362 361 361 360 360 361 362 361 362 361 360 END
START 356 357 358 357 358 356 356 357 356 357 357 356 356 357 356 357 356 356 END
START 341 343 343 343 343 343 346 345 346 346 345 344 342 341 341 341 341 340 END
START 345 346 347 346 347 346 342 342 343 343 342 341 348 348 348 349 348 347 END
START 359 360 361 360 360 360 369 369 370 370 369 369 379 380 380 380 378 378 END
START 380 381 381 380 381 380 388 388 387 388 387 386 383 382 382 383 382 382 END
START 385 386 387 386 386 386 383 383 383 383 382 382 385 385 385 384 384 384 END