START 396 396 395 395 396 395 395 394 395 395 395 395 393 393 393 393 392 393 END
START 388 389 390 390 390 390 387 386 386 386 385 384 383 383 383 383 383 383 END
START 391 391 391 390 391 390 385 386 386 386 385 385 391 391 391 391 391 391 END
START 384 385 386 385 385 385 398 398 398 398 398 398 396 395 395 394 394 394 END
START 386 386 387 387 387 387 385 384 385 384 384 384 379 379 379 378 378 378 END
START 394 394 395 394 395 394 390 391 391 391 390 390 399 399 399 400 399 399 END
START 388 388 389 388 388 388 397 397 397 397 397 396 397 397 397 396 396 396 END
START 393 394 395 394 395 395 395 394 395 394 394 393 389 388 389 388 388 388 END
START 396 397 397 397 397 396 387 387 388 387 387 387 395 396 396 396 396 395 END
START 389 389 390 389 389 388 401 401 402 401 401 401 405 405 405 404 404 403 END
START 402 403 403 402 403 403 402 401 401 401 401 400 395 396 396 396 395 394 END
START 406 405 406 405 405 405 394 395 395 395 394 394 400 400 401 401 401 401 END
START 396 395 395 394 394 394 401 400 401 401 401 401 401 401 401 401 400 399 END
START 391 392 393 392 393 393 390 390 390 390 389 388 380 380 380 380 380 379 END
START 373 374 375 374 374 374 364 364 364 363 363 363 383 383 384 383 383 383 END
START 389 390 390 389 389 388 394 395 394 395 395 394 397 397 397 397 396 396 END
START 388 390 390 390 390 390 400 400 400 400 399 399 390 390 390 390 389 389 END
START 396 398 398 397 398 397 389 389 389 389 389 388 394 394 394 394 394 394 END
START 394 394 395 393 394 393 399 399 400 399 399 399 400 400 400 400 400 399 END
START 391 392 393 392 393 393 401 400 400 400 399 399 388 388 388 388 387 386 END
START 392 393 393 392 393 393 385 384 385 385 384 384 385 386 386 386 386 386 END
START 388 389 389 388 388 388 388 388 388 388 388 388 397 397 397 397 396 396 END
START 385 386 387 386 387 387 394 394 395 394 394 393 391 390 391 390 390 389 END