START 336 337 335 335 337 336 337 336 337 337 337 338 337 338 338 338 337 338 END
START 344 344 346 344 344 344 346 346 345 346 346 345 356 355 355 356 355 356 END
START 348 349 350 349 350 349 351 351 352 352 351 351 354 353 354 354 353 353 END
START 357 358 358 358 358 357 357 356 358 357 356 356 353 352 353 353 352 353 END
START 357 358 358 357 358 357 361 360 361 361 360 360 364 363 364 364 363 362 END
START 357 358 359 358 359 358 367 368 367 368 367 366 366 366 366 366 365 365 END
START 361 362 362 362 362 362 356 357 356 357 356 355 368 368 368 369 368 367 END
START 388 390 390 390 390 390 391 390 391 391 390 390 388 389 388 389 389 388 END
START 383 384 384 384 384 384 376 375 376 376 376 376 377 377 377 377 376 376 END
START 361 362 362 362 363 362 367 367 366 367 366 366 356 355 356 356 356 355 END
START 356 356 358 357 357 357 362 362 361 362 361 360 358 356 358 357 357 355 END
START 358 359 359 359 359 358 364 364 364 364 363 363 366 365 366 366 365 364 END
START 362 364 364 363 364 364 371 371 370 371 370 369 368 368 367 368 367 366 END
START 364 365 365 364 364 364 359 359 358 360 359 358 359 359 358 359 359 358 END
START 361 362 362 362 362 361 365 364 365 365 364 364 361 360 362 362 361 360 END
START 357 357 358 357 356 356 361 361 361 361 360 359 355 355 355 356 355 355 END
START 349 350 350 350 350 350 354 354 353 353 352 352 357 356 357 357 357 356 END
START 356 358 359 358 358 358 362 361 363 362 362 362 363 362 363 363 362 362 END
START 364 365 366 365 365 364 372 373 372 373 372 371 363 363 362 362 361 361 END
START 373 374 375 375 375 375 393 392 392 393 392 393 423 423 423 423 422 422 END
START 431 431 431 430 430 429 406 405 406 405 405 404 386 386 385 387 386 385 END
START 385 383 384 384 384 383 384 384 384 384 383 382 381 381 381 381 380 380 END
START 375 375 376 376 377 376 370 370 370 369 369 368 373 374 374 373 374 373 END