START 337 338 337 336 338 337 338 337 337 338 338 337 337 337 338 338 337 338 END
START 344 344 345 343 344 343 343 342 341 343 342 341 350 350 349 351 350 349 END
START 348 348 349 348 349 348 354 354 355 354 353 353 353 352 354 353 352 352 END
START 349 350 350 350 351 350 350 349 349 349 349 348 350 349 350 350 349 349 END
START 354 355 355 354 355 354 356 357 357 357 356 355 359 360 359 360 359 358 END
START 359 360 360 360 360 360 362 362 362 362 362 361 364 363 364 364 363 363 END
START 381 382 382 382 382 382 389 389 389 389 388 388 383 383 383 383 383 382 END
START 380 382 382 381 381 380 377 376 376 376 376 375 372 372 372 372 371 372 END
START 361 362 362 362 362 361 352 352 352 352 352 351 346 345 345 346 345 344 END
START 340 342 342 341 342 341 340 339 339 340 338 338 340 340 340 340 339 339 END
START 343 344 344 344 344 344 346 345 345 346 345 344 359 359 358 360 358 358 END
START 349 349 349 349 349 348 362 362 363 363 362 361 377 376 376 376 375 374 END
START 390 391 391 392 391 391 400 400 399 400 399 399 403 403 403 403 402 402 END
START 395 396 397 396 397 396 394 393 394 393 393 393 387 387 387 388 387 386 END
START 388 389 389 388 388 388 388 387 387 387 387 387 379 379 379 378 378 378 END
START 373 374 375 374 374 374 367 367 367 366 366 365 355 354 354 355 354 354 END
START 350 351 352 350 351 350 347 348 347 348 347 346 357 357 358 359 358 357 END
START 368 368 369 368 369 368 381 381 381 380 380 378 375 374 375 375 375 374 END
START 368 369 369 369 369 368 381 382 382 382 381 381 394 394 393 394 393 393 END
START 420 421 421 421 421 420 428 428 428 428 428 428 431 431 432 432 431 432 END
START 411 409 410 409 409 408 407 408 407 408 407 407 409 408 408 409 408 408 END
START 394 392 394 393 393 393 397 397 398 398 397 397 390 390 390 391 390 389 END