START 294 295 294 293 294 294 294 293 293 294 294 295 294 294 294 295 293 295 END
START 304 305 306 305 306 305 309 308 309 309 308 308 315 314 315 315 315 314 END
START 318 319 320 319 319 318 320 320 321 321 320 320 330 329 330 331 330 329 END
START 327 328 328 328 327 328 337 337 336 338 337 336 337 336 336 337 336 336 END
START 344 345 346 345 345 345 345 344 343 344 343 342 344 344 343 344 343 342 END
START 348 350 350 350 349 349 349 348 349 348 348 348 355 356 356 356 355 355 END
START 353 355 355 355 355 354 363 363 364 364 364 363 363 362 363 363 362 361 END
START 365 366 366 366 366 366 367 368 368 368 367 367 364 364 364 364 363 362 END
START 370 370 371 370 370 370 369 369 368 369 368 368 371 372 372 372 371 371 END
START 369 370 370 370 370 369 372 372 371 372 371 370 375 375 374 375 374 374 END
START 375 376 377 377 376 376 376 375 375 375 374 373 374 373 372 373 373 372 END
START 379 380 381 380 380 379 376 375 375 375 375 375 379 379 379 380 379 378 END
START 376 377 378 377 377 377 377 377 377 378 377 376 376 376 375 376 375 374 END
START 373 374 375 374 374 374 377 377 376 377 376 376 371 370 370 370 370 369 END
START 376 378 378 377 377 376 365 364 365 366 365 365 367 367 367 368 367 367 END
START 357 358 359 357 358 357 352 353 352 352 352 351 356 356 355 356 355 354 END
START 344 345 346 345 346 345 345 345 345 346 345 344 347 346 347 347 347 346 END
START 362 363 364 363 363 363 367 367 367 367 366 365 370 371 371 371 371 370 END
START 370 372 372 371 372 371 374 375 375 375 374 374 373 373 372 373 372 372 END
START 365 366 367 366 366 366 365 364 364 365 363 364 360 360 359 360 358 358 END
START 365 366 366 366 366 366 364 363 363 363 363 362 372 371 371 372 371 371 END
START 370 371 372 370 371 370 373 374 373 373 373 373 376 375 375 376 375 374 END
START 367 368 369 368 368 368 378 378 377 378 377 377 375 374 374 374 373 373 END