START 292 292 291 291 291 292 292 290 291 291 292 292 291 291 291 291 290 291 END
START 296 298 298 298 298 298 301 300 301 300 300 299 305 305 306 306 305 305 END
START 314 316 316 315 315 314 320 320 320 321 320 320 328 328 328 329 327 327 END
START 328 329 330 328 329 328 339 339 338 339 339 338 342 343 342 343 342 341 END
START 345 346 347 346 346 346 341 341 340 341 340 340 353 353 354 354 353 353 END
START 354 356 356 356 355 355 352 352 352 353 352 351 361 360 361 360 360 359 END
START 355 357 357 356 357 356 365 365 365 366 364 364 364 364 363 364 363 362 END
START 365 366 367 366 367 366 369 369 369 369 368 368 367 367 367 367 367 366 END
START 370 372 372 371 371 371 368 370 369 369 369 368 373 373 373 373 373 372 END
START 370 371 372 370 371 370 374 375 374 375 374 373 376 375 375 376 375 374 END
START 373 374 375 374 374 374 374 374 373 374 373 373 377 377 376 377 376 376 END
START 378 379 379 379 379 379 373 372 372 373 372 371 375 375 375 375 375 374 END
START 375 376 376 375 376 375 384 383 383 384 383 382 381 381 380 381 380 380 END
START 376 377 377 377 377 376 375 375 376 375 374 374 374 374 374 373 373 373 END
START 377 378 377 378 378 377 373 372 373 373 373 372 376 375 376 376 375 375 END
START 376 377 378 377 377 376 378 378 378 378 378 377 381 380 380 381 380 380 END
START 361 362 363 362 363 362 358 357 357 358 356 356 347 347 347 347 346 346 END
START 361 362 363 361 362 362 368 368 368 368 368 367 370 370 370 370 369 369 END
START 368 369 369 368 368 368 369 370 369 370 369 369 370 370 369 370 368 368 END
START 365 366 367 366 366 366 367 367 366 367 366 366 362 363 362 362 361 361 END
START 383 384 385 384 385 384 417 418 417 418 417 417 439 439 438 439 438 438 END
START 442 443 443 443 443 442 425 424 425 425 424 423 417 417 416 418 416 416 END
START 410 408 409 409 409 409 404 405 404 404 404 403 399 398 399 399 398 398 END