START 353 353 352 351 351 351 350 348 349 349 349 349 346 346 346 346 345 346 END
START 322 322 322 320 320 320 289 289 289 289 289 288 289 289 289 289 288 288 END
START 288 288 289 288 288 288 290 289 289 289 289 288 291 290 290 290 290 289 END
START 292 292 292 292 291 291 294 294 293 293 293 293 295 294 294 294 294 293 END
START 296 296 296 295 295 295 298 298 297 297 297 297 302 301 301 301 301 300 END
START 310 310 311 309 309 309 358 358 358 358 358 357 365 365 365 364 364 364 END
START 369 370 371 371 372 372 365 365 365 364 364 363 365 365 364 365 364 363 END
START 367 366 367 366 366 366 364 363 363 363 363 362 362 362 362 362 361 361 END
START 368 368 368 367 367 367 365 365 365 365 365 364 364 364 364 363 363 362 END
START 362 362 362 361 361 361 362 362 362 361 361 360 362 362 362 361 361 360 END
START 362 362 362 362 361 361 363 363 363 362 362 362 363 363 363 363 362 362 END
START 363 363 363 363 363 362 363 363 363 363 362 362 364 363 364 363 363 362 END
START 365 365 365 365 364 364 369 369 369 369 369 368 369 369 369 369 369 368 END
START 369 369 369 368 368 368 369 369 369 369 369 368 369 369 369 368 368 368 END
START 369 369 369 368 368 368 370 370 370 369 369 369 370 370 370 370 370 369 END
START 371 371 371 370 370 370 377 378 377 377 377 376 375 375 375 374 374 374 END
START 370 370 370 369 369 369 370 370 370 369 369 368 369 369 368 368 368 367 END
START 369 369 369 368 368 368 367 367 367 366 366 365 366 366 366 365 365 364 END
START 364 364 364 363 363 363 363 363 363 363 363 362 367 367 367 367 367 366 END
START 364 364 364 363 363 363 361 361 361 360 360 360 358 358 358 357 357 356 END
START 351 351 351 350 350 350 344 344 344 344 344 343 347 347 347 346 346 346 END
START 352 351 352 351 351 351 369 369 369 369 369 368 372 372 372 371 371 370 END
START 373 372 372 371 371 371 367 367 367 366 366 366 368 368 368 367 367 367 END
START 370 369 369 368 368 368 367 367 367 367 367 367 368 368 368 367 367 367 END
START 370 369 369 368 368 369 374 374 374 374 374 374 365 365 365 364 364 363 END
START 358 358 358 357 357 358 361 361 360 360 360 359 360 360 360 359 359 359 END
START 366 367 367 366 367 366 364 364 363 364 363 363 369 368 369 369 369 368 END