START 364 364 365 365 365 365 360 358 359 358 358 358 363 363 364 363 362 363 END
START 356 357 357 356 357 356 363 362 363 363 363 362 361 362 361 362 361 361 END
START 359 360 361 360 360 360 378 379 378 379 378 378 377 377 377 378 376 376 END
START 382 384 384 384 384 384 375 375 375 376 376 375 368 368 368 368 368 367 END
START 375 377 377 376 377 376 367 367 367 369 368 368 378 379 378 378 377 377 END
START 374 375 376 375 375 374 372 373 371 372 372 372 371 370 371 372 371 370 END
START 378 378 379 378 379 378 377 376 376 377 376 376 372 372 371 372 371 371 END
START 376 377 378 377 377 376 372 372 371 371 371 371 372 372 372 373 373 372 END
START 366 367 368 368 368 367 369 368 368 369 368 368 381 380 380 381 380 379 END
START 372 374 374 373 374 373 378 378 378 378 377 376 362 362 361 361 360 360 END
START 370 371 372 372 372 371 367 367 366 367 367 366 364 364 364 364 363 362 END
START 367 368 368 367 367 366 363 364 363 363 362 362 367 366 365 365 364 363 END
START 354 355 355 354 355 354 363 363 362 364 362 362 367 367 366 366 365 364 END
START 364 365 365 365 366 365 365 366 365 366 365 364 367 367 367 368 367 368 END
START 359 360 360 359 359 359 382 383 382 383 383 383 410 410 410 410 410 410 END
START 415 416 417 416 417 416 408 409 409 408 407 407 394 393 393 393 392 391 END
START 386 385 386 385 386 386 382 382 382 382 381 381 377 376 377 377 377 376 END
START 377 378 378 378 378 377 378 379 378 378 378 377 377 376 376 377 376 376 END