START 308 309 307 308 309 309 310 309 309 310 310 310 310 310 310 310 309 310 END
START 308 309 310 309 309 309 325 324 324 325 323 323 326 327 327 327 326 325 END
START 329 330 330 330 330 330 333 333 332 333 332 332 338 338 338 339 338 337 END
START 340 341 341 341 341 340 353 353 352 354 353 353 357 357 356 357 357 356 END
START 351 352 353 351 352 352 360 359 360 360 359 359 359 358 359 359 357 357 END
START 361 362 363 362 363 362 366 365 366 366 365 365 368 367 368 368 367 367 END
START 369 370 371 370 370 370 369 369 369 369 368 368 371 371 371 370 370 369 END
START 371 372 372 372 371 372 376 376 375 375 375 374 374 373 373 374 373 372 END
START 377 378 378 377 378 378 376 376 375 376 375 375 374 374 374 374 374 373 END
START 376 378 378 377 378 377 375 375 374 375 375 374 378 377 377 378 377 377 END
START 372 374 374 374 374 373 385 384 384 385 384 384 381 381 381 381 381 380 END
START 376 376 377 376 376 376 374 374 374 374 373 373 371 371 372 371 370 371 END
START 379 380 380 379 380 379 373 373 372 373 373 372 371 370 370 371 371 370 END
START 367 368 369 368 368 368 373 372 372 373 372 371 373 372 372 373 372 371 END
START 369 369 370 369 369 369 368 368 367 368 367 366 357 356 356 357 356 355 END
START 371 372 373 372 372 372 366 366 366 366 365 365 369 368 369 369 368 368 END
START 365 365 366 365 365 365 372 372 371 372 372 371 369 369 368 369 368 367 END
START 364 365 366 365 365 364 370 370 369 370 369 369 363 363 363 363 362 361 END
START 396 397 398 398 398 397 424 425 424 425 424 424 439 439 439 439 439 439 END
START 438 439 440 439 439 438 428 428 427 428 427 427 423 423 422 423 422 422 END
START 410 409 410 410 410 410 407 407 406 407 406 405 399 399 398 398 398 397 END