START 392 393 392 392 393 393 393 392 392 392 392 392 391 391 391 391 390 391 END
START 384 385 385 385 385 385 394 394 394 393 393 393 389 389 389 388 388 388 END
START 391 392 393 392 393 393 382 381 382 381 381 380 387 387 387 387 387 387 END
START 391 392 392 391 391 390 388 389 389 389 389 389 401 401 402 401 401 400 END
START 393 394 394 394 394 394 400 399 399 399 399 398 395 396 396 395 394 393 END
START 395 397 397 396 397 397 395 395 395 395 395 394 390 390 390 391 390 391 END
START 391 391 392 390 391 390 392 392 392 392 392 392 399 399 399 399 399 398 END
START 384 385 385 385 386 386 396 396 396 396 395 395 389 388 389 388 387 387 END
START 392 393 394 393 394 394 389 389 389 389 389 389 393 393 393 393 393 393 END
START 397 398 398 397 397 397 392 393 393 393 393 393 394 394 394 394 394 394 END
START 386 387 387 387 387 387 396 395 396 395 395 395 390 389 389 388 388 387 END
START 398 399 399 398 399 398 390 390 390 389 389 389 388 389 389 389 389 389 END
START 394 395 395 394 394 394 391 392 392 392 391 391 394 395 395 394 394 394 END
START 389 390 390 389 390 390 401 401 401 401 401 400 401 400 401 400 399 399 END
START 398 399 399 399 399 399 391 391 391 391 390 389 386 385 386 386 386 386 END
START 394 395 395 394 394 393 389 388 389 389 389 389 398 398 398 398 398 397 END
START 386 387 388 388 388 388 395 395 395 395 394 394 395 394 394 393 393 392 END
START 397 398 399 399 399 399 394 393 394 393 392 392 390 390 390 390 390 389 END
START 394 394 394 393 394 393 392 392 393 393 392 392 395 394 395 395 395 394 END
START 385 386 386 385 386 385 402 402 402 402 401 401 392 392 392 391 391 391 END
START 392 393 393 393 394 394 387 387 387 387 386 386 392 392 392 392 392 392 END