START 349 350 348 348 349 348 349 348 349 350 349 350 349 349 350 350 349 350 END
START 356 357 358 357 357 357 355 355 355 355 355 354 359 360 360 360 359 358 END
START 360 361 361 360 361 360 341 341 342 341 341 340 315 314 315 315 313 313 END
START 293 294 294 294 294 294 300 300 300 300 299 298 303 303 303 304 303 302 END
START 310 312 312 311 311 311 317 316 316 316 315 315 327 327 327 328 327 327 END
START 329 329 330 329 329 328 335 335 335 336 335 335 345 345 344 346 345 345 END
START 342 342 343 342 343 342 349 348 347 349 347 346 350 351 351 351 351 350 END
START 355 356 357 356 356 355 360 360 361 360 359 359 364 364 364 364 364 364 END
START 366 367 367 367 367 366 366 366 367 367 366 366 370 370 369 370 369 368 END
START 365 366 367 366 366 365 372 372 372 372 371 371 373 374 373 373 372 372 END
START 376 377 378 377 377 376 373 372 371 373 372 371 378 377 377 378 378 377 END
START 377 378 379 378 378 378 376 376 375 376 376 375 375 374 374 375 375 374 END
START 372 374 374 373 373 373 380 379 379 379 379 378 376 376 375 376 375 374 END
START 376 378 378 378 378 377 380 379 378 379 378 378 380 379 379 380 380 379 END
START 375 376 376 375 375 375 377 377 377 378 378 377 379 379 379 378 378 378 END
START 375 377 377 377 377 376 379 378 378 379 378 378 373 373 372 373 372 372 END
START 373 373 374 373 374 374 373 373 372 373 372 372 370 370 370 371 370 370 END
START 375 376 376 375 376 375 374 374 373 374 373 373 375 374 374 375 374 374 END
START 367 369 369 368 368 367 371 369 370 370 369 369 363 362 362 363 362 361 END
START 361 362 362 362 363 362 365 365 364 365 364 363 363 363 362 363 362 361 END
START 368 369 370 368 369 368 369 370 369 370 369 369 372 372 372 372 372 371 END
START 363 363 365 364 364 363 370 371 370 371 370 369 374 373 373 373 373 372 END
START 366 367 367 367 367 367 366 365 365 365 365 364 367 366 366 367 366 366 END
START 370 371 371 370 371 370 363 363 363 363 363 362 365 365 365 365 365 364 END
START 362 363 365 363 364 364 390 391 391 392 391 390 416 416 416 417 416 415 END
START 437 438 439 438 439 438 431 431 431 431 430 429 417 417 417 417 417 416 END