START 370 370 369 369 369 369 369 368 369 369 369 369 369 369 370 370 369 370 END
START 374 374 375 374 374 374 369 370 369 370 369 369 379 380 379 380 379 379 END
START 374 374 375 374 374 374 381 381 381 382 381 380 378 377 377 377 376 376 END
START 379 380 381 380 380 380 386 386 386 385 385 385 396 395 395 396 395 395 END
START 418 419 419 418 419 418 413 414 414 413 413 413 411 410 411 411 411 411 END
START 401 400 401 400 400 400 398 397 398 398 398 397 394 394 394 394 394 393 END
START 381 380 382 381 382 381 385 384 384 383 383 383 380 379 380 379 379 379 END
START 388 388 388 387 388 387 383 383 383 383 383 382 391 391 391 392 391 391 END
START 383 384 384 383 384 384 400 400 400 400 400 400 407 406 407 406 406 406 END
START 410 411 412 411 412 412 407 407 407 407 405 405 399 399 399 399 398 398 END
START 410 409 409 408 409 408 398 398 398 399 398 398 404 403 404 404 404 403 END
START 398 397 398 397 397 397 405 405 406 405 405 405 407 407 407 407 407 406 END
START 401 402 403 403 403 403 408 408 408 408 407 406 392 393 392 393 392 391 END
START 397 396 396 396 396 396 378 378 379 379 378 378 389 389 389 389 389 388 END
START 386 387 387 386 387 386 392 391 391 392 392 391 393 393 393 393 392 392 END
START 384 385 385 385 385 385 389 389 389 388 388 388 383 382 383 382 382 382 END
START 392 393 393 392 393 392 380 381 381 380 380 379 386 386 387 387 386 386 END
START 385 386 386 384 385 384 390 391 391 391 390 390 397 397 398 397 396 396 END
START 387 388 389 389 389 389 397 396 396 395 395 395 386 385 386 385 385 384 END
START 397 397 398 397 397 397 385 384 385 384 384 384 390 390 391 390 390 390 END
START 388 389 389 388 388 388 387 387 387 387 387 387 390 389 389 389 389 388 END
START 382 383 384 383 384 384 390 390 391 390 389 389 385 385 385 384 384 383 END