START 390 391 390 390 390 390 389 388 389 389 389 388 385 385 386 385 384 384 END
START 383 384 385 384 385 385 379 379 379 378 377 377 376 376 377 376 376 376 END
START 384 385 385 384 384 384 384 384 384 385 385 384 391 390 390 391 390 390 END
START 378 379 379 379 379 379 392 392 393 392 392 391 386 385 386 385 385 384 END
START 391 392 393 392 393 393 389 389 389 388 388 387 387 387 387 387 387 387 END
START 392 393 393 392 393 392 398 398 398 398 398 398 401 401 401 401 400 400 END
START 389 390 390 389 390 390 401 400 401 400 400 400 395 395 395 395 394 394 END
START 398 399 400 399 400 400 395 395 395 395 394 394 386 386 386 386 386 386 END
START 395 395 396 395 395 394 391 391 391 392 391 391 400 400 400 400 400 399 END
START 389 389 389 389 389 389 400 400 401 400 400 400 401 401 401 401 400 399 END
START 397 398 399 399 399 399 397 397 397 397 396 396 390 390 390 390 390 390 END
START 400 401 401 400 400 399 393 393 394 394 393 393 397 396 397 397 397 397 END
START 392 391 392 391 391 391 397 397 397 397 397 397 395 395 395 394 394 393 END
START 394 395 396 396 396 396 394 393 394 393 392 392 392 391 392 392 391 391 END
START 396 397 397 396 397 396 390 389 390 390 390 389 389 388 389 389 388 388 END
START 389 390 390 389 389 389 395 394 395 394 394 394 393 393 393 391 391 390 END
START 391 392 392 391 392 392 395 394 395 394 393 393 391 391 392 391 391 391 END
START 400 401 401 400 401 401 389 389 389 389 389 389 394 394 394 394 394 394 END
START 394 392 393 393 393 392 402 402 402 401 401 401 395 394 395 394 394 393 END
START 396 397 398 397 398 398 393 394 393 394 393 392 388 388 388 388 389 388 END
START 402 403 403 402 403 402 403 403 403 403 403 403 413 413 413 413 412 412 END
START 400 399 399 398 399 398 397 397 397 398 397 396 393 393 393 393 392 392 END
START 385 386 387 387 387 387 391 390 390 389 389 388 385 385 385 385 385 384 END