START 384 384 383 382 383 382 382 380 381 381 381 381 381 381 382 382 381 382 END
START 386 387 387 386 386 386 378 379 379 379 379 379 382 382 382 381 381 381 END
START 376 377 377 377 377 377 389 389 389 390 389 389 393 393 393 392 392 392 END
START 396 397 398 397 397 397 393 393 393 392 392 391 385 385 385 385 385 385 END
START 386 386 387 386 386 385 385 384 385 385 385 385 383 383 383 382 382 382 END
START 379 380 380 380 380 379 390 390 390 389 389 389 388 388 388 387 386 386 END
START 387 388 389 388 389 389 386 385 385 384 384 384 384 384 385 384 384 384 END
START 395 395 396 395 395 395 388 388 388 388 388 388 394 394 394 394 394 393 END
START 383 384 384 383 384 384 400 401 401 400 400 400 397 396 396 396 395 395 END
START 392 393 393 393 393 393 394 395 395 394 393 393 392 391 392 391 391 391 END
START 401 402 402 401 401 401 394 394 394 394 394 394 397 397 398 398 397 397 END
START 392 391 392 391 392 392 402 401 401 401 401 401 401 400 401 400 400 399 END
START 397 398 398 397 398 398 396 396 396 397 396 396 389 389 389 389 389 388 END
START 402 403 403 403 403 402 392 392 392 393 393 392 400 400 400 400 400 400 END
START 391 390 391 390 390 390 398 397 397 397 397 397 395 396 396 396 395 394 END
START 389 390 390 390 390 390 390 389 389 389 388 388 385 384 385 384 385 384 END
START 395 396 396 396 396 396 384 384 384 384 384 384 391 391 391 391 391 390 END
START 384 385 386 385 385 385 395 395 396 395 395 395 396 395 396 395 395 394 END
START 385 387 387 387 387 387 391 390 390 389 389 388 386 385 385 385 385 385 END
START 407 407 408 407 407 407 416 416 416 416 416 416 428 429 429 429 429 428 END
START 408 406 407 406 407 406 401 400 401 402 401 401 397 397 396 397 396 395 END
START 394 393 394 393 394 394 395 395 394 394 393 393 387 387 387 387 386 386 END