START 387 388 387 387 389 388 390 390 390 391 391 391 393 393 393 393 392 393 END
START 378 379 379 378 379 379 389 388 388 388 388 387 386 385 385 384 384 384 END
START 390 391 391 391 392 391 386 386 386 385 385 385 383 384 384 384 383 383 END
START 388 389 389 388 389 388 390 390 390 390 390 390 404 405 405 404 404 404 END
START 402 404 404 403 404 404 404 403 404 404 404 404 406 407 407 406 406 405 END
START 411 411 412 411 412 411 395 395 394 395 394 393 389 390 390 390 390 389 END
START 397 396 397 395 395 395 390 390 390 390 390 390 394 394 394 394 394 394 END
START 385 385 386 385 386 386 394 394 394 394 394 394 390 389 390 389 389 389 END
START 388 388 389 388 389 388 387 386 387 386 386 385 386 386 386 386 386 385 END
START 395 396 396 395 395 395 393 393 393 393 394 393 409 409 409 409 409 409 END
START 398 399 399 398 398 398 400 400 400 400 400 400 395 395 395 394 393 392 END
START 396 397 398 397 398 398 390 390 389 389 388 387 384 384 384 384 384 384 END
START 391 392 392 391 391 390 388 388 388 388 388 388 392 393 393 392 392 392 END
START 380 381 381 381 381 381 394 394 394 393 393 393 395 395 395 394 394 393 END
START 384 385 386 385 385 385 371 371 371 371 370 370 366 366 366 366 366 366 END
START 373 374 374 374 374 373 372 372 372 372 372 372 382 382 382 383 382 381 END
START 380 381 381 381 381 380 393 393 393 393 393 392 390 390 389 389 388 388 END
START 386 387 387 387 388 388 387 387 387 386 386 386 384 384 384 384 384 383 END
START 392 392 393 392 392 392 383 383 384 384 384 383 396 397 397 397 396 396 END
START 387 388 388 387 387 386 390 391 391 390 390 389 401 400 400 400 399 399 END
START 409 410 410 409 410 409 397 396 396 395 395 395 389 388 388 387 387 387 END
START 389 388 389 388 388 388 387 386 387 387 387 387 398 399 399 399 399 399 END