START 359 360 358 359 359 359 358 357 357 357 357 357 354 354 354 354 353 353 END
START 321 322 322 322 323 321 295 294 295 294 294 293 285 284 284 284 284 283 END
START 296 297 298 297 297 297 305 304 304 304 304 304 310 310 311 311 310 310 END
START 315 317 317 316 316 316 327 327 327 328 327 326 325 325 325 326 325 324 END
START 326 327 328 327 327 326 346 346 345 346 346 345 349 349 348 349 348 347 END
START 353 354 354 353 354 353 347 347 347 347 346 346 348 348 349 348 347 347 END
START 348 350 350 349 349 349 357 358 358 358 357 357 360 359 360 360 358 358 END
START 358 358 359 358 360 359 366 365 366 367 366 365 363 362 362 362 362 361 END
START 364 365 365 365 365 364 364 364 363 364 363 363 363 363 362 363 363 362 END
START 368 369 369 368 369 368 369 370 369 370 369 369 374 374 374 374 373 373 END
START 371 372 372 372 372 372 374 375 374 374 373 373 375 374 374 375 374 373 END
START 378 378 379 379 379 378 373 373 372 373 372 372 374 373 374 374 374 374 END
START 374 375 376 375 375 375 380 380 380 381 380 380 379 378 378 379 378 377 END
START 379 380 380 380 381 380 375 374 375 375 374 374 373 373 372 373 373 372 END
START 379 379 381 379 380 380 372 371 371 371 371 370 373 373 372 373 373 372 END
START 373 374 375 374 374 374 373 373 373 374 373 373 376 376 375 376 375 375 END
START 367 368 367 367 368 367 373 372 372 373 372 372 366 365 365 366 365 365 END
START 371 373 373 372 373 372 367 366 366 366 366 365 364 364 364 364 363 363 END
START 367 368 369 368 368 368 370 370 369 370 369 368 369 369 369 369 368 368 END
START 359 360 361 360 361 360 361 362 361 361 361 360 357 357 356 357 356 356 END
START 358 359 360 359 359 360 361 361 361 361 360 359 365 364 365 365 364 364 END
START 371 372 372 372 372 372 370 370 370 370 370 369 370 370 370 370 369 369 END
START 369 369 370 369 370 369 375 374 374 375 374 374 369 370 369 369 369 368 END
START 372 373 374 373 373 373 367 367 367 368 367 366 401 402 401 402 401 401 END
START 433 434 435 434 435 434 438 439 438 438 437 437 432 432 432 432 432 431 END
START 414 413 414 413 413 413 408 407 407 409 408 407 403 403 402 403 403 402 END
START 397 396 397 396 397 396 391 391 391 391 390 389 384 384 384 385 384 383 END