START 295 296 294 295 295 295 295 293 294 294 294 294 293 293 293 293 292 292 END
START 289 289 290 289 289 288 302 301 302 301 302 301 306 305 306 306 305 305 END
START 312 313 314 313 313 312 319 318 319 319 318 317 321 321 321 322 321 320 END
START 327 328 329 328 328 328 331 330 330 331 330 329 340 340 340 341 340 340 END
START 341 342 342 341 342 341 350 350 349 351 350 349 352 351 352 352 351 350 END
START 353 354 355 355 355 355 363 363 364 364 363 362 351 350 351 351 350 350 END
START 360 361 362 361 361 360 360 360 359 360 359 359 363 363 364 364 363 362 END
START 362 363 363 363 364 363 371 370 371 371 370 370 374 375 373 374 373 372 END
START 372 373 373 373 373 373 375 374 374 375 373 373 371 371 371 371 371 371 END
START 374 375 375 375 375 374 377 377 376 378 377 376 382 381 381 382 382 381 END
START 379 379 380 380 380 379 382 382 381 382 381 381 385 385 386 385 384 384 END
START 380 381 381 381 381 380 383 383 383 382 382 381 377 377 378 377 376 376 END
START 388 389 389 389 389 388 377 377 377 377 376 376 377 377 377 377 376 376 END
START 374 375 375 374 375 374 376 376 376 377 376 376 375 375 374 375 374 374 END
START 369 369 370 369 370 370 376 375 375 376 375 374 375 375 374 375 375 373 END
START 377 378 379 378 378 378 373 372 372 373 372 372 373 372 372 373 372 372 END
START 372 372 373 372 372 372 373 373 373 373 373 372 374 373 373 374 373 372 END
START 370 371 371 370 371 370 378 377 376 377 376 376 369 368 368 369 368 368 END
START 365 366 366 365 366 365 354 354 353 354 353 352 349 350 349 350 349 348 END
START 345 346 346 346 346 345 345 344 346 346 345 345 348 348 348 348 347 347 END
START 355 356 356 356 357 356 370 370 371 371 370 369 376 376 376 376 375 374 END
START 382 383 383 383 383 383 376 375 375 376 374 374 383 383 382 383 383 383 END
START 378 378 379 378 378 378 375 374 375 375 375 374 377 378 378 377 377 377 END
START 368 369 370 369 369 369 374 374 373 374 374 373 372 371 371 371 371 370 END
START 368 370 370 369 370 370 359 358 358 358 358 358 359 358 357 359 358 357 END
START 363 364 364 364 363 363 362 361 362 362 362 361 367 366 368 368 367 366 END
START 359 360 360 359 360 359 369 369 368 369 368 368 365 365 365 365 364 364 END