START 300 301 299 300 301 301 301 300 301 301 301 301 300 300 301 301 299 300 END
START 290 291 292 291 291 292 304 304 304 304 304 303 309 308 309 309 308 307 END
START 318 320 320 319 320 319 315 316 315 315 315 314 318 319 319 319 319 318 END
START 331 332 333 332 332 332 344 344 345 345 344 344 339 338 339 339 338 338 END
START 336 337 338 337 337 338 353 353 353 353 352 352 351 350 349 350 349 348 END
START 353 354 355 354 354 354 359 359 359 359 359 358 361 362 362 361 361 360 END
START 365 366 367 366 366 366 369 368 369 370 369 369 369 370 369 370 369 369 END
START 374 375 375 374 375 374 380 380 379 380 380 379 381 382 381 381 380 380 END
START 378 379 380 379 380 380 380 380 380 379 379 379 378 378 379 378 377 377 END
START 381 382 383 382 382 382 381 381 380 381 381 380 381 380 380 381 381 380 END
START 381 382 382 381 381 381 384 384 384 384 383 384 385 385 385 384 384 384 END
START 382 383 383 382 383 382 382 381 382 381 381 380 380 380 381 380 380 379 END
START 383 384 384 384 384 383 377 377 377 377 376 376 376 377 376 376 376 375 END
START 371 372 372 371 372 372 377 377 377 377 377 377 375 374 374 374 374 373 END
START 369 370 371 371 371 370 374 373 373 373 372 372 371 370 370 371 370 370 END
START 375 376 376 376 376 376 371 370 370 371 370 370 370 370 370 371 370 370 END
START 366 366 367 366 366 366 370 370 369 370 370 369 370 369 369 369 369 368 END
START 365 367 367 366 367 366 368 367 367 368 367 367 365 366 365 366 365 364 END
START 368 370 370 369 369 369 366 367 366 367 366 365 363 363 363 364 363 363 END
START 363 364 365 363 364 363 365 365 364 365 364 364 359 359 359 359 358 358 END
START 341 342 343 342 342 342 341 342 341 341 340 340 333 332 332 332 331 331 END
START 334 335 335 334 335 334 341 342 342 342 341 341 351 351 350 351 351 350 END
START 367 369 369 368 369 368 383 382 383 383 382 382 387 386 387 387 386 386 END
START 382 383 383 383 383 383 388 388 388 387 387 387 384 385 385 384 384 383 END
START 384 386 386 385 386 385 380 379 380 378 378 378 375 375 376 375 375 374 END
START 376 377 377 376 377 376 377 376 376 377 376 376 376 376 376 377 376 375 END
START 371 372 373 372 372 372 373 372 372 373 372 372 369 368 368 369 368 367 END
START 361 362 363 362 363 362 369 368 368 369 368 368 372 371 371 371 370 370 END
START 368 370 370 369 369 368 358 358 357 358 357 357 362 362 362 362 362 361 END
START 362 363 363 363 363 363 370 369 370 370 369 369 373 374 373 373 372 372 END
START 366 367 367 367 367 367 367 367 366 366 366 365 365 364 364 364 364 363 END