START 367 367 366 366 367 367 367 365 366 366 366 366 365 365 365 365 364 365 END
START 367 368 368 367 367 366 364 365 364 364 364 363 369 369 368 369 368 368 END
START 367 368 368 367 368 367 371 371 371 372 371 370 368 368 367 367 367 366 END
START 364 365 365 364 365 364 366 364 364 365 364 363 363 363 363 364 363 362 END
START 367 368 368 367 368 367 362 362 362 362 362 361 367 367 366 367 367 366 END
START 364 364 365 364 363 364 366 366 366 366 366 365 375 375 374 375 374 373 END
START 373 373 374 373 373 373 370 370 369 370 369 369 365 365 364 365 364 364 END
START 363 365 364 365 365 364 360 360 360 360 359 359 363 363 363 363 363 362 END
START 360 361 361 360 360 360 364 364 364 364 364 363 365 365 364 365 364 364 END
START 359 359 360 359 360 359 363 364 363 363 363 362 361 363 361 361 361 360 END
START 366 368 368 368 368 368 364 364 363 364 363 363 366 367 366 367 366 366 END
START 364 365 366 365 365 364 366 366 366 366 366 365 366 366 365 365 365 364 END
START 362 363 364 363 363 363 365 366 365 365 365 364 363 364 363 363 363 362 END
START 367 368 368 368 369 368 365 366 365 366 364 364 367 367 366 367 367 366 END
START 366 367 367 367 367 366 368 368 368 368 368 367 369 370 369 370 369 368 END
START 366 367 367 367 367 367 371 371 370 370 370 369 368 368 368 368 367 366 END
START 369 370 370 370 371 370 366 366 365 366 365 365 364 365 364 365 365 364 END
START 368 368 369 368 368 367 367 368 367 368 367 366 364 364 364 364 363 363 END
START 349 350 350 350 350 349 353 353 352 353 353 352 345 345 344 345 344 343 END
START 349 350 351 351 351 350 349 348 348 348 348 347 353 353 353 353 353 352 END
START 371 371 371 370 370 370 380 381 381 381 381 381 385 385 385 385 385 384 END
START 376 375 375 374 374 374 380 380 380 380 379 379 372 372 372 371 371 370 END
START 369 369 369 368 369 368 367 367 367 367 367 366 367 367 366 366 366 366 END
START 371 370 370 369 369 369 366 366 366 366 366 365 367 367 367 367 367 366 END
START 363 362 362 360 360 360 364 363 364 364 363 363 363 363 363 363 363 362 END
START 356 356 356 355 355 356 355 355 355 354 354 353 355 355 356 355 355 355 END
START 357 357 358 357 358 357 358 357 358 359 358 357 366 365 366 367 366 366 END
START 361 362 363 362 362 361 365 364 365 365 365 364 367 367 367 367 367 366 END
START 367 367 367 366 366 366 368 368 367 368 367 366 364 365 364 364 364 363 END