START 314 315 314 313 314 313 312 311 311 311 311 312 310 310 310 310 309 310 END
START 287 287 288 287 287 286 291 291 291 292 292 292 304 304 305 306 305 305 END
START 316 315 315 313 314 314 313 313 313 313 313 312 318 318 318 318 318 317 END
START 330 328 329 328 328 328 332 332 332 333 332 331 333 333 333 334 334 333 END
START 343 342 342 340 341 341 341 341 340 341 341 340 345 346 345 346 346 345 END
START 349 348 348 347 347 347 354 355 355 355 355 354 357 358 358 358 358 357 END
START 365 364 364 363 363 363 362 362 362 362 362 361 372 372 372 372 372 372 END
START 378 377 378 376 377 376 372 373 373 373 373 372 378 378 378 378 378 378 END
START 374 373 373 372 373 373 375 375 375 375 375 374 377 376 376 376 376 375 END
START 377 377 377 376 377 377 374 374 373 374 373 373 372 372 372 372 372 371 END
START 379 378 378 377 377 377 375 375 374 375 375 374 376 376 376 377 376 376 END
START 378 377 378 376 377 376 381 381 380 381 380 380 384 383 383 383 383 382 END
START 385 384 384 383 383 384 382 382 382 382 381 381 378 378 378 378 378 377 END
START 384 383 383 382 382 382 374 374 374 374 374 374 379 379 379 380 379 379 END
START 376 375 375 373 374 374 377 377 376 376 376 376 377 377 376 377 376 376 END
START 376 375 375 374 375 375 373 373 372 372 372 371 366 366 366 366 366 365 END
START 371 369 370 368 369 369 363 363 363 363 363 362 365 365 365 365 365 364 END
START 369 368 368 367 367 367 370 371 371 371 371 370 368 368 368 368 368 367 END
START 363 362 362 361 361 361 363 363 363 363 363 362 354 354 354 354 354 353 END
START 359 358 359 357 358 358 356 356 356 356 355 355 353 353 354 354 354 353 END
START 358 357 358 357 357 357 362 362 362 363 362 362 361 361 361 361 361 360 END
START 358 357 358 357 357 357 362 363 362 362 362 361 358 359 359 358 358 358 END
START 366 365 365 364 364 364 360 361 361 360 360 359 361 361 361 362 361 361 END
START 362 361 361 359 360 360 364 365 365 365 364 364 368 368 368 368 368 367 END
START 357 356 357 356 356 356 358 359 358 358 358 357 348 348 348 348 347 347 END
START 348 347 348 346 347 347 342 342 342 342 342 341 345 345 345 345 345 344 END
START 353 352 353 351 352 352 356 356 357 357 357 356 362 362 362 362 362 361 END
START 362 361 361 360 360 360 361 360 361 360 360 359 369 369 369 369 369 368 END
START 375 374 374 373 374 374 377 378 377 377 376 376 376 377 377 377 377 377 END
START 384 383 384 382 383 383 381 380 380 381 381 380 380 380 380 380 380 380 END
START 378 379 379 378 379 378 382 383 383 382 382 381 377 377 378 377 377 376 END
START 379 379 379 378 379 379 372 373 373 372 372 371 373 373 372 373 373 372 END
START 372 373 374 372 373 372 368 367 367 368 367 367 372 372 372 372 372 372 END
START 366 366 367 366 366 366 363 364 362 363 363 362 359 358 358 358 357 357 END
START 354 355 356 355 355 355 366 367 366 366 365 365 371 370 371 371 370 370 END