START 390 390 390 390 391 390 392 391 392 392 392 392 391 392 392 392 391 392 END
START 380 380 381 380 381 380 391 390 391 390 390 390 383 383 383 383 382 381 END
START 388 388 389 389 389 388 390 389 389 388 388 387 385 386 386 386 386 386 END
START 375 376 376 375 375 374 368 368 368 368 368 368 366 366 366 365 365 365 END
START 358 359 359 359 359 359 380 380 379 380 379 379 383 383 383 383 383 383 END
START 399 400 401 400 401 401 402 401 401 402 401 400 405 405 405 405 405 404 END
START 416 415 415 415 415 414 411 412 412 413 412 412 410 410 410 411 410 410 END
START 401 400 401 401 401 401 405 405 405 405 404 404 399 399 399 399 398 398 END
START 405 404 406 405 406 406 397 397 397 398 397 396 391 390 391 391 390 390 END
START 400 399 400 399 399 399 397 396 397 397 397 397 404 403 404 403 403 403 END
START 394 395 395 395 395 395 409 409 409 408 408 408 399 399 399 398 398 397 END
START 397 398 398 398 398 398 393 393 393 393 392 392 389 389 390 389 389 389 END
START 399 399 400 399 399 399 395 394 395 395 395 395 396 396 396 396 395 395 END
START 385 386 386 385 385 385 399 399 399 399 398 398 399 398 399 398 398 397 END
START 397 398 398 398 399 398 392 392 392 390 390 389 388 388 388 388 388 388 END
START 396 397 397 396 396 396 389 388 389 390 390 390 395 395 395 395 395 394 END
START 385 386 386 385 385 385 399 398 399 399 398 398 396 395 395 395 394 394 END
START 392 393 394 393 394 394 392 391 391 391 390 390 387 386 387 386 386 385 END
START 394 395 395 394 395 394 390 389 390 390 389 389 403 404 404 404 403 403 END
START 406 407 407 407 407 407 422 422 422 421 421 421 408 408 408 408 407 406 END
START 390 389 390 390 390 390 391 391 390 391 390 389 387 387 387 387 386 386 END
START 397 398 398 397 398 397 388 388 388 388 388 387 395 396 396 396 395 395 END