START 343 343 342 342 343 343 344 343 344 344 344 344 343 344 344 343 342 343 END
START 303 304 305 304 304 304 287 287 287 287 287 285 284 284 284 284 283 283 END
START 298 298 298 297 297 298 305 305 305 305 305 304 312 312 312 312 312 311 END
START 320 319 320 318 318 318 322 322 322 322 322 322 330 330 330 330 330 330 END
START 334 334 334 333 333 333 335 335 335 335 334 334 337 338 337 337 337 336 END
START 341 341 341 340 340 340 344 344 344 344 344 343 346 346 345 345 345 344 END
START 350 350 350 349 349 349 353 353 353 353 352 352 362 362 362 362 362 362 END
START 363 362 363 362 361 362 364 363 364 363 363 362 362 362 362 362 362 361 END
START 362 362 363 362 362 362 366 367 366 366 366 365 368 368 368 367 367 366 END
START 369 369 369 368 368 368 369 369 369 369 369 368 373 373 373 373 373 373 END
START 371 370 370 369 369 369 372 372 372 372 372 372 375 375 375 374 374 374 END
START 373 373 373 371 372 372 374 373 373 373 373 372 371 371 370 371 370 370 END
START 376 377 378 376 377 376 374 374 373 374 373 373 375 374 374 375 374 374 END
START 371 372 372 371 371 371 377 377 376 377 377 376 379 379 379 379 379 378 END
START 372 373 373 374 374 374 376 375 375 376 375 375 373 372 372 373 372 372 END
START 376 376 377 376 376 376 372 371 371 372 371 370 375 374 374 375 374 374 END
START 371 371 371 370 370 370 374 374 373 374 374 373 377 377 377 377 377 376 END
START 373 374 374 374 374 374 375 375 375 374 374 373 371 371 371 370 370 370 END
START 374 373 373 372 372 372 369 369 368 368 368 367 367 367 367 368 367 367 END
START 366 367 368 367 367 366 371 372 371 372 371 370 371 371 371 372 370 370 END
START 366 367 367 367 367 366 371 371 370 371 370 369 369 367 367 367 366 366 END
START 367 368 369 368 369 368 367 366 366 366 366 365 364 365 364 365 365 364 END
START 363 364 363 363 363 362 356 356 355 356 356 355 355 355 355 356 355 354 END
START 345 346 346 346 346 345 357 357 358 358 357 356 354 353 354 354 353 352 END
START 356 357 358 358 358 358 363 362 362 362 361 361 362 361 363 362 361 361 END
START 368 368 368 367 366 367 368 368 368 368 368 368 378 378 378 377 377 377 END
START 368 368 368 367 368 367 374 374 373 374 373 372 373 372 372 372 372 371 END
START 372 373 373 373 373 373 368 368 367 368 367 366 365 365 364 365 364 364 END
START 368 370 370 369 369 369 364 364 364 364 363 363 369 370 369 370 369 368 END
START 361 361 362 361 361 361 369 369 369 369 369 368 368 368 367 368 367 366 END
START 367 368 369 368 369 368 367 367 366 366 365 365 360 360 360 360 360 358 END
START 366 368 368 367 367 367 369 369 368 369 369 368 372 373 372 373 372 371 END
START 371 372 373 372 372 371 369 370 369 369 368 368 365 365 365 366 365 364 END
START 359 360 360 360 360 360 361 362 361 362 360 360 360 360 359 360 359 359 END
START 364 365 366 365 365 364 360 361 360 361 360 359 366 365 366 367 366 366 END