START 388 388 387 387 388 387 388 387 387 387 388 388 389 389 390 390 389 390 END
START 389 389 390 388 388 388 387 387 387 387 387 386 401 402 402 402 402 402 END
START 397 398 398 397 398 397 406 406 406 406 405 405 405 405 404 404 403 403 END
START 404 405 405 405 405 405 400 400 400 400 399 398 394 395 395 395 395 395 END
START 404 403 404 403 403 403 392 392 392 392 392 392 386 386 386 386 385 385 END
START 375 374 375 374 375 374 391 390 391 390 390 389 386 387 386 386 386 385 END
START 388 389 390 389 390 390 392 391 392 391 391 390 389 389 390 390 389 389 END
START 391 392 392 391 391 391 389 389 390 389 389 390 395 395 395 395 395 394 END
START 387 388 388 388 388 388 395 394 394 394 394 393 395 394 394 394 393 393 END
START 394 395 396 395 396 396 392 391 391 391 390 390 385 385 385 385 385 385 END
START 405 405 406 404 405 404 405 405 405 405 405 405 405 405 405 404 404 404 END
START 399 398 399 398 399 398 405 406 406 406 405 404 400 400 400 400 399 398 END
START 403 404 404 404 405 405 395 395 395 395 394 393 397 397 397 397 397 396 END
START 397 396 397 396 396 396 383 383 384 383 383 383 381 380 380 380 380 380 END
START 371 371 372 371 371 371 387 388 388 388 388 388 387 387 387 386 386 385 END
START 397 398 398 398 399 398 398 398 398 397 396 396 395 395 395 395 395 394 END
START 401 402 402 401 402 401 392 392 392 392 392 392 404 404 404 405 405 405 END
START 397 396 397 397 397 397 403 402 403 402 402 401 395 395 395 395 395 394 END
START 395 396 396 396 397 397 406 406 406 406 405 405 418 418 419 418 418 418 END
START 412 413 413 413 413 413 398 398 398 399 398 398 400 399 399 400 399 399 END
START 397 396 397 396 396 396 405 404 405 404 404 404 404 403 404 403 403 403 END