START 342 342 341 341 342 341 341 340 341 341 340 341 339 339 340 340 338 340 END
START 329 331 331 330 331 330 334 335 335 335 334 334 341 341 340 341 341 340 END
START 338 339 339 339 339 338 346 345 345 346 345 345 345 345 346 346 345 344 END
START 350 351 351 351 351 350 353 353 353 353 352 352 354 354 354 354 353 352 END
START 352 353 354 353 353 354 349 348 350 349 349 349 352 352 353 353 352 352 END
START 353 354 354 354 354 354 365 366 366 365 365 364 361 360 361 361 360 360 END
START 355 356 356 356 356 356 362 362 361 362 361 360 366 367 366 367 366 366 END
START 370 370 370 370 370 369 373 373 372 373 373 372 380 380 380 380 380 379 END
START 379 380 380 380 380 379 381 381 380 382 381 380 376 376 377 376 376 375 END
START 368 369 370 369 369 369 362 362 363 362 362 361 355 354 355 355 354 354 END
START 357 358 359 358 358 358 362 362 361 362 361 361 363 362 363 363 363 362 END
START 364 365 365 365 365 364 371 371 370 371 370 370 370 371 370 370 370 369 END
START 364 366 366 365 366 365 369 368 367 368 368 367 369 368 368 368 368 368 END
START 377 377 378 377 378 377 389 390 389 389 388 388 389 389 388 389 389 388 END
START 391 392 392 392 392 392 384 384 385 384 384 384 383 383 383 382 382 381 END
START 377 378 378 378 378 378 379 379 379 378 378 378 377 377 377 377 377 376 END
START 376 377 377 377 377 376 372 371 371 372 371 371 369 369 369 370 369 369 END
START 361 362 363 362 362 362 355 354 354 355 354 354 348 347 347 348 347 346 END
START 335 336 336 336 336 336 334 333 334 333 333 332 339 338 339 339 338 337 END
START 350 352 352 352 352 352 363 362 361 363 362 361 364 364 363 365 364 364 END
START 364 365 365 365 364 364 366 367 366 367 365 366 372 371 371 371 371 370 END