START 317 316 315 314 315 314 314 314 315 315 315 315 314 314 315 315 314 314 END
START 320 322 323 322 322 322 325 325 325 325 325 324 330 330 330 331 331 330 END
START 338 340 340 339 339 338 340 340 339 340 339 339 346 345 345 346 345 345 END
START 344 346 346 346 346 346 366 366 365 367 366 366 363 363 364 363 362 362 END
START 367 367 368 367 368 367 363 364 363 364 363 362 365 365 364 365 364 364 END
START 371 372 373 372 373 372 382 382 381 382 382 381 386 386 386 386 385 385 END
START 371 372 373 372 372 372 377 377 377 377 377 377 378 378 378 377 377 376 END
START 376 376 377 376 377 376 381 380 380 381 380 379 375 375 374 376 375 374 END
START 381 382 383 382 382 381 385 386 386 385 385 385 384 383 383 384 383 383 END
START 372 372 373 372 372 372 378 378 378 378 377 377 376 376 377 376 376 375 END
START 372 374 374 374 374 374 375 374 374 374 374 373 371 371 371 371 371 370 END
START 374 375 375 374 375 374 372 371 371 372 371 370 375 375 374 375 374 374 END
START 366 366 367 365 366 365 365 364 364 365 364 364 359 358 358 358 358 357 END
START 352 353 353 352 352 352 353 353 353 353 352 352 355 353 354 354 354 353 END
START 368 369 370 369 369 368 373 372 374 374 373 373 377 376 376 377 376 376 END
START 376 377 377 376 377 376 382 381 381 382 381 381 379 379 379 379 379 378 END
START 370 371 372 370 371 370 375 375 375 374 374 373 365 365 365 365 365 364 END
START 369 371 372 370 371 371 363 363 362 363 362 362 367 367 366 367 366 366 END
START 371 371 372 371 371 370 369 370 369 370 369 370 370 371 370 370 370 369 END
START 368 367 367 366 366 366 371 371 370 371 370 370 369 368 369 369 368 368 END