START 366 366 365 365 365 365 366 364 365 366 366 366 365 365 365 365 364 365 END
START 359 359 360 359 360 359 362 362 362 363 362 361 366 366 366 366 365 365 END
START 366 367 366 367 367 366 367 366 366 366 365 364 356 357 356 357 356 356 END
START 345 346 346 345 345 345 328 329 328 328 328 327 333 332 333 333 332 332 END
START 333 334 335 334 334 334 334 335 334 335 334 334 337 336 336 337 336 335 END
START 343 344 344 345 345 345 346 345 345 346 346 345 345 344 344 345 344 344 END
START 350 352 352 352 352 352 358 358 359 358 357 357 358 359 359 359 358 357 END
START 360 361 361 360 361 360 386 385 386 386 386 385 397 396 397 397 396 396 END
START 393 394 394 394 395 393 394 394 394 394 394 394 389 388 389 388 387 387 END
START 384 385 385 384 384 384 379 377 378 377 377 376 370 370 371 371 370 370 END
START 362 363 363 362 362 362 363 364 363 363 363 362 370 369 369 369 369 369 END
START 365 366 367 366 366 365 366 366 366 366 365 364 367 367 366 367 366 366 END
START 364 365 366 365 366 365 368 369 368 369 368 368 369 369 369 369 368 368 END