START 379 380 379 379 380 379 380 379 380 380 380 381 381 381 382 382 381 382 END
START 380 380 381 380 380 380 380 380 380 380 380 380 388 388 388 388 388 387 END
START 377 377 378 378 378 378 388 389 389 388 388 388 388 388 388 387 386 386 END
START 393 394 394 394 395 394 390 390 390 389 389 388 384 384 384 384 384 384 END
START 392 393 393 392 392 392 390 391 391 391 391 391 395 395 395 395 395 395 END
START 386 387 388 387 387 387 401 400 401 400 400 400 397 396 396 396 395 395 END
START 398 399 399 399 399 399 395 395 395 395 394 393 395 394 395 395 395 395 END
START 401 401 402 401 402 401 402 401 402 403 403 403 416 416 417 417 417 417 END
START 400 399 401 400 401 400 406 406 406 406 406 405 394 393 394 394 393 392 END
START 392 391 392 392 393 392 388 388 388 388 387 387 388 388 388 388 388 388 END
START 396 396 396 395 396 395 392 392 392 392 392 392 394 395 395 394 394 394 END
START 385 386 386 385 386 385 397 396 396 396 396 396 393 392 393 393 392 392 END
START 393 394 395 394 395 395 389 388 388 387 387 387 380 380 380 379 379 379 END
START 403 403 403 402 403 402 396 396 396 396 396 396 399 399 399 400 399 399 END
START 392 390 391 391 391 391 400 400 400 400 400 399 400 399 400 399 399 398 END
START 396 396 397 396 397 397 396 395 395 395 394 393 391 391 391 391 391 391 END
START 400 400 400 399 400 399 390 389 390 390 390 390 399 398 399 399 399 398 END
START 390 391 391 390 390 390 400 400 400 400 400 399 397 397 397 397 396 396 END
START 397 398 399 398 399 398 391 391 391 391 390 389 391 390 391 390 390 390 END
START 399 400 400 399 400 399 387 387 388 388 388 388 390 390 391 390 390 390 END
START 384 385 385 384 384 384 394 394 394 394 394 394 389 388 388 387 387 387 END
START 386 387 388 387 388 388 387 386 386 386 385 385 383 383 383 382 382 382 END
START 391 391 392 391 391 391 385 385 385 385 385 385 392 393 393 392 392 392 END
START 389 389 390 388 389 388 403 403 403 403 403 403 404 403 403 403 403 402 END
START 401 401 402 401 402 402 388 388 388 388 387 387 382 382 382 382 382 381 END
START 392 391 392 391 391 390 384 384 384 384 384 384 391 391 391 391 391 391 END
START 386 386 387 386 386 386 393 393 394 393 393 393 394 393 394 393 393 393 END