START 361 362 360 360 360 360 359 358 359 358 358 359 356 356 357 357 356 356 END
START 350 351 351 350 350 350 339 339 340 340 339 339 341 340 342 342 341 341 END
START 340 341 342 341 341 340 349 349 348 350 349 349 351 351 351 351 350 349 END
START 351 352 353 352 352 352 358 358 359 359 357 357 349 348 349 349 348 347 END
START 353 355 355 354 355 354 351 350 352 351 351 350 356 356 356 356 355 355 END
START 356 358 357 357 357 356 362 362 363 363 362 362 364 363 364 364 363 362 END
START 361 362 363 362 363 362 371 371 370 371 370 369 367 367 366 367 366 366 END
START 369 370 371 369 370 369 366 365 365 365 365 364 352 353 353 354 353 352 END
START 348 349 350 349 349 349 353 354 354 354 354 353 359 358 359 360 359 359 END
START 354 355 356 355 355 355 362 361 362 362 362 361 367 366 367 367 366 366 END
START 362 364 364 364 364 363 362 362 361 362 361 360 366 366 366 366 366 365 END
START 369 370 370 369 370 369 370 370 369 370 369 369 373 373 373 373 372 371 END
START 366 367 367 367 367 367 376 377 376 376 376 375 372 371 370 371 370 369 END
START 383 384 384 384 384 384 390 390 390 390 390 390 398 397 397 399 398 397 END
START 405 406 406 405 405 404 403 402 402 402 402 402 406 405 405 405 405 405 END
START 394 393 394 393 393 393 391 391 392 392 390 390 389 389 390 390 389 388 END
START 389 390 390 390 390 389 369 368 368 368 368 367 361 361 361 361 360 360 END
START 356 357 357 356 356 356 335 335 335 336 335 335 337 338 337 338 337 336 END
START 329 330 331 330 330 330 343 342 342 343 343 342 360 359 360 361 359 358 END
START 369 371 371 370 371 370 368 369 369 369 368 368 369 369 370 370 369 369 END
START 372 373 374 373 372 372 365 366 365 366 365 365 372 372 371 372 371 370 END
START 366 367 367 366 367 366 362 362 361 362 361 361 353 352 351 352 351 351 END
START 357 358 359 358 359 358 370 371 370 370 370 369 371 370 371 370 370 369 END
START 374 375 376 375 375 375 371 370 370 371 370 369 372 371 371 372 371 371 END
START 373 374 375 374 374 374 367 366 366 367 366 366 391 391 390 391 390 390 END