START 370 370 369 369 370 369 372 372 373 374 375 376 382 383 384 385 384 385 END
START 380 381 381 379 380 379 373 373 373 374 374 374 382 382 382 381 380 380 END
START 378 379 380 379 379 379 388 387 386 387 385 385 392 392 392 391 391 390 END
START 381 382 382 381 381 381 385 385 385 384 383 382 369 369 370 370 371 371 END
START 420 422 423 423 424 424 402 402 402 401 400 400 417 417 416 417 417 416 END
START 407 406 406 405 405 405 410 411 411 411 410 410 406 406 407 408 407 407 END
START 391 389 390 390 390 390 399 398 398 397 396 395 382 382 382 381 380 380 END
START 396 397 398 397 398 398 377 376 378 378 378 378 391 391 391 390 390 390 END
START 386 387 387 385 385 384 391 391 390 391 391 391 401 400 401 400 399 399 END
START 392 394 395 394 395 396 421 421 421 420 419 419 435 435 435 434 434 433 END
START 417 418 418 418 419 419 389 388 389 390 389 389 396 396 396 398 397 397 END
START 387 386 386 385 386 385 429 429 429 428 427 426 415 416 416 417 417 417 END
START 408 410 411 410 411 410 398 398 397 398 397 396 401 399 398 397 395 394 END
START 388 386 387 386 387 386 385 385 387 390 391 392 358 357 357 356 356 355 END
START 344 344 345 344 344 344 346 344 343 340 339 337 326 324 324 322 320 319 END
START 335 336 336 334 334 333 373 372 371 372 371 371 371 371 371 372 371 370 END
START 371 372 373 372 373 373 382 381 380 380 379 378 433 433 431 431 429 428 END
START 385 385 386 385 386 386 410 410 411 413 413 413 393 393 392 393 392 391 END
START 393 393 393 391 392 391 412 412 413 415 414 414 408 407 407 406 406 405 END
START 420 421 422 420 421 421 376 376 376 378 377 377 414 414 414 414 413 413 END
START 456 453 452 448 447 445 430 431 432 436 437 438 427 426 426 427 426 426 END
START 419 418 418 416 416 415 392 392 392 393 392 392 387 387 386 386 385 384 END