START 332 332 331 330 332 331 331 329 330 330 330 330 329 329 330 330 328 330 END
START 338 339 340 340 340 340 335 335 334 335 335 333 336 337 336 336 336 335 END
START 341 342 342 342 343 342 346 345 345 347 346 345 356 356 355 356 355 354 END
START 353 354 354 354 354 354 358 358 358 359 358 357 359 357 358 359 358 357 END
START 360 361 361 360 361 360 361 360 361 361 360 359 364 363 364 364 363 363 END
START 364 365 365 364 364 364 370 371 369 371 370 369 371 372 371 372 371 371 END
START 368 369 369 369 369 369 376 375 376 377 375 375 377 377 376 377 377 376 END
START 381 382 382 382 382 382 374 373 373 374 373 372 374 373 373 373 372 372 END
START 363 364 364 363 364 364 370 370 369 369 369 368 368 368 368 369 368 368 END
START 366 367 368 368 368 367 371 371 370 370 370 369 366 367 366 366 366 365 END
START 368 369 370 369 370 369 368 368 368 368 367 367 365 366 365 365 365 364 END
START 371 371 372 371 371 370 371 371 371 371 370 370 377 377 376 377 376 376 END
START 377 379 379 378 378 378 383 383 383 383 383 382 378 377 376 378 376 376 END
START 375 377 376 375 376 375 381 381 381 380 380 379 376 375 375 376 375 375 END
START 383 383 383 384 384 383 372 372 373 373 373 372 375 375 375 375 375 374 END
START 370 371 371 371 371 371 363 363 363 363 362 362 355 355 354 354 353 353 END
START 346 347 348 348 349 348 356 356 355 356 355 355 365 364 365 365 364 363 END
START 369 370 371 371 371 371 373 372 372 371 371 369 377 376 376 376 375 374 END
START 379 380 380 380 380 380 377 377 377 378 377 377 373 372 371 371 370 369 END
START 379 379 380 380 379 379 407 406 406 406 405 405 422 421 421 422 422 422 END
START 428 429 430 430 431 430 409 409 409 410 408 407 395 395 394 395 394 394 END
START 385 384 386 385 385 384 386 387 387 388 387 386 383 382 383 382 382 382 END
START 377 379 379 379 379 379 375 375 375 374 374 373 374 375 374 374 374 374 END