START 371 371 370 370 371 371 371 369 370 371 371 370 370 369 369 370 368 369 END
START 366 367 367 367 367 367 365 365 363 364 363 363 366 366 365 366 365 365 END
START 366 368 368 367 368 367 362 363 362 364 362 362 366 366 365 366 365 365 END
START 362 363 363 362 362 362 367 367 367 367 367 366 367 367 366 367 366 365 END
START 372 374 373 374 374 373 377 377 376 377 375 375 371 371 370 371 370 369 END
START 372 373 373 372 372 372 358 357 357 358 357 357 366 366 365 366 365 364 END
START 362 363 363 362 362 362 363 362 363 363 362 362 358 359 358 359 358 358 END
START 360 362 362 362 362 362 362 362 361 362 361 360 363 362 363 363 362 361 END
START 363 364 364 364 364 363 360 360 359 360 359 359 366 366 365 367 365 365 END
START 364 365 365 365 365 364 367 365 367 367 366 366 367 367 367 367 366 365 END
START 369 370 371 370 371 370 375 375 374 375 375 374 377 377 376 376 375 375 END
START 376 377 377 376 376 376 375 374 374 375 374 374 377 377 376 377 376 376 END
START 375 376 377 375 375 375 373 372 372 373 372 372 377 376 376 377 376 376 END
START 371 371 372 372 372 371 373 373 372 373 372 372 374 373 373 374 373 372 END
START 377 378 379 378 378 378 365 363 363 364 363 363 357 357 357 358 357 357 END
START 356 357 358 357 357 356 347 347 347 347 347 346 344 344 344 344 344 343 END
START 337 338 339 337 338 337 344 344 345 345 344 343 355 355 356 356 354 354 END
START 371 371 372 372 372 371 374 374 375 374 373 373 375 374 375 375 374 374 END
START 375 376 376 375 375 375 378 377 378 378 378 377 381 380 380 380 380 379 END
START 375 376 377 376 376 376 381 380 380 381 380 379 372 373 373 372 372 371 END
START 373 374 374 374 375 374 377 377 377 376 376 376 376 375 375 376 375 375 END
START 374 375 376 375 375 375 375 374 374 375 374 374 376 376 375 376 376 375 END
START 373 373 374 373 374 373 377 377 377 377 376 376 374 374 373 374 373 372 END
START 373 374 374 374 374 374 372 371 371 372 371 370 368 367 367 368 367 367 END