START 354 354 352 353 353 353 353 352 353 352 353 352 352 352 353 352 351 353 END
START 357 358 358 357 357 357 353 353 353 353 353 353 343 343 344 343 343 342 END
START 308 309 309 308 308 307 289 288 289 289 288 288 286 286 286 286 285 284 END
START 292 293 294 293 294 293 298 298 299 298 298 297 301 301 301 301 300 300 END
START 313 314 315 314 314 313 322 321 322 321 321 320 326 326 326 326 325 325 END
START 333 334 334 334 334 333 340 340 340 340 340 339 341 342 341 342 341 341 END
START 342 343 343 342 343 343 347 348 348 348 347 346 358 358 359 358 357 357 END
START 360 360 361 360 361 360 357 357 358 358 357 356 355 355 355 356 355 355 END
START 355 356 356 355 356 355 361 360 361 362 361 360 363 363 363 364 362 362 END
START 364 365 366 365 365 365 364 365 364 364 363 363 370 371 370 370 369 369 END
START 384 385 385 385 386 385 370 370 369 370 369 368 372 372 371 372 371 371 END
START 367 367 368 367 368 367 369 370 369 370 369 368 371 370 370 370 370 369 END
START 366 368 368 368 368 368 372 372 371 372 370 370 367 366 366 367 366 365 END
START 370 371 371 371 371 371 369 369 369 370 369 368 372 372 372 373 372 372 END
START 373 375 375 374 374 374 370 371 371 371 370 370 364 364 363 364 363 362 END
START 351 353 353 352 353 352 348 348 347 348 348 346 343 343 343 343 342 342 END
START 351 352 353 352 353 352 359 360 360 360 358 359 368 368 368 368 367 367 END
START 370 370 371 370 371 370 371 371 372 372 371 371 376 376 376 377 376 375 END
START 374 375 376 375 376 375 379 378 378 379 378 377 374 373 373 373 372 371 END
START 377 378 378 378 379 378 391 391 391 392 391 390 417 417 416 417 417 417 END
START 444 445 446 445 445 445 448 448 448 448 448 448 440 439 440 441 440 439 END
START 423 421 422 422 422 422 419 420 420 420 419 418 413 413 413 413 412 411 END
START 407 406 406 407 407 406 401 400 401 402 401 400 393 392 393 394 393 392 END