START 363 363 362 362 362 362 362 361 361 361 362 361 360 361 361 360 360 360 END
START 366 367 368 367 367 367 364 364 363 364 363 362 363 363 362 363 362 362 END
START 361 362 362 361 362 361 364 364 363 364 364 363 367 367 367 367 366 366 END
START 361 362 363 362 363 362 366 366 365 366 365 364 362 363 362 362 361 361 END
START 368 369 369 368 369 368 366 366 365 366 365 364 367 367 367 367 366 366 END
START 365 366 366 365 365 365 369 369 368 369 369 368 371 371 370 370 369 369 END
START 372 373 373 373 374 374 385 385 384 385 384 384 385 385 384 385 384 384 END
START 383 384 385 384 384 383 371 371 371 371 370 369 371 371 372 371 371 371 END
START 369 370 370 369 369 368 368 367 367 368 368 367 371 371 370 371 371 370 END
START 363 364 365 364 364 364 369 369 369 369 368 368 364 364 364 364 363 363 END
START 364 366 366 366 366 365 363 363 362 363 363 362 362 362 361 362 362 361 END
START 363 363 364 363 363 362 370 370 369 370 369 369 371 372 371 372 370 370 END
START 365 365 367 366 366 365 369 369 369 369 368 368 369 368 368 368 368 367 END
START 367 368 369 368 368 368 363 363 363 363 362 362 363 364 363 363 363 362 END
START 368 368 369 368 368 368 366 366 366 366 365 365 368 368 367 368 367 367 END
START 362 363 363 363 363 362 366 367 366 367 365 365 363 363 363 363 363 362 END
START 364 365 366 365 365 364 363 363 363 363 362 362 362 363 362 364 362 362 END
START 364 364 365 364 364 363 361 361 361 361 361 360 366 366 365 366 364 364 END
START 359 359 360 360 359 359 364 364 364 365 364 363 363 364 363 363 363 361 END
START 349 350 351 350 350 350 336 336 335 336 335 334 332 332 332 332 331 330 END
START 340 341 341 341 341 340 336 336 335 336 336 336 351 350 349 350 350 350 END
START 356 357 357 357 357 356 379 379 379 380 379 379 373 373 373 373 372 372 END
START 378 379 380 380 380 379 378 378 377 378 377 376 372 371 371 372 371 371 END
START 376 378 378 377 378 377 373 372 372 373 372 372 373 373 373 374 373 372 END
START 367 368 368 368 368 367 369 369 369 370 369 369 370 369 369 369 368 368 END
START 368 369 370 369 370 370 372 372 372 372 371 371 365 366 365 365 365 364 END
START 371 372 372 372 372 372 367 367 366 367 367 367 383 383 383 383 383 383 END
START 388 389 390 389 390 388 380 380 379 380 379 378 373 373 373 372 372 371 END
START 370 372 372 371 372 372 375 374 374 374 373 373 371 371 370 371 370 370 END
START 370 371 372 371 371 370 369 369 368 369 368 368 369 369 368 370 369 368 END