START 351 351 350 349 350 350 348 347 348 347 348 347 344 344 344 344 342 343 END
START 317 315 315 314 314 314 294 294 294 294 294 293 286 286 286 286 286 285 END
START 297 296 297 295 295 295 303 303 303 303 303 302 311 311 311 311 311 310 END
START 313 313 313 312 312 312 324 324 324 324 324 323 325 324 324 324 324 324 END
START 335 335 335 334 334 334 340 341 340 340 340 339 357 357 356 357 357 357 END
START 358 359 360 358 358 358 356 356 356 357 356 356 359 358 359 360 358 358 END
START 354 355 356 355 355 355 361 360 361 361 360 360 364 362 364 363 362 361 END
START 365 367 367 367 367 367 368 369 368 369 368 367 373 373 372 373 372 371 END
START 373 373 374 373 374 373 370 370 370 370 369 369 378 377 377 378 377 378 END
START 375 376 377 375 376 375 374 375 375 375 374 374 380 379 380 380 379 378 END
START 376 377 378 377 377 377 381 380 379 380 379 378 372 371 371 371 371 370 END
START 376 377 377 376 377 376 374 373 373 374 373 373 383 382 382 383 382 381 END
START 377 378 377 377 377 376 373 372 372 372 372 372 371 371 371 371 370 370 END
START 373 372 373 371 372 372 369 369 369 369 369 368 368 368 368 368 368 367 END
START 378 379 379 379 379 378 375 375 375 375 375 374 378 378 378 378 378 377 END
START 374 375 376 375 375 375 373 373 372 373 372 372 374 374 374 374 374 373 END
START 370 371 371 370 370 370 370 369 369 370 369 369 363 363 363 363 363 362 END
START 368 367 367 366 366 366 356 357 356 356 356 355 361 362 361 362 361 361 END
START 373 372 372 371 371 372 369 369 370 370 370 369 380 381 381 381 380 380 END
START 375 374 374 373 374 374 378 378 377 378 377 377 374 374 374 373 372 372 END
START 373 373 374 372 373 372 371 371 370 371 371 370 371 371 371 372 371 371 END
START 399 400 401 399 400 400 429 429 429 430 429 429 444 443 443 444 443 443 END
START 432 433 433 432 433 432 417 417 416 417 416 416 407 408 408 408 407 406 END
START 405 403 405 404 404 404 393 392 393 394 392 392 390 390 390 391 389 389 END