START 348 349 347 347 348 348 348 347 348 348 348 347 347 347 348 347 346 348 END
START 345 346 347 345 345 345 347 348 348 348 347 346 351 351 351 351 350 349 END
START 348 349 350 349 350 349 356 356 357 357 356 355 359 358 359 359 358 358 END
START 353 353 354 354 354 353 356 356 357 357 356 355 362 361 362 362 361 361 END
START 365 366 367 366 367 366 361 360 361 361 360 359 363 363 363 363 362 362 END
START 367 368 368 368 368 368 366 366 365 365 364 364 369 369 368 369 368 368 END
START 365 366 366 365 365 365 367 367 366 367 366 365 361 362 361 362 361 360 END
START 365 367 367 367 367 366 367 368 367 367 367 367 367 368 367 368 367 367 END
START 376 377 378 377 377 376 374 375 374 375 374 374 381 382 381 382 380 381 END
START 380 381 381 381 381 380 383 382 382 383 382 381 380 380 380 379 379 378 END
START 378 379 380 380 380 380 375 375 376 374 374 374 371 371 371 371 371 370 END
START 378 379 379 378 378 378 372 372 371 371 371 370 375 375 374 375 375 374 END
START 371 372 372 371 371 371 381 380 380 382 380 380 378 377 377 377 376 375 END
START 366 367 368 368 368 368 370 371 371 370 370 369 374 372 373 373 373 372 END
START 372 373 374 373 374 373 373 373 373 374 373 373 372 372 371 372 372 371 END
START 360 361 361 361 361 360 360 360 359 361 360 360 362 362 362 363 361 361 END
START 356 358 358 358 358 358 357 357 356 356 356 355 356 356 356 357 355 355 END
START 357 357 358 357 357 358 356 356 356 356 356 356 363 362 363 364 363 363 END
START 364 365 366 365 366 365 365 365 366 367 366 365 368 368 367 368 367 366 END
START 364 366 366 366 366 366 363 363 362 363 361 361 368 369 368 369 368 368 END
START 409 409 410 409 410 410 414 414 413 413 412 411 401 401 400 401 400 400 END
START 386 385 386 385 385 384 388 387 388 389 387 388 388 388 388 388 387 386 END
START 384 385 386 385 386 385 383 382 383 382 381 381 375 375 375 374 373 374 END