START 298 298 297 297 299 298 300 298 299 300 300 301 300 301 301 301 300 301 END
START 311 310 310 309 309 310 317 317 317 317 317 316 319 319 320 320 320 319 END
START 332 331 331 330 331 331 330 330 330 331 330 330 336 336 336 337 336 335 END
START 340 339 339 338 338 338 348 348 348 349 349 348 342 341 341 342 341 340 END
START 340 339 340 339 340 340 350 350 350 350 349 349 348 348 349 348 348 347 END
START 355 354 355 353 354 354 354 354 355 354 354 353 359 359 359 359 359 358 END
START 363 362 363 362 362 362 361 361 361 361 361 360 361 361 361 361 361 360 END
START 366 365 365 364 365 365 371 371 371 371 371 370 364 365 364 364 364 363 END
START 377 376 377 376 377 376 376 376 375 376 375 375 378 379 379 379 379 378 END
START 380 379 379 378 379 379 379 379 379 379 379 378 384 384 384 384 384 383 END
START 382 382 382 382 382 382 385 384 384 385 384 383 378 379 379 378 377 377 END
START 387 388 388 388 388 388 384 384 384 383 383 382 380 380 380 380 380 380 END
START 388 388 389 388 388 388 396 397 397 397 396 396 392 392 392 392 391 391 END
START 375 375 375 374 374 374 374 374 374 374 373 373 369 369 369 369 368 368 END
START 362 361 362 361 361 361 361 361 361 361 361 360 362 363 363 363 363 362 END
START 368 367 367 366 367 366 367 368 368 368 368 367 372 373 372 373 372 372 END
START 369 368 369 368 368 368 373 373 373 373 373 372 371 371 370 371 370 369 END
START 369 370 371 370 370 370 370 369 369 370 369 368 365 365 364 365 365 364 END
START 371 369 369 368 368 368 368 369 369 368 368 368 366 366 366 366 366 365 END
START 365 364 364 362 363 363 368 368 368 368 368 367 365 365 365 365 364 363 END
START 359 359 359 358 359 359 355 355 355 354 354 353 350 350 349 349 349 348 END
START 359 358 358 357 357 358 359 359 359 359 359 358 368 368 369 369 368 368 END
START 370 369 369 367 368 368 373 373 373 373 373 372 380 380 380 380 380 379 END
START 368 368 369 368 368 368 369 369 369 369 369 368 369 369 369 369 369 368 END
START 370 370 371 370 370 370 363 363 363 363 363 362 369 369 369 369 369 368 END
START 372 370 370 369 369 369 368 368 368 368 368 367 368 368 368 368 368 367 END
START 367 366 366 364 365 365 373 373 373 372 372 372 359 359 359 359 359 358 END
START 370 369 369 368 368 368 395 395 394 394 394 394 416 416 416 416 416 416 END
START 437 436 435 434 434 434 433 433 433 433 433 432 420 420 420 420 419 419 END