START 370 371 370 370 371 371 371 370 371 372 371 372 371 371 372 371 370 371 END
START 365 367 367 366 366 366 375 374 374 375 374 373 369 368 368 369 367 367 END
START 370 372 372 372 372 372 370 370 369 370 369 368 367 367 366 367 366 365 END
START 374 375 375 374 374 374 367 367 367 368 367 366 370 371 370 371 370 370 END
START 368 370 370 369 370 369 368 368 367 368 367 367 372 371 371 372 371 371 END
START 381 381 382 382 382 382 388 387 387 388 386 386 379 378 378 379 378 378 END
START 384 384 385 384 385 384 377 378 377 376 376 376 374 374 374 375 374 374 END
START 369 370 371 370 370 369 369 368 368 369 368 368 371 370 370 371 370 369 END
START 363 365 366 365 365 366 367 367 366 367 366 365 369 368 368 369 368 367 END
START 364 365 366 365 365 364 359 359 359 360 359 358 359 360 360 360 359 359 END
START 362 363 363 362 362 362 370 369 370 370 369 369 367 367 367 367 366 366 END
START 367 368 368 368 368 368 371 371 371 371 370 370 369 369 368 368 367 367 END
START 373 374 375 374 374 374 368 367 367 368 367 367 370 371 370 370 369 369 END
START 368 368 369 368 368 367 372 373 372 373 372 372 361 361 360 361 360 359 END
START 332 332 334 333 333 332 324 324 323 324 323 322 321 322 321 321 320 320 END
START 320 321 321 321 321 321 319 320 318 319 319 318 330 331 330 332 331 330 END
START 350 351 351 351 351 350 363 363 364 365 364 364 372 372 371 373 371 371 END
START 368 370 371 370 370 370 379 379 379 379 379 378 374 373 373 374 373 372 END
START 374 375 375 374 375 374 372 371 371 372 372 371 395 396 395 397 396 396 END
START 423 424 424 424 424 423 436 435 435 436 436 435 446 445 446 445 445 445 END
START 426 425 426 425 425 425 408 407 407 407 407 406 397 397 397 397 396 395 END
START 392 390 391 391 390 390 384 384 384 384 383 382 378 378 378 378 378 378 END
START 384 384 384 383 383 382 373 374 374 373 373 372 377 376 376 377 376 375 END