START 387 388 386 387 388 388 390 389 390 390 390 390 391 391 391 391 390 391 END
START 379 380 380 379 379 379 383 382 382 382 381 381 378 377 377 376 376 375 END
START 367 369 369 368 369 369 372 373 373 372 372 371 376 375 375 376 374 374 END
START 363 364 365 364 364 364 363 363 363 364 363 363 364 363 363 364 363 363 END
START 364 365 365 365 365 364 374 374 374 374 374 373 380 380 379 378 378 377 END
START 381 383 382 382 382 382 375 375 375 375 375 375 370 369 369 370 369 368 END
START 357 358 359 359 359 359 355 353 353 353 352 352 343 343 343 343 343 342 END
START 336 337 338 337 337 337 340 340 340 340 339 338 342 343 343 343 341 341 END
START 332 334 335 334 335 335 346 345 345 346 345 345 354 355 354 354 352 352 END
START 366 367 367 366 367 366 367 367 367 367 366 366 370 369 370 370 369 369 END
START 356 357 358 357 357 356 357 358 356 357 356 355 361 362 361 362 361 361 END
START 357 358 358 358 358 358 359 358 359 358 357 357 361 361 360 360 359 359 END
START 361 362 362 361 362 361 353 352 353 353 352 352 357 356 357 357 356 356 END
START 363 363 364 364 364 363 359 359 360 360 359 359 349 348 349 349 348 348 END
START 336 337 338 338 339 338 343 342 343 343 343 342 338 338 339 338 337 336 END
START 335 336 337 337 337 337 339 339 339 339 339 338 349 349 348 350 350 349 END
START 351 352 352 352 351 352 356 355 355 357 356 356 362 362 363 363 362 362 END
START 361 361 362 361 361 360 367 367 367 368 367 366 370 370 370 371 370 370 END
START 364 365 365 364 364 364 354 354 353 353 351 351 325 325 324 325 324 323 END
START 308 309 310 309 309 309 315 314 315 314 314 313 330 330 330 331 330 329 END
START 342 342 343 342 342 342 347 348 348 350 348 348 347 347 347 348 347 347 END
START 355 356 357 357 357 356 362 362 362 361 361 359 358 358 358 358 357 357 END