START 426 426 424 424 425 425 424 424 424 424 424 425 423 424 424 424 423 424 END
START 425 424 425 424 424 423 415 415 413 415 414 414 416 416 416 416 416 415 END
START 407 406 406 405 406 405 408 407 408 409 408 407 407 406 407 407 407 405 END
START 392 390 391 391 391 391 382 382 382 382 381 380 377 377 378 378 377 376 END
START 376 378 378 377 378 377 374 374 375 374 373 374 372 372 372 373 372 372 END
START 368 369 369 369 369 368 373 372 371 372 372 371 371 370 370 371 369 369 END
START 379 380 381 380 380 380 401 401 401 401 401 400 403 403 403 404 403 402 END
START 405 405 406 405 406 404 390 391 391 391 390 390 379 380 380 380 380 379 END
START 372 370 370 371 371 370 360 359 360 360 359 359 360 360 361 360 360 359 END
START 346 348 348 348 348 348 353 352 353 354 353 352 346 347 345 346 346 344 END
START 350 351 351 351 351 351 345 344 345 345 344 343 345 345 346 346 345 345 END
START 347 348 348 348 348 347 350 350 351 351 350 350 354 354 355 354 354 353 END
START 348 348 349 349 348 348 349 348 350 349 348 348 359 358 360 359 359 358 END
START 374 375 376 375 376 375 379 379 380 379 378 377 376 376 376 377 376 376 END
START 367 368 368 368 367 367 368 367 367 368 367 367 368 367 367 368 366 366 END
START 359 360 361 359 359 359 345 346 346 346 345 344 344 343 343 343 343 342 END
START 348 349 349 349 349 348 348 348 349 349 348 348 349 350 350 350 350 349 END
START 347 348 348 347 347 347 347 348 348 348 348 347 351 350 351 352 351 350 END
START 340 341 342 341 341 341 345 345 346 347 346 345 347 346 347 347 346 345 END
START 347 347 348 347 348 348 349 349 350 350 348 348 354 355 355 355 355 354 END
START 364 365 365 364 365 364 364 365 365 365 364 363 368 367 367 368 367 366 END
START 364 365 365 364 366 365 359 359 359 360 359 359 361 361 360 361 359 359 END
START 363 363 364 364 364 364 367 367 367 367 366 366 366 366 367 367 366 366 END
START 371 372 373 372 372 371 372 372 371 372 371 370 375 376 375 376 376 375 END
START 368 368 369 369 368 368 374 374 374 375 374 374 372 371 371 371 371 370 END