START 366 368 367 366 367 367 368 366 367 368 367 368 367 368 368 367 366 368 END
START 372 373 373 372 373 372 371 371 370 371 370 369 372 372 371 372 371 371 END
START 369 370 371 370 370 369 380 380 379 380 379 379 382 381 380 381 380 379 END
START 372 373 374 373 373 373 370 369 369 369 369 368 371 370 371 370 370 370 END
START 373 374 374 374 374 373 372 373 372 373 372 371 374 373 373 374 374 373 END
START 378 379 379 379 379 379 389 388 388 389 388 387 390 389 389 390 389 389 END
START 384 385 385 385 385 384 383 383 383 382 382 381 377 377 377 377 376 376 END
START 380 380 381 380 381 380 370 370 370 369 369 369 373 373 373 373 373 372 END
START 372 373 373 372 373 372 373 374 373 374 373 373 374 373 372 373 372 371 END
START 370 371 371 371 371 371 373 372 373 373 373 372 369 368 368 369 368 368 END
START 371 373 373 372 373 372 362 362 362 362 361 361 374 375 374 375 374 374 END
START 376 377 377 377 377 377 380 381 380 381 380 380 376 376 376 376 376 375 END
START 366 367 367 367 368 367 369 369 369 368 368 367 369 368 368 369 368 368 END
START 373 374 374 374 374 373 368 369 368 369 368 368 365 366 365 365 365 364 END
START 359 359 361 359 360 359 352 353 352 353 352 352 342 343 342 342 341 340 END
START 329 330 331 330 331 330 335 334 335 335 335 334 339 339 339 339 338 337 END
START 351 352 351 351 351 350 359 359 359 360 359 359 361 361 360 362 361 361 END
START 366 367 367 367 367 366 367 367 367 368 367 367 365 366 365 365 365 365 END
START 360 360 361 360 360 360 368 369 368 369 368 367 363 363 363 363 362 361 END
START 369 371 371 371 371 370 371 371 371 372 371 371 368 369 368 369 369 368 END
START 373 375 374 374 374 373 369 368 368 369 368 368 375 374 374 375 374 373 END
START 372 373 373 373 373 372 373 373 372 373 372 372 370 369 369 369 369 368 END