START 367 368 367 367 368 368 368 367 368 368 368 369 368 368 368 368 367 368 END
START 366 367 368 367 367 367 369 369 369 369 368 368 366 367 366 366 366 365 END
START 367 368 369 368 368 368 370 370 370 370 369 369 367 367 367 368 367 367 END
START 391 392 393 392 392 392 417 417 416 417 417 416 429 429 429 430 429 428 END
START 425 426 426 426 426 426 423 422 423 423 422 422 413 413 413 413 412 412 END
START 421 420 421 420 420 419 407 408 407 408 407 406 403 401 402 402 401 401 END
START 390 388 390 389 389 388 379 379 380 380 379 378 376 376 376 376 375 374 END
START 365 366 366 366 366 365 360 359 359 360 359 359 359 358 358 359 358 357 END
START 359 360 360 359 360 360 361 360 361 361 360 359 358 358 359 358 358 358 END
START 357 359 359 358 358 358 360 360 359 360 360 359 359 358 359 359 358 358 END
START 361 362 363 362 363 362 374 375 374 374 374 373 382 381 382 382 381 380 END
START 374 375 375 375 375 374 369 368 368 368 367 367 371 371 371 371 371 370 END
START 367 368 368 367 368 368 366 367 366 367 366 366 365 365 365 366 365 364 END
START 359 360 361 360 360 360 359 359 359 359 358 358 361 361 361 361 361 360 END
START 356 357 358 358 357 358 349 348 348 349 348 347 344 344 343 344 343 342 END
START 334 335 336 335 335 334 339 339 339 339 339 338 341 341 341 341 340 340 END
START 344 345 346 345 346 346 355 355 354 356 355 354 359 359 359 359 358 358 END
START 366 367 367 367 367 366 365 364 365 365 364 364 366 365 366 366 365 365 END
START 368 369 370 369 369 369 368 368 368 368 367 367 369 369 368 369 368 368 END
START 371 372 372 372 372 372 398 399 398 398 398 398 415 415 415 415 415 414 END
START 422 423 423 423 423 423 402 401 402 401 400 400 385 384 385 385 384 384 END
START 380 379 380 380 379 379 372 371 372 372 371 370 375 375 375 375 374 374 END
START 368 369 369 369 370 369 371 370 370 371 370 369 370 369 369 370 370 368 END