START 365 366 364 364 365 364 364 363 364 364 364 364 362 363 363 362 361 362 END
START 366 367 368 367 367 367 360 361 360 360 360 359 360 361 360 361 360 359 END
START 361 362 363 362 363 362 362 363 362 363 362 361 365 366 365 365 365 364 END
START 361 362 363 362 362 362 367 367 367 367 366 366 360 361 360 360 360 359 END
START 377 378 379 378 379 378 386 387 386 386 385 385 379 379 378 379 378 378 END
START 374 375 376 375 375 374 361 361 362 361 361 361 357 357 357 358 357 357 END
START 357 358 358 357 358 357 364 364 364 364 364 363 362 361 362 362 360 360 END
START 360 361 361 361 361 360 359 360 359 359 359 358 359 360 359 359 359 358 END
START 362 364 364 363 363 363 358 357 358 358 357 357 361 360 362 362 361 361 END
START 361 362 362 362 362 361 364 364 365 365 364 363 368 368 368 368 367 367 END
START 363 364 364 364 364 364 367 367 366 366 365 364 364 364 363 364 363 362 END
START 367 368 369 369 369 368 360 361 359 360 359 359 358 358 358 359 358 357 END
START 360 361 361 360 361 360 363 362 363 364 363 363 366 365 366 366 365 364 END
START 362 364 363 363 364 363 367 367 367 367 366 366 364 364 364 364 363 362 END
START 368 369 370 369 370 369 365 366 365 365 365 364 366 367 366 367 366 365 END
START 368 369 370 369 369 368 373 374 373 374 373 373 373 373 373 373 372 372 END
START 363 365 365 365 365 364 375 374 374 374 373 373 370 369 369 370 369 368 END
START 364 366 366 365 366 366 360 360 360 360 360 359 359 360 359 360 359 359 END
START 358 358 359 358 358 358 360 362 360 361 361 360 361 361 362 362 361 360 END
START 353 355 355 354 355 355 362 362 362 363 362 361 365 365 364 365 364 364 END
START 370 370 371 370 371 370 368 368 367 368 367 367 368 368 368 368 368 367 END
START 367 368 368 368 367 367 371 371 371 371 371 370 373 374 373 373 373 372 END
START 366 367 367 367 367 366 372 371 371 372 371 371 369 368 367 368 367 367 END
START 371 372 373 372 372 372 369 368 367 368 366 367 367 367 366 367 366 365 END
START 364 364 365 364 364 364 362 362 362 362 361 361 360 360 360 360 359 359 END
START 352 354 354 353 353 353 353 353 352 353 353 352 349 349 349 349 349 348 END
START 349 350 351 350 350 350 350 348 350 350 348 348 349 349 349 349 348 348 END
START 361 362 363 362 362 362 367 368 367 368 367 367 376 377 377 377 376 376 END
START 374 376 376 375 376 374 380 379 379 380 379 379 378 377 377 377 376 376 END