START 373 373 372 372 372 372 371 369 370 370 370 370 368 368 369 368 368 368 END
START 378 379 379 378 379 378 369 368 368 369 369 369 376 377 376 377 376 376 END
START 376 376 377 375 376 375 386 386 386 387 386 386 387 387 387 387 387 386 END
START 387 388 388 389 389 389 416 416 416 416 416 415 420 421 421 420 420 419 END
START 432 432 433 432 433 432 419 419 419 420 419 418 418 418 417 419 418 418 END
START 409 408 408 407 407 407 409 409 410 411 410 410 400 400 400 400 399 399 END
START 390 389 391 390 391 390 396 395 396 396 395 395 389 388 388 388 388 387 END
START 397 398 398 397 398 397 388 388 388 388 387 387 394 394 394 394 394 394 END
START 393 394 394 393 393 392 393 393 393 393 393 393 399 398 398 398 398 397 END
START 399 400 400 400 400 400 408 408 408 408 407 407 402 401 402 401 401 400 END
START 402 401 402 401 402 402 392 392 392 392 391 391 392 393 393 394 393 393 END
START 398 396 397 396 397 396 396 396 397 397 397 396 403 402 402 402 401 401 END
START 391 392 392 392 392 392 402 401 402 401 401 401 392 392 392 392 392 391 END
START 400 401 402 401 401 401 389 389 389 389 387 387 379 378 379 379 379 379 END
START 377 375 376 375 375 375 369 369 369 369 369 369 375 374 374 375 374 374 END
START 363 364 364 363 364 363 376 376 375 375 374 374 383 382 381 382 381 380 END
START 389 390 390 389 390 390 391 390 390 390 389 389 390 390 390 390 390 390 END
START 400 401 401 400 400 400 392 392 393 393 392 392 396 396 396 396 396 396 END
START 388 387 388 387 387 388 397 397 397 397 397 396 394 393 393 393 393 392 END
START 393 394 395 394 394 394 395 394 395 394 394 393 396 396 396 396 396 396 END
START 401 402 402 401 402 402 388 388 388 388 388 388 387 387 387 387 387 386 END
START 374 373 374 373 374 374 384 384 384 384 384 384 385 385 385 385 384 384 END
START 399 400 400 400 401 400 394 394 394 393 393 393 389 390 390 389 389 389 END