START 366 366 365 365 366 365 365 365 365 365 366 365 365 365 365 365 364 365 END
START 363 364 364 364 364 363 366 366 366 367 366 366 363 364 363 364 363 362 END
START 361 362 361 361 362 361 369 369 368 369 368 368 368 367 367 368 366 366 END
START 366 368 367 367 368 367 366 367 366 366 365 364 361 362 361 362 361 360 END
START 367 368 368 367 368 367 365 365 364 365 364 364 365 366 365 366 365 365 END
START 361 362 363 362 363 362 367 367 367 367 367 367 366 366 365 366 365 365 END
START 364 365 366 366 366 366 361 361 361 361 360 359 361 361 360 361 360 359 END
START 364 365 366 365 365 365 362 363 362 363 362 361 364 365 364 365 364 363 END
START 358 359 360 359 359 359 361 361 360 361 360 360 366 366 365 366 365 364 END
START 363 364 365 364 365 364 367 367 367 367 366 366 364 365 364 364 364 363 END
START 368 369 370 369 369 369 363 364 363 364 363 363 366 367 366 367 366 366 END
START 366 367 367 367 367 366 367 367 367 368 367 366 371 371 370 371 370 369 END
START 360 362 362 362 362 362 363 364 362 363 362 362 361 361 360 361 360 360 END
START 364 366 366 365 365 365 363 363 362 362 362 361 364 365 364 365 365 364 END
START 362 363 363 362 363 362 366 366 366 367 366 366 369 369 368 369 368 368 END
START 365 366 365 365 365 365 366 366 365 366 365 364 362 363 362 362 362 361 END
START 367 368 369 368 368 368 365 366 365 366 365 365 366 366 366 367 366 366 END
START 366 367 367 367 367 366 366 366 365 366 365 364 366 367 366 367 366 366 END
START 363 364 365 364 365 364 364 364 364 364 363 362 355 355 354 355 354 354 END
START 346 348 348 347 347 347 338 339 338 339 337 337 331 330 331 331 331 330 END
START 331 332 333 332 331 331 338 337 337 339 338 337 359 358 357 359 358 357 END
START 374 375 375 375 375 375 389 388 388 389 388 388 386 385 386 386 385 385 END
START 385 386 387 386 386 386 382 382 383 382 381 381 381 382 381 381 381 380 END
START 382 383 383 382 383 382 378 378 378 378 378 378 381 382 382 382 381 381 END
START 374 375 375 375 375 375 379 379 379 380 379 378 373 374 373 373 372 372 END
START 373 374 374 373 374 374 369 368 368 369 368 367 363 362 362 363 362 362 END
START 362 363 364 362 363 362 367 367 366 367 366 366 367 368 367 368 367 366 END
START 362 363 364 363 363 363 369 369 369 369 368 368 366 367 365 366 365 364 END
START 362 364 364 363 364 363 362 361 360 361 360 360 364 363 363 363 363 362 END
START 369 370 371 370 370 370 365 366 366 366 365 365 367 368 367 368 367 367 END