START 373 374 373 374 375 375 378 377 378 378 378 378 377 376 377 376 375 375 END
START 366 367 367 367 367 367 372 372 371 372 371 371 378 378 377 378 377 377 END
START 379 380 381 380 380 380 377 377 377 378 378 378 380 379 379 379 378 377 END
START 375 376 376 375 376 376 398 398 398 399 398 397 385 384 384 384 384 383 END
START 399 400 401 401 402 402 414 413 414 413 413 412 408 408 408 406 406 405 END
START 414 414 415 415 416 415 408 408 408 409 409 409 399 399 399 398 398 397 END
START 394 393 394 394 394 394 397 398 398 399 398 398 396 395 395 395 394 394 END
START 397 398 399 398 399 398 403 402 403 402 402 401 384 384 384 384 384 384 END
START 396 397 398 397 398 397 385 385 385 385 384 384 389 389 389 389 388 388 END
START 381 381 382 380 381 380 392 393 393 392 392 392 388 388 388 388 388 387 END
START 398 399 400 400 400 400 415 415 415 414 414 414 410 410 410 410 410 409 END
START 411 409 410 409 410 409 390 389 390 390 389 389 395 395 395 396 396 396 END
START 400 398 399 397 397 397 396 396 397 396 396 396 399 398 398 398 398 397 END
START 398 399 400 399 400 400 391 391 391 391 391 391 398 397 398 397 396 395 END
START 414 415 415 414 414 414 395 394 395 395 396 396 384 383 384 383 383 383 END
START 382 381 382 381 381 380 381 381 381 381 381 381 394 394 395 395 395 395 END
START 372 373 374 373 374 374 387 387 386 385 384 384 377 376 376 375 374 373 END
START 384 384 385 384 384 384 373 373 373 372 372 371 378 378 378 379 378 378 END
START 373 373 374 373 373 373 387 387 388 389 389 389 391 391 391 392 391 391 END
START 383 383 384 383 383 383 396 396 396 395 395 394 402 401 402 401 401 400 END
START 423 424 424 423 424 423 406 405 406 406 406 405 402 402 402 403 402 402 END
START 397 395 396 395 395 395 392 393 393 394 393 393 405 405 405 405 404 404 END
START 392 393 393 392 393 392 404 403 403 403 403 402 398 397 397 397 396 396 END