START 298 299 298 298 299 299 299 299 300 300 300 300 301 301 302 302 301 302 END
START 305 306 307 306 306 305 306 307 307 308 308 307 322 322 322 323 322 321 END
START 325 324 324 323 323 323 334 335 335 335 335 334 330 331 330 330 330 329 END
START 334 333 333 332 333 333 337 338 337 338 338 337 343 344 343 344 344 343 END
START 348 347 347 345 346 346 351 351 350 351 351 351 353 353 354 354 354 353 END
START 368 367 367 366 366 367 386 386 386 386 386 385 378 378 378 378 377 377 END
START 372 371 371 370 371 371 361 361 361 361 361 360 365 365 365 365 365 364 END
START 376 375 375 373 374 374 369 369 369 369 369 368 369 369 369 369 369 368 END
START 371 370 370 369 369 369 372 373 372 372 372 372 371 372 371 371 371 370 END
START 371 370 370 369 369 370 374 374 373 373 373 373 367 367 367 366 366 366 END
START 378 377 377 376 377 377 385 386 385 386 385 385 385 385 385 385 385 384 END
START 372 371 371 370 370 370 378 378 378 378 378 377 380 380 380 380 380 379 END
START 382 381 381 379 380 380 375 375 374 374 374 373 372 372 372 372 372 371 END
START 376 375 375 374 375 374 368 368 367 367 367 367 372 372 372 372 372 372 END
START 372 371 371 369 370 370 359 360 360 360 359 358 350 350 350 350 349 349 END
START 346 345 345 344 345 345 351 351 351 351 351 350 359 360 360 360 360 359 END
START 370 369 369 368 369 369 367 367 367 368 367 367 368 369 368 368 368 368 END
START 370 369 370 368 369 369 371 371 371 372 371 371 373 373 373 373 373 372 END
START 373 372 372 372 373 373 377 377 377 377 377 376 365 365 365 365 364 363 END
START 366 365 365 364 364 364 362 362 361 362 361 361 360 360 360 361 361 360 END
START 367 366 366 365 365 365 377 377 377 377 377 376 377 378 377 377 377 376 END