START 366 366 365 364 366 364 365 364 364 364 364 365 362 363 363 363 361 363 END
START 363 363 364 363 364 364 363 363 362 362 362 361 360 360 360 360 359 359 END
START 364 365 365 364 364 364 361 362 361 362 362 361 368 367 368 368 367 367 END
START 362 364 364 363 363 363 364 365 364 364 363 364 364 364 364 364 363 362 END
START 372 373 374 373 373 373 370 370 369 370 369 369 364 364 363 364 363 363 END
START 372 373 374 373 373 372 367 367 367 367 367 366 365 366 365 366 365 365 END
START 365 366 367 366 366 365 366 367 366 366 366 365 364 365 364 364 364 363 END
START 363 364 364 364 365 364 365 365 364 365 364 363 363 364 364 364 363 363 END
START 369 370 371 370 370 370 368 368 368 368 367 367 372 372 371 372 372 371 END
START 367 367 368 367 367 367 363 364 363 363 363 362 364 363 364 364 363 363 END
START 362 363 363 363 363 363 365 365 364 364 364 363 366 367 366 366 365 365 END
START 371 372 372 372 372 372 359 360 359 359 359 358 360 361 361 361 360 360 END
START 358 360 360 359 359 358 364 364 364 365 364 364 368 368 367 368 367 366 END
START 363 364 363 364 364 364 362 363 362 362 361 361 359 359 358 359 358 357 END
START 363 364 364 363 364 363 360 360 360 360 359 359 361 361 362 362 361 361 END
START 362 362 363 363 362 362 365 364 365 365 364 363 367 367 366 367 366 366 END
START 361 363 363 363 364 363 363 363 363 363 362 362 357 358 357 357 356 356 END
START 356 357 358 357 357 357 349 349 348 349 348 348 349 348 349 349 348 348 END
START 349 350 350 349 349 348 355 355 355 355 355 354 365 364 365 366 364 364 END
START 367 368 369 368 369 368 374 374 375 375 374 373 370 371 370 370 370 369 END
START 371 372 373 373 372 373 368 367 367 368 367 366 371 370 370 371 370 370 END
START 369 370 371 370 370 370 371 372 371 372 372 371 373 373 372 373 373 372 END
START 370 371 371 370 371 370 373 373 372 373 372 372 371 371 371 371 371 370 END
START 372 372 373 373 373 373 369 368 368 368 368 367 365 364 364 365 364 364 END
START 363 365 365 364 364 363 362 362 362 363 362 361 362 363 362 363 362 361 END
START 356 357 358 357 356 356 360 361 360 361 361 360 361 361 360 361 360 360 END
START 370 371 372 372 372 371 368 369 367 368 367 367 364 365 364 365 364 363 END
START 367 368 368 368 368 368 370 371 370 370 370 369 372 372 371 372 372 371 END
START 365 366 366 366 367 366 370 370 369 370 370 369 371 371 370 371 370 369 END