START 374 375 374 373 375 374 375 374 375 375 375 374 373 374 374 374 373 373 END
START 363 364 364 364 365 364 369 368 368 368 368 367 370 370 369 369 369 368 END
START 367 368 369 368 368 368 362 362 362 362 361 360 370 370 369 370 370 369 END
START 367 368 368 367 367 367 363 364 363 364 363 363 365 365 364 365 364 364 END
START 362 363 363 362 363 362 366 366 366 366 365 364 364 364 364 365 363 363 END
START 368 369 370 369 369 369 362 363 362 363 362 361 363 364 363 364 363 362 END
START 364 365 365 364 364 364 364 365 364 365 364 363 367 367 367 367 367 366 END
START 362 363 363 363 363 363 366 367 366 366 366 366 369 369 369 369 368 368 END
START 367 369 369 368 369 368 363 364 363 363 363 362 362 363 363 363 363 362 END
START 365 367 367 366 367 366 372 372 372 372 371 371 370 370 369 370 369 368 END
START 361 362 362 362 362 361 367 367 367 367 366 366 366 366 365 365 365 364 END
START 366 367 367 367 367 366 368 368 368 368 367 366 364 364 364 364 363 363 END
START 366 368 368 367 367 366 366 367 366 367 366 366 368 368 367 368 367 366 END
START 364 365 366 365 365 364 367 367 367 367 366 366 362 363 362 362 361 361 END
START 359 360 360 360 360 360 360 360 360 360 359 359 362 362 361 362 361 360 END
START 361 361 362 361 361 361 359 358 359 359 358 358 359 360 359 359 359 358 END
START 359 360 360 359 360 360 369 368 369 369 368 368 369 368 369 369 368 367 END
START 367 368 368 367 368 368 366 367 366 366 365 365 366 367 366 367 366 366 END
START 368 368 369 368 368 367 367 367 367 367 366 366 369 369 368 369 368 368 END
START 364 366 365 365 366 365 365 366 365 366 365 365 367 367 366 367 366 366 END
START 359 360 360 360 361 360 359 360 359 359 359 358 359 359 358 359 358 358 END
START 358 359 358 358 359 358 355 355 355 355 354 354 358 356 358 358 357 357 END
START 363 364 364 363 364 363 369 368 369 370 369 368 371 370 371 371 371 370 END
START 364 365 366 366 366 366 369 369 368 369 368 367 369 367 367 368 368 367 END
START 370 371 372 371 371 371 368 369 368 369 368 367 372 372 372 372 372 371 END