START 360 361 359 359 360 360 360 359 360 360 360 360 361 361 362 362 360 362 END
START 357 358 358 358 358 358 362 362 362 362 361 361 366 366 366 366 365 365 END
START 363 364 365 364 364 364 356 355 355 355 355 354 341 342 341 341 340 340 END
START 332 333 333 333 333 333 330 330 330 330 329 328 332 333 333 333 332 332 END
START 341 342 342 341 341 340 345 345 344 345 345 344 346 345 345 346 345 345 END
START 348 350 350 349 349 348 357 356 357 357 355 355 353 353 354 354 353 352 END
START 356 358 358 357 358 358 357 356 357 357 356 355 356 356 357 357 356 356 END
START 360 361 361 360 361 359 364 364 364 364 364 363 362 361 361 362 361 361 END
START 362 363 363 362 362 362 366 366 365 365 365 364 375 375 375 375 375 374 END
START 394 395 396 395 395 395 402 402 402 402 401 400 405 405 404 405 405 404 END
START 402 403 404 403 403 402 405 405 405 405 404 403 397 398 397 398 397 396 END
START 374 372 374 373 373 372 369 369 370 370 369 369 367 366 366 366 365 365 END
START 362 363 364 363 364 363 363 364 363 363 362 362 364 365 363 364 363 363 END
START 363 364 364 364 364 363 354 354 354 355 354 354 360 361 360 361 361 360 END
START 359 360 360 359 360 359 358 358 359 359 358 358 366 367 365 365 364 363 END
START 365 366 367 366 367 366 361 360 361 361 360 359 361 362 361 361 361 360 END
START 366 367 367 367 367 366 361 361 360 360 359 359 363 363 363 363 362 362 END
START 363 365 365 364 365 364 364 363 364 364 363 363 363 364 363 363 363 362 END
START 362 363 364 364 363 363 363 363 363 364 363 362 366 366 366 366 365 365 END
START 368 369 369 369 369 368 359 360 359 360 359 358 353 354 353 354 353 352 END
START 358 359 359 358 358 357 351 350 351 352 351 351 354 352 353 353 352 352 END
START 365 366 367 367 367 367 376 375 375 375 374 374 369 368 369 369 368 367 END
START 372 374 374 374 375 375 372 371 371 373 372 372 365 365 366 367 367 367 END
START 375 376 376 375 376 375 374 373 372 373 372 371 412 412 411 411 410 410 END
START 432 433 433 432 432 432 437 436 436 436 435 434 417 416 416 416 415 414 END
START 412 410 412 411 411 410 394 394 393 394 393 392 396 395 395 396 395 395 END
START 386 385 386 385 386 385 382 382 383 383 382 382 393 392 393 393 392 392 END
START 378 379 380 379 379 379 380 380 380 380 379 379 367 366 367 366 366 365 END