START 362 362 361 361 362 362 362 362 362 362 363 362 361 362 362 361 360 361 END
START 340 341 342 341 341 340 334 335 334 334 333 333 331 331 331 331 330 329 END
START 340 342 342 341 341 340 337 337 336 338 337 336 342 342 342 343 343 342 END
START 342 343 344 343 343 342 345 344 344 346 345 344 350 350 350 350 349 348 END
START 348 349 350 350 350 350 353 354 354 354 353 352 353 354 354 354 353 352 END
START 356 358 358 357 358 357 354 353 355 355 353 353 359 358 359 360 359 359 END
START 381 382 382 382 382 381 390 390 391 391 390 389 385 384 384 384 383 382 END
START 376 378 378 377 378 378 372 371 372 371 370 371 361 361 361 360 360 359 END
START 363 364 365 364 364 364 361 361 360 361 361 360 364 365 364 365 363 363 END
START 364 365 365 364 364 364 369 370 369 369 369 368 369 369 368 368 368 367 END
START 363 363 365 364 364 364 365 366 365 366 365 364 361 362 361 361 361 360 END
START 369 370 371 370 370 369 364 365 364 364 364 363 364 365 365 366 365 365 END
START 365 366 366 366 366 366 369 370 369 369 368 368 368 368 368 368 367 367 END
START 363 364 364 364 364 363 367 367 367 367 367 366 366 367 366 366 366 365 END
START 369 370 370 370 370 369 366 367 366 366 365 365 358 359 358 359 358 357 END
START 357 358 359 358 358 358 359 360 360 360 360 359 358 357 358 358 356 356 END
START 355 356 357 356 356 356 358 358 357 358 357 356 351 350 351 351 350 349 END
START 356 357 358 358 357 358 362 361 362 361 361 360 363 363 364 364 364 363 END
START 368 369 369 368 368 368 368 369 368 369 367 367 368 368 367 368 367 367 END
START 356 358 358 358 358 358 377 378 377 378 377 377 391 391 390 391 390 390 END
START 414 416 416 416 416 416 412 411 411 411 411 410 401 400 400 399 399 399 END