START 363 363 362 362 362 362 362 361 362 362 362 362 361 361 362 361 360 361 END
START 367 366 366 365 365 364 362 363 362 362 361 360 362 362 362 362 362 361 END
START 362 363 363 362 363 362 364 364 364 365 363 364 364 365 364 365 364 364 END
START 362 362 363 363 363 362 367 368 367 368 367 366 365 365 364 365 364 364 END
START 362 364 364 363 364 363 363 363 362 363 362 361 359 359 359 360 359 359 END
START 368 369 369 369 369 369 375 375 375 376 375 374 365 365 365 365 364 364 END
START 364 365 365 364 364 363 362 362 362 362 362 361 361 362 361 362 360 360 END
START 361 362 362 362 362 362 362 362 361 361 360 360 363 363 363 363 362 362 END
START 366 367 367 366 366 366 363 363 363 363 363 362 360 361 360 361 360 360 END
START 359 360 360 359 359 359 367 367 367 367 366 366 364 364 363 363 363 362 END
START 361 361 363 362 362 362 363 364 363 363 362 362 360 359 359 359 358 358 END
START 368 369 369 369 369 368 356 356 356 356 356 356 357 356 357 357 356 356 END
START 356 357 358 357 356 356 360 359 359 360 359 358 359 358 359 359 359 358 END
START 359 360 361 360 361 360 363 363 363 363 363 362 362 362 363 363 362 361 END
START 365 366 367 366 366 366 363 363 362 363 362 361 365 365 365 365 365 364 END
START 363 363 364 363 363 363 365 366 365 365 365 364 369 369 369 369 368 368 END
START 364 365 365 365 366 365 367 367 367 367 366 366 363 363 362 363 362 362 END
START 365 365 366 365 365 365 363 363 362 363 362 362 363 364 364 364 363 363 END
START 362 363 363 362 363 362 363 363 362 364 362 362 364 364 363 364 363 362 END
START 358 359 359 358 359 358 358 358 358 358 357 357 360 360 359 360 359 358 END
START 367 368 368 368 368 367 363 364 364 364 363 362 371 370 371 371 371 370 END
START 367 368 369 368 368 367 364 364 364 365 363 363 364 364 364 364 363 362 END
START 360 361 361 361 361 361 369 369 369 369 369 368 369 369 368 368 368 367 END
START 372 373 374 373 373 372 368 368 367 368 367 366 368 369 368 369 368 368 END
START 368 368 369 368 368 368 369 369 368 369 368 368 372 373 372 372 372 371 END
START 365 366 366 366 366 365 370 371 370 371 370 369 367 367 367 367 367 366 END
START 369 371 372 371 371 371 365 364 364 365 364 363 363 363 363 364 362 362 END
START 367 368 368 368 368 367 364 365 363 364 364 363 364 363 363 364 363 363 END
START 351 352 352 351 352 351 363 363 362 362 361 361 362 363 362 362 361 361 END
START 367 367 368 367 368 368 381 382 381 381 381 380 398 399 398 399 398 398 END
START 422 423 423 422 423 422 422 422 422 421 421 421 420 420 421 420 420 420 END