START 395 396 395 395 396 395 396 395 396 396 396 396 395 395 396 396 395 395 END
START 387 388 390 390 391 391 394 394 396 396 397 397 385 384 385 384 384 383 END
START 394 394 395 394 394 394 387 386 387 386 386 386 388 388 389 388 389 389 END
START 390 390 391 390 390 390 398 398 398 398 397 397 395 395 395 394 394 394 END
START 394 395 396 395 396 396 395 394 395 394 394 394 390 389 390 389 389 388 END
START 395 396 396 396 396 396 388 388 388 388 388 388 389 389 390 389 389 389 END
START 393 393 394 392 393 392 394 394 395 394 394 394 397 398 398 397 397 396 END
START 399 400 401 401 401 401 412 412 412 411 411 410 400 399 399 399 399 398 END
START 401 400 401 400 401 401 390 390 390 390 390 389 395 395 396 396 396 396 END
START 395 394 395 393 394 393 397 397 397 397 397 397 401 400 400 399 399 399 END
START 395 395 396 395 395 395 406 405 405 405 404 404 384 384 384 383 382 382 END
START 399 400 400 399 399 399 398 398 398 398 397 396 390 390 390 390 390 390 END
START 395 395 395 394 394 393 391 391 391 391 391 391 394 394 394 394 393 393 END
START 381 381 382 381 381 380 397 397 398 397 397 396 396 396 396 396 395 395 END
START 401 402 403 402 402 402 395 394 395 394 394 393 396 395 396 396 396 396 END
START 400 399 399 398 398 398 395 395 396 396 396 395 405 404 405 405 405 404 END
START 385 386 386 385 386 386 405 404 405 404 404 403 404 403 403 402 400 399 END
START 399 399 400 398 398 398 387 387 387 387 386 385 383 384 384 385 385 384 END
START 378 379 379 379 379 379 382 382 383 383 383 384 396 396 395 395 394 394 END
START 388 388 389 388 388 388 392 392 392 392 392 392 390 389 390 389 388 388 END
START 393 394 395 394 395 395 386 386 386 385 385 385 389 389 389 389 389 389 END
START 398 399 399 399 400 400 393 394 394 393 393 394 407 407 407 407 407 407 END
START 396 397 398 397 397 397 403 403 403 403 402 402 390 390 390 390 389 388 END
START 389 390 391 390 390 390 383 383 383 383 382 381 382 382 382 382 382 382 END