START 371 371 370 370 371 370 371 370 371 371 371 371 371 371 371 371 370 371 END
START 370 371 371 370 371 370 373 372 372 373 372 371 368 367 367 368 367 367 END
START 371 372 372 372 371 371 369 368 368 369 368 368 370 371 370 371 370 370 END
START 371 372 373 372 372 372 372 372 371 372 371 370 374 373 373 374 373 372 END
START 368 369 369 369 369 368 366 365 365 365 364 364 368 368 367 368 367 367 END
START 383 385 385 384 384 384 390 391 390 391 391 390 389 389 389 389 388 388 END
START 386 386 387 386 386 385 373 372 373 372 372 371 374 375 374 373 373 372 END
START 362 363 363 363 363 363 367 366 366 366 365 364 361 361 360 361 360 360 END
START 357 357 358 357 357 357 358 358 357 358 357 356 361 361 360 361 360 360 END
START 358 359 359 358 358 358 364 364 364 364 364 363 366 366 366 367 365 365 END
START 367 368 369 368 369 368 388 389 388 388 388 387 390 390 389 389 388 388 END
START 382 383 384 383 383 382 372 372 373 372 371 371 370 370 371 370 369 369 END
START 370 370 371 370 371 370 369 369 369 369 369 368 375 375 375 375 374 373 END
START 346 347 347 347 347 347 349 349 349 350 349 348 351 350 350 350 350 349 END
START 349 350 351 350 350 350 344 345 346 345 344 344 344 344 344 345 344 343 END
START 340 342 342 341 341 340 332 332 333 333 332 331 339 339 339 339 339 338 END
START 341 342 342 342 341 342 352 351 350 352 351 350 355 355 355 356 355 354 END
START 363 364 365 364 365 364 362 361 362 362 361 361 357 356 357 357 357 356 END
START 383 385 385 384 385 384 413 413 412 413 412 412 427 426 427 427 426 426 END
START 420 421 421 421 421 420 406 406 406 406 405 404 397 397 396 397 395 396 END
START 391 390 391 390 391 390 388 388 388 388 387 387 386 384 385 384 384 384 END
START 380 381 381 380 381 380 378 379 379 378 377 377 380 380 380 380 379 379 END