START 379 380 379 379 380 379 379 378 379 379 379 380 379 379 379 379 378 379 END
START 378 379 380 378 379 379 379 379 378 379 379 378 381 381 381 381 381 380 END
START 375 376 376 375 376 376 383 382 382 383 382 381 383 383 383 382 382 382 END
START 384 385 386 385 386 385 384 384 384 383 383 382 392 392 392 392 391 391 END
START 393 393 394 392 393 392 386 386 387 387 386 386 397 396 396 396 396 395 END
START 392 393 393 393 393 393 387 387 387 387 386 386 390 390 390 390 390 389 END
START 390 391 391 390 391 391 392 392 392 391 391 391 389 388 389 388 388 388 END
START 384 384 385 384 384 384 385 384 385 385 385 384 391 392 392 391 391 391 END
START 388 388 389 388 388 388 394 394 394 394 394 393 394 393 393 393 392 392 END
START 386 387 388 387 388 388 394 393 394 393 393 393 389 389 389 389 388 388 END
START 389 390 390 390 390 390 392 392 392 392 392 392 399 399 399 399 398 398 END
START 399 399 400 399 400 399 411 410 411 410 410 410 406 405 406 405 405 405 END
START 401 402 402 401 402 402 404 404 404 404 403 403 397 397 398 398 397 396 END
START 407 405 406 405 405 405 400 400 401 401 400 400 401 401 402 401 401 401 END
START 405 404 405 404 405 405 400 400 400 401 400 400 394 394 394 394 393 393 END
START 394 393 394 394 395 394 396 396 396 396 395 394 386 385 386 386 385 385 END
START 393 394 394 393 394 394 394 393 394 393 393 393 389 390 390 390 390 389 END
START 388 389 389 388 388 388 387 387 387 387 387 387 385 385 385 385 385 384 END
START 387 388 388 387 388 388 391 391 391 390 390 389 385 385 385 385 384 384 END
START 393 394 394 393 393 393 388 388 388 388 387 387 386 386 386 386 386 385 END
START 383 384 384 384 384 383 386 386 386 385 385 385 386 386 386 385 385 385 END
START 389 389 390 389 390 389 393 393 393 393 393 393 395 395 395 394 394 394 END
START 410 411 411 410 411 411 402 402 402 402 402 401 405 405 405 405 405 404 END
START 386 385 386 384 385 384 379 379 379 380 379 379 382 382 382 382 381 381 END