START 352 353 351 352 352 352 353 353 354 354 354 354 355 355 355 355 353 355 END
START 351 353 353 352 352 352 351 350 351 351 350 349 341 340 341 341 340 340 END
START 339 341 341 341 341 340 343 343 343 344 343 342 341 342 342 342 341 341 END
START 343 344 345 344 344 344 344 344 345 345 344 343 350 350 351 351 350 349 END
START 357 357 358 357 357 357 375 374 375 375 374 374 374 373 374 374 373 373 END
START 369 370 371 369 370 369 361 360 359 361 360 359 353 352 352 352 352 351 END
START 352 353 353 352 352 352 344 344 344 344 343 343 344 344 344 344 343 342 END
START 342 342 342 341 341 341 346 346 347 346 346 345 346 346 347 346 345 344 END
START 344 346 346 346 346 346 351 352 352 351 351 350 350 350 350 350 349 348 END
START 352 354 354 354 354 353 353 351 352 353 352 351 353 354 354 354 353 353 END
START 365 367 367 366 367 366 370 369 370 370 370 369 369 368 369 369 369 368 END
START 365 366 366 366 367 366 368 367 367 368 367 366 373 374 373 373 372 371 END
START 384 385 385 385 386 385 380 381 379 379 379 378 379 378 378 379 379 378 END
START 379 381 381 380 381 380 377 376 376 377 376 376 379 378 378 379 378 378 END
START 374 375 376 375 376 375 377 376 376 377 376 375 376 375 375 376 375 374 END
START 372 373 374 373 373 373 373 373 373 373 372 372 372 371 371 372 371 371 END
START 372 372 373 372 372 371 358 357 357 358 357 357 362 362 361 362 361 360 END
START 353 354 355 353 354 353 355 354 355 355 354 353 355 355 354 354 354 353 END
START 355 356 356 356 356 355 363 361 363 362 361 361 364 363 365 365 364 363 END
START 371 373 373 372 373 372 369 370 369 370 369 368 372 372 372 372 372 371 END
START 371 372 372 371 372 371 375 376 375 376 375 375 376 375 374 375 374 374 END
START 372 373 373 373 373 372 374 374 373 374 373 372 369 369 369 369 368 368 END
START 372 372 373 372 373 372 362 361 361 362 362 361 366 367 366 366 365 364 END
START 358 359 359 358 358 358 369 369 368 369 368 368 372 372 372 372 371 371 END
START 373 375 375 375 376 375 381 381 380 381 380 379 372 371 371 372 371 370 END
START 374 375 376 375 375 375 371 370 370 370 370 369 371 370 370 371 370 370 END
START 369 370 371 370 370 370 371 370 370 372 371 370 372 371 371 371 371 370 END