START 358 358 357 356 357 356 353 352 352 352 352 351 347 347 347 347 346 346 END
START 312 312 313 312 312 312 291 290 291 291 290 288 286 287 287 287 287 286 END
START 298 297 298 296 297 296 301 301 301 301 301 300 309 310 309 310 309 309 END
START 312 312 313 312 312 312 323 323 323 324 323 322 324 324 324 325 324 323 END
START 341 342 343 342 343 342 341 341 340 341 341 340 349 348 347 348 348 346 END
START 349 350 350 349 350 349 348 348 348 348 347 347 352 353 353 353 352 352 END
START 352 354 354 354 354 354 360 361 361 361 360 359 363 362 363 363 362 362 END
START 365 366 367 366 366 366 360 361 360 361 360 359 361 361 360 361 361 360 END
START 367 368 368 367 367 367 368 368 368 368 368 367 369 369 369 369 368 368 END
START 366 367 367 366 367 366 373 374 372 373 372 372 373 374 373 373 372 372 END
START 372 373 374 373 373 373 374 373 373 374 372 372 373 372 372 372 372 371 END
START 377 378 378 378 378 377 376 376 375 376 375 375 381 381 381 382 381 381 END
START 368 370 369 369 369 368 375 374 374 375 375 374 377 378 377 377 377 375 END
START 363 364 364 364 363 363 358 357 357 358 357 356 352 352 351 352 351 351 END
START 350 351 351 350 351 350 344 344 344 344 343 343 351 350 351 352 351 351 END
START 363 364 364 364 364 363 381 380 381 381 380 380 379 379 379 380 378 378 END
START 383 384 384 384 384 384 380 381 381 379 380 379 376 376 376 376 375 374 END
START 393 394 395 395 395 395 430 430 430 430 430 430 447 446 446 447 446 446 END
START 450 451 451 450 451 450 443 443 442 444 443 443 430 431 431 431 430 429 END
START 414 413 414 413 413 413 409 409 410 409 408 408 403 403 402 403 402 401 END