START 383 383 382 383 384 383 384 383 384 384 385 385 386 386 386 386 385 387 END
START 379 380 381 380 380 380 385 385 385 385 385 384 385 385 385 385 384 384 END
START 384 385 385 385 385 385 388 388 388 388 387 387 387 387 387 386 386 386 END
START 394 395 395 394 395 394 389 390 390 389 389 389 394 394 394 394 394 394 END
START 391 392 393 392 392 392 395 396 396 396 396 396 395 394 394 394 394 393 END
START 399 400 400 399 400 400 411 410 411 410 410 410 413 412 413 412 412 412 END
START 420 421 421 420 420 420 416 416 416 417 417 416 419 419 420 420 420 420 END
START 415 414 414 414 414 413 417 417 417 418 417 417 412 412 412 412 411 410 END
START 410 409 410 409 410 409 408 408 408 408 407 407 403 403 404 404 403 403 END
START 408 407 408 407 407 407 404 404 404 404 403 403 401 401 401 402 401 401 END
START 411 410 411 410 411 410 421 421 422 422 421 421 425 425 425 424 424 423 END
START 412 411 412 411 412 412 411 412 411 411 410 410 405 405 404 405 404 404 END
START 410 409 410 409 409 409 404 404 404 405 404 403 406 406 406 406 405 405 END
START 404 403 404 403 403 402 404 404 404 405 404 403 413 413 413 413 413 412 END
START 392 391 392 391 391 391 378 378 378 378 377 377 357 356 356 356 355 354 END
START 342 343 343 342 343 342 331 331 331 331 331 330 343 343 344 345 344 344 END
START 367 368 368 367 368 368 392 392 392 392 392 391 390 390 390 390 389 389 END
START 393 394 394 393 393 393 391 390 390 390 389 389 392 392 392 390 390 389 END
START 391 392 392 391 392 392 382 382 382 381 381 381 394 394 394 394 395 394 END
START 396 397 397 397 398 397 425 425 426 426 426 426 434 433 433 433 432 432 END
START 411 412 413 413 413 414 395 396 395 396 395 395 389 388 388 389 388 388 END
START 398 396 397 396 396 396 379 379 379 379 379 378 383 384 384 384 384 384 END