START 383 383 382 382 383 382 383 382 383 383 383 384 383 384 384 384 383 384 END
START 377 378 378 377 378 378 381 381 382 381 381 381 381 382 381 381 380 380 END
START 381 382 383 382 383 383 384 384 384 384 383 383 383 383 383 383 382 382 END
START 389 390 390 389 390 390 386 387 387 386 386 386 388 388 388 388 388 388 END
START 384 384 384 383 384 383 406 407 407 407 407 407 419 419 419 419 418 418 END
START 429 429 430 429 429 429 429 429 429 429 427 427 410 410 410 411 410 409 END
START 405 404 405 404 404 404 398 398 397 398 398 397 392 392 392 393 392 392 END
START 386 385 385 384 384 384 382 382 382 382 382 382 389 388 389 388 388 387 END
START 388 389 390 389 390 389 387 388 388 387 387 387 383 383 383 383 382 382 END
START 388 389 390 389 389 389 382 382 382 381 381 381 388 388 389 388 388 388 END
START 386 387 387 386 387 386 393 393 394 394 394 394 400 400 401 400 400 400 END
START 405 406 406 406 406 406 413 413 413 413 413 412 403 403 403 404 403 402 END
START 398 397 398 398 398 398 400 400 400 401 400 399 399 399 399 400 399 398 END
START 396 396 397 396 396 396 395 396 396 396 396 395 397 396 397 397 396 396 END
START 391 391 392 391 392 392 404 403 404 403 403 403 403 403 403 402 402 401 END
START 392 392 393 392 392 392 386 386 386 386 385 385 374 374 374 375 374 374 END
START 382 383 383 383 383 383 385 386 386 386 386 385 390 390 390 390 390 389 END
START 384 385 385 384 385 384 392 392 393 392 392 392 386 385 386 385 385 384 END
START 387 388 388 387 388 388 385 384 384 384 384 383 389 389 389 389 389 389 END
START 389 389 390 389 389 388 387 387 388 388 388 388 397 398 398 397 397 396 END
START 386 387 387 386 387 386 391 391 392 391 391 391 392 391 391 391 391 390 END
START 394 395 395 395 395 395 395 394 394 394 393 393 397 397 398 397 397 397 END
START 420 420 421 420 420 420 435 434 435 434 434 434 439 439 439 439 439 439 END
START 415 414 415 414 415 415 395 395 394 395 394 394 382 382 381 382 381 381 END
START 387 386 387 386 387 387 389 389 389 389 389 388 387 387 387 387 387 387 END