START 387 387 386 386 386 386 387 386 387 387 387 388 390 390 391 391 390 392 END
START 388 388 389 388 388 388 385 385 385 385 385 385 390 389 390 389 389 389 END
START 383 384 384 384 384 384 393 393 393 392 392 392 391 391 390 389 389 388 END
START 394 395 395 395 396 395 390 389 389 389 388 388 390 390 391 390 390 390 END
START 395 396 396 396 396 396 392 392 392 392 392 392 395 394 394 394 394 394 END
START 384 385 385 384 385 384 400 400 400 400 400 400 391 390 391 390 389 389 END
START 396 397 397 397 397 397 388 388 388 388 387 387 384 384 384 383 383 383 END
START 390 390 391 390 390 389 384 385 385 385 385 385 395 395 395 394 394 394 END
START 385 386 386 385 386 386 397 397 397 396 396 396 395 394 394 393 393 393 END
START 393 394 395 394 395 395 389 388 388 387 387 386 392 392 392 392 392 392 END
START 406 407 407 406 407 406 400 400 400 400 400 400 402 402 403 402 402 402 END
START 395 394 395 394 395 394 402 403 403 403 402 402 401 402 401 401 400 400 END
START 397 398 399 398 399 399 397 397 397 397 396 395 394 394 394 394 394 394 END
START 400 400 401 400 400 400 396 396 396 396 396 396 395 394 395 395 395 395 END
START 390 390 390 390 390 390 403 402 402 402 402 402 402 401 401 400 400 400 END
START 402 403 403 403 404 403 394 394 394 394 393 392 392 392 392 392 391 391 END
START 400 398 399 398 398 398 395 394 395 394 394 394 404 403 404 404 403 404 END
START 393 394 395 393 394 394 417 416 417 417 416 416 414 413 413 413 412 412 END
START 402 403 403 403 404 404 397 396 397 397 396 395 395 394 394 395 394 394 END
START 401 400 401 400 401 400 399 398 399 399 398 398 405 404 405 405 405 405 END
START 391 390 391 390 391 390 397 396 397 397 396 396 389 389 389 389 388 387 END
START 389 390 390 390 390 390 390 390 390 389 389 388 385 385 385 384 384 383 END