START 372 372 371 371 372 371 371 370 371 371 371 371 369 369 369 368 367 368 END
START 372 373 374 373 374 374 366 365 365 366 365 365 370 371 370 371 371 371 END
START 376 377 377 377 377 376 381 382 382 383 382 382 386 386 385 386 386 385 END
START 392 392 393 392 393 393 402 402 402 401 401 400 390 390 390 389 389 388 END
START 392 393 393 393 394 393 385 385 385 385 384 384 382 382 382 382 382 382 END
START 379 380 380 379 380 379 383 383 383 383 383 383 388 388 388 388 388 387 END
START 381 381 382 381 381 381 393 393 393 393 393 392 389 388 388 387 387 386 END
START 391 392 392 391 392 392 385 384 384 384 383 383 384 384 384 384 384 384 END
START 390 390 391 389 390 390 379 380 380 381 381 381 400 401 401 401 401 400 END
START 399 400 400 399 400 400 414 414 414 414 414 413 399 400 400 400 399 399 END
START 406 407 407 407 408 408 398 397 397 398 397 396 393 393 393 393 393 393 END
START 404 403 403 403 403 403 401 400 401 401 400 400 407 407 407 407 407 407 END
START 401 400 401 400 401 401 396 397 396 397 396 395 393 393 393 392 391 391 END
START 383 382 383 383 383 383 378 378 378 377 377 376 365 364 365 365 364 364 END
START 387 388 388 387 388 388 387 386 386 387 386 386 402 402 401 402 402 401 END
START 392 393 393 392 392 392 401 401 401 400 400 400 398 398 398 398 397 397 END
START 395 395 396 396 396 396 396 396 396 396 395 394 392 391 391 391 391 390 END
START 402 403 404 402 403 403 395 395 395 395 395 395 403 402 403 402 402 402 END
START 411 410 411 410 411 410 413 413 413 413 413 413 400 400 400 400 398 398 END
START 392 391 392 391 391 391 394 394 394 394 393 393 384 383 383 383 383 383 END