START 289 290 289 289 290 290 291 290 291 291 292 292 292 293 293 293 292 294 END
START 298 297 297 296 296 296 304 304 304 304 304 303 315 314 315 315 315 314 END
START 315 314 315 314 314 314 323 324 324 324 323 322 324 324 324 325 324 323 END
START 334 334 335 334 335 334 344 345 344 345 344 343 342 342 341 342 342 341 END
START 342 342 342 341 341 341 343 343 344 344 343 343 345 345 345 345 345 344 END
START 347 347 348 347 348 348 355 355 355 355 355 354 354 355 355 355 354 354 END
START 360 359 360 359 360 360 359 358 359 359 359 358 362 362 362 363 362 361 END
START 365 365 366 364 364 364 368 368 369 369 368 368 373 374 373 373 373 372 END
START 368 368 369 368 369 368 370 370 370 370 370 369 371 371 370 370 370 370 END
START 374 374 375 374 374 374 371 371 371 372 371 370 376 376 376 377 376 376 END
START 379 379 380 379 379 379 376 376 376 376 376 375 377 377 377 377 377 376 END
START 377 377 378 376 377 377 379 379 378 379 378 378 377 377 376 377 376 375 END
START 378 378 379 378 378 378 373 373 372 373 372 372 373 373 372 374 373 372 END
START 378 378 378 377 377 377 373 373 373 373 373 373 375 374 374 375 374 374 END
START 372 372 373 372 372 372 371 371 371 371 371 370 371 371 371 372 371 371 END
START 367 367 367 367 367 367 367 366 366 366 366 365 367 367 367 368 368 367 END
START 370 370 371 369 370 370 368 369 369 369 369 368 374 374 374 374 373 373 END
START 371 372 372 371 372 371 374 374 373 374 373 373 371 370 370 371 370 369 END
START 368 368 368 368 368 368 367 367 366 367 366 365 368 367 367 367 367 367 END
START 370 370 371 370 371 370 398 398 398 399 398 398 425 425 425 425 425 425 END
START 430 430 430 429 430 430 425 425 425 425 424 424 422 422 421 421 421 420 END
START 412 410 411 410 411 410 405 405 405 405 404 404 397 398 397 398 398 397 END