START 311 311 310 310 310 309 310 309 309 309 309 309 307 308 308 307 307 307 END
START 321 320 320 319 319 319 324 324 324 325 324 323 331 331 331 332 331 331 END
START 334 335 335 334 334 334 343 344 342 344 343 343 347 346 345 346 345 345 END
START 343 344 344 344 344 343 352 351 351 351 350 350 346 348 347 348 347 347 END
START 352 354 354 354 354 353 355 354 355 354 354 353 368 369 369 369 368 368 END
START 369 371 371 370 371 369 375 374 375 375 374 373 375 376 375 375 374 374 END
START 371 372 373 372 372 372 375 375 374 375 374 373 380 379 378 380 379 378 END
START 379 380 380 379 380 380 378 377 377 377 377 376 380 380 380 380 380 379 END
START 380 381 381 381 381 380 382 381 381 382 381 381 382 382 382 382 382 382 END
START 379 380 380 380 380 380 381 382 381 381 381 380 380 380 380 380 379 378 END
START 380 381 381 380 381 380 378 378 378 377 377 377 375 374 374 375 374 374 END
START 378 379 379 378 378 378 369 369 368 370 369 368 365 364 365 365 364 364 END
START 352 353 353 352 352 352 352 352 351 351 351 350 351 351 351 351 351 349 END
START 351 351 352 351 352 352 351 350 351 351 351 350 357 356 356 357 356 355 END
START 373 375 375 374 374 374 381 381 382 382 381 381 388 386 388 388 387 386 END
START 382 382 383 382 383 382 385 385 385 384 384 384 381 381 382 381 380 380 END
START 379 380 381 380 381 380 379 380 380 379 380 379 403 404 404 404 403 403 END
START 438 439 439 439 439 439 450 450 450 450 449 449 455 455 455 456 454 454 END
START 429 428 429 428 428 428 423 423 423 423 423 422 417 415 416 416 415 414 END
START 410 409 409 409 410 409 400 400 400 400 400 399 393 392 392 393 392 392 END