START 299 299 298 298 299 299 300 300 301 301 301 302 303 303 303 303 302 304 END
START 307 308 309 307 308 307 319 318 319 319 319 318 326 326 326 327 326 325 END
START 329 330 331 330 331 330 334 334 334 335 334 333 336 337 336 337 336 335 END
START 344 345 346 344 345 344 342 341 341 343 341 341 349 348 348 350 349 349 END
START 350 351 352 351 351 350 359 360 360 360 359 358 362 362 363 362 361 361 END
START 362 363 363 363 363 363 364 363 364 364 363 362 362 363 361 362 362 361 END
START 369 370 370 370 370 369 367 367 366 367 366 366 370 371 370 371 370 370 END
START 371 371 372 372 372 371 373 374 373 373 372 372 377 376 375 376 376 375 END
START 371 372 373 372 373 373 374 373 373 374 372 372 374 374 373 374 373 372 END
START 373 374 374 374 374 374 371 371 371 371 371 371 373 373 373 374 373 373 END
START 376 376 376 376 376 375 379 378 378 379 379 378 379 378 378 378 378 377 END
START 373 374 374 374 374 374 378 378 377 378 377 377 375 374 374 374 373 373 END
START 378 379 380 379 379 379 375 374 374 375 374 374 373 373 373 374 373 372 END
START 373 374 375 374 374 373 375 375 374 375 375 374 375 375 374 376 375 374 END
START 368 369 370 369 370 368 373 372 371 373 372 371 371 370 370 370 369 369 END
START 369 370 370 369 370 369 368 367 367 368 366 366 368 368 368 368 367 367 END
START 368 369 370 369 369 368 370 371 369 370 370 369 371 371 371 371 371 370 END
START 365 366 367 366 366 366 369 368 368 369 368 367 367 367 366 367 366 366 END
START 367 367 368 368 368 368 364 364 363 363 363 362 363 363 362 363 363 362 END
START 367 368 368 367 367 367 367 368 367 368 367 366 368 369 369 369 369 368 END
START 364 364 365 364 364 364 365 366 365 366 365 364 362 362 362 362 361 360 END
START 356 357 358 357 357 358 348 349 348 348 347 347 345 346 346 346 345 345 END
START 344 345 345 344 345 344 343 344 344 344 343 343 350 351 351 351 350 350 END
START 354 355 356 355 355 354 370 370 370 371 370 369 380 379 380 380 379 378 END
START 384 385 385 385 385 385 381 380 380 381 380 379 373 373 373 373 372 372 END
START 375 375 376 375 376 374 369 369 369 369 368 368 373 373 373 374 373 373 END
START 367 368 368 367 367 367 371 371 371 372 371 370 373 373 372 373 372 372 END
START 368 370 370 370 370 370 373 371 372 372 371 370 370 369 369 370 369 369 END
START 369 370 370 370 370 369 365 364 364 364 363 363 362 363 362 363 362 362 END
START 355 355 356 355 355 354 353 353 353 353 352 352 347 347 346 347 346 346 END
START 341 342 343 342 342 342 351 350 351 350 350 349 349 348 349 348 348 347 END
START 352 352 353 352 352 352 353 352 353 353 352 352 360 361 361 361 360 360 END
START 365 366 366 366 366 365 376 375 376 376 376 375 377 378 378 378 377 377 END
START 378 379 379 379 380 378 381 381 380 381 380 380 378 377 377 378 377 376 END