START 384 385 384 384 384 384 385 384 385 385 385 385 387 387 388 388 387 388 END
START 373 373 374 372 373 372 381 381 382 381 381 381 387 388 388 387 387 387 END
START 372 373 374 373 373 373 386 386 386 385 385 385 386 386 386 385 385 384 END
START 388 389 389 390 390 389 382 382 382 381 381 380 386 386 387 386 386 386 END
START 391 391 392 391 391 390 388 389 389 389 389 389 395 396 396 395 395 395 END
START 384 385 385 385 386 386 406 406 406 405 405 405 414 413 414 413 413 412 END
START 418 419 419 419 420 419 418 418 418 418 417 417 418 418 418 419 418 418 END
START 418 417 417 416 417 416 405 405 405 406 405 405 406 406 406 406 406 405 END
START 390 389 390 389 390 389 396 397 397 397 396 396 393 393 393 393 392 392 END
START 392 393 393 392 393 393 390 390 390 389 389 389 387 387 387 387 387 387 END
START 393 393 394 393 393 393 388 389 389 389 389 389 396 396 397 396 396 395 END
START 392 393 394 393 394 393 404 404 404 403 403 403 397 396 396 395 395 394 END
START 399 400 400 400 400 400 393 393 393 393 392 391 393 392 393 393 393 393 END
START 399 398 399 398 398 397 392 392 393 393 393 393 399 398 399 399 398 398 END
START 388 388 389 387 388 388 396 395 396 395 395 395 395 394 394 393 393 393 END
START 397 398 399 398 399 398 395 394 395 393 393 393 387 386 387 387 387 386 END
START 398 399 399 399 399 398 389 388 389 388 389 388 392 393 393 392 392 392 END
START 383 384 384 383 384 383 387 387 387 386 386 385 376 375 376 375 375 374 END
START 378 379 380 379 380 379 384 383 383 382 382 381 389 389 388 389 389 389 END
START 400 401 401 400 400 400 394 394 394 394 394 394 397 398 398 397 397 396 END
START 390 389 390 389 390 389 404 404 404 404 404 403 407 406 406 406 406 405 END
START 396 397 398 398 398 398 399 399 399 399 398 397 408 409 409 409 408 408 END
START 424 425 425 425 425 424 399 398 399 398 399 398 402 402 402 402 402 401 END
START 383 382 382 382 382 382 391 391 392 392 392 391 388 388 388 388 387 387 END