START 360 361 359 360 360 360 362 361 362 362 362 363 362 363 363 363 362 363 END
START 361 362 362 361 361 361 367 367 367 367 367 367 367 368 367 367 366 366 END
START 364 366 366 365 366 366 367 367 367 367 366 365 363 364 363 363 363 362 END
START 366 367 367 366 367 366 364 365 364 365 364 363 366 367 366 367 366 365 END
START 363 364 365 363 363 363 367 367 367 367 366 366 374 375 374 375 373 373 END
START 370 370 371 371 372 371 369 369 368 369 368 367 367 367 366 367 366 366 END
START 370 371 372 371 371 371 366 367 366 366 366 365 369 370 369 369 369 368 END
START 365 366 366 365 365 365 371 372 371 371 371 371 374 375 373 374 373 373 END
START 364 365 366 365 365 365 369 369 369 370 368 368 366 366 365 366 365 365 END
START 374 375 375 375 375 374 366 367 366 366 365 365 365 365 364 365 364 364 END
START 367 368 368 368 367 367 368 368 368 369 368 367 367 367 366 367 366 365 END
START 358 359 359 359 359 359 360 360 359 360 359 358 358 358 357 358 357 357 END
START 364 365 366 365 366 365 364 364 364 364 363 362 364 363 364 364 363 363 END
START 361 363 362 362 363 361 364 363 363 363 363 362 371 371 371 372 371 370 END
START 362 363 364 363 363 362 368 368 367 368 367 367 365 365 365 365 365 364 END
START 370 371 372 371 372 371 365 365 364 364 364 363 363 364 363 364 363 363 END
START 363 364 365 364 364 364 363 363 362 363 362 362 364 363 363 363 363 362 END
START 358 360 360 359 360 359 361 362 361 362 361 361 354 354 354 354 353 352 END
START 349 350 351 350 350 350 342 343 342 342 341 341 339 340 339 339 339 339 END
START 348 350 350 349 350 350 360 360 360 360 359 359 367 366 366 367 366 366 END
START 366 366 367 367 367 366 376 375 376 376 375 375 371 371 370 371 370 369 END
START 372 371 372 371 371 371 372 371 371 371 371 370 373 372 372 372 372 372 END
START 376 376 377 376 376 375 372 371 371 372 372 371 373 372 372 373 372 372 END
START 368 368 369 368 368 368 374 373 373 374 373 373 370 369 370 370 369 368 END
START 363 365 365 364 365 365 361 360 360 360 359 359 355 356 355 356 355 354 END
START 348 350 350 349 349 349 342 342 343 343 342 341 352 352 353 353 352 352 END
START 363 364 364 364 364 363 373 373 373 373 373 372 375 374 375 375 374 374 END
START 372 373 374 373 374 374 376 375 375 375 374 374 371 371 370 371 370 370 END