START 394 395 394 394 395 394 395 394 395 395 395 395 394 395 395 395 394 395 END
START 390 390 391 390 391 390 393 392 393 393 392 392 383 383 383 383 383 382 END
START 382 383 383 382 383 383 387 387 387 387 386 386 382 383 383 383 383 382 END
START 397 397 398 396 397 396 404 404 404 404 404 403 397 397 397 397 397 396 END
START 390 391 391 390 390 390 391 391 391 392 391 390 388 387 388 388 387 387 END
START 386 387 388 387 388 388 387 387 387 387 387 386 386 387 387 386 386 386 END
START 387 388 388 388 388 388 387 388 388 388 388 387 388 388 388 388 388 387 END
START 389 390 390 390 390 390 392 392 392 392 392 391 389 389 389 388 388 387 END
START 384 385 386 386 386 386 399 399 400 399 399 399 410 410 411 410 410 410 END
START 417 418 418 417 418 417 413 412 413 413 412 412 405 404 405 405 405 404 END
START 404 402 403 402 403 402 404 404 404 405 404 404 406 406 406 406 405 405 END
START 401 400 401 400 400 400 396 396 396 396 395 395 397 397 397 397 397 396 END
START 396 395 396 395 396 395 394 393 394 394 393 393 405 405 406 406 405 405 END
START 393 394 394 393 394 394 386 385 386 386 385 385 376 376 377 377 376 376 END
START 365 365 366 365 365 365 363 364 364 363 363 363 359 359 359 359 359 358 END
START 373 374 374 373 374 374 381 381 381 381 381 381 392 392 392 392 392 391 END
START 388 389 389 388 389 388 393 393 393 393 392 392 395 394 395 394 394 394 END
START 390 391 391 391 391 391 394 394 394 393 393 393 392 392 392 391 391 390 END
START 390 391 391 390 391 391 383 383 383 383 383 383 391 390 391 391 391 391 END
START 252 254 256 259 261 262 369 370 370 370 370 370 395 394 395 394 394 394 END
START 398 399 400 400 400 400 427 427 426 427 426 426 434 433 433 433 432 432 END
START 433 432 433 432 432 432 405 406 405 405 404 404 403 403 402 404 403 403 END
START 400 398 399 398 399 399 371 372 372 373 373 372 398 398 398 398 397 397 END