START 389 389 388 388 389 389 390 389 390 390 390 390 391 391 391 391 390 391 END
START 395 395 395 394 395 395 396 396 397 397 397 397 403 403 403 403 403 402 END
START 392 393 393 393 393 394 401 401 401 400 400 400 398 398 398 397 396 396 END
START 412 413 414 414 414 414 407 407 407 407 406 405 415 415 415 415 415 415 END
START 408 406 407 406 406 406 411 411 411 412 412 411 411 410 410 411 410 410 END
START 393 392 393 392 393 392 393 393 393 393 393 392 383 383 383 383 382 381 END
START 390 391 391 391 391 391 392 392 392 392 391 391 386 386 386 386 386 386 END
START 392 393 393 392 392 392 393 392 393 393 393 393 394 394 394 394 394 394 END
START 389 390 391 390 391 390 405 405 406 406 405 405 405 404 405 404 404 403 END
START 401 402 402 402 403 402 399 399 399 399 398 397 394 394 395 395 395 394 END
START 401 400 401 400 400 400 393 392 393 393 393 393 399 398 399 398 398 398 END
START 389 387 388 388 389 388 400 399 400 399 399 399 399 398 399 398 398 397 END
START 396 398 398 397 398 398 388 387 387 387 386 386 387 386 387 386 386 386 END
START 393 394 394 393 394 393 382 382 383 382 382 382 388 388 388 388 388 387 END
START 379 380 380 379 379 379 393 393 394 393 393 392 386 386 386 386 385 385 END
START 385 386 387 386 387 386 385 384 384 384 383 383 383 383 383 383 383 383 END
START 392 393 393 392 392 392 382 382 382 382 381 381 392 392 392 392 392 392 END
START 387 387 387 386 387 386 395 396 396 395 395 395 397 396 397 396 396 396 END
START 390 391 392 391 391 391 391 390 390 390 389 389 383 382 383 382 382 382 END
START 393 394 394 393 394 394 384 385 385 385 384 384 397 397 397 397 397 397 END
START 385 386 386 385 385 385 392 392 392 392 392 392 394 393 393 393 392 392 END