START 395 396 395 395 396 395 396 395 395 395 395 396 394 395 395 394 393 394 END
START 387 388 389 388 389 389 391 390 391 390 390 390 389 388 388 387 387 387 END
START 393 394 394 393 394 394 389 389 389 389 389 388 393 393 393 393 393 393 END
START 394 395 395 394 395 395 397 397 398 397 397 397 401 401 401 400 400 400 END
START 394 395 396 395 396 396 403 402 403 402 402 402 395 395 395 395 394 393 END
START 397 398 398 398 398 398 394 394 394 394 393 393 397 397 398 398 397 397 END
START 402 403 403 402 402 402 401 401 401 402 402 402 405 405 405 404 404 404 END
START 399 397 398 397 398 398 403 403 403 403 402 402 402 402 402 402 401 400 END
START 401 403 403 402 403 403 393 394 393 393 392 392 398 398 398 399 398 398 END
START 415 414 415 414 415 414 411 411 412 412 412 412 413 413 413 413 413 413 END
START 406 405 406 405 406 406 412 412 412 413 412 411 409 408 408 408 407 406 END
START 412 411 412 412 412 412 407 406 407 407 406 406 400 400 400 400 400 399 END
START 406 405 406 405 406 405 402 403 403 404 403 403 416 416 416 416 415 415 END
START 407 406 407 406 406 406 407 407 407 407 406 406 406 405 406 406 405 405 END
START 407 406 407 406 407 407 403 403 403 403 402 402 398 399 399 399 398 398 END
START 408 407 408 407 408 407 399 399 399 400 399 399 398 397 398 397 397 397 END
START 412 411 412 411 412 412 423 423 423 423 422 422 413 413 413 412 412 412 END
START 410 409 410 410 411 411 410 410 409 409 409 408 417 416 417 417 416 416 END
START 425 424 425 423 424 424 418 418 419 419 418 418 420 420 420 421 420 420 END
START 414 413 413 413 413 413 399 398 399 399 398 398 385 385 384 385 384 384 END
START 383 382 383 382 383 383 384 383 383 383 382 382 378 378 378 377 377 377 END
START 383 384 384 383 384 384 372 373 373 372 372 372 380 380 380 380 380 379 END