START 280 281 280 279 281 280 280 279 280 280 280 281 280 281 281 281 280 281 END
START 294 296 296 295 296 296 299 299 299 299 299 298 308 308 308 308 308 308 END
START 309 310 310 309 309 309 322 322 322 322 322 321 329 329 330 330 329 328 END
START 330 330 331 330 331 330 338 338 337 338 337 336 337 337 336 337 337 336 END
START 347 347 348 348 348 347 345 345 344 346 345 344 352 352 352 353 352 352 END
START 353 355 354 354 354 354 356 356 357 357 356 356 362 361 362 362 362 360 END
START 362 363 363 362 363 362 364 364 364 364 363 363 365 366 365 365 364 364 END
START 369 371 371 370 371 370 374 374 374 374 373 373 372 373 372 372 372 372 END
START 369 369 370 369 369 368 370 369 369 370 370 369 374 374 373 374 373 373 END
START 369 370 370 370 370 370 375 375 374 375 375 374 379 378 378 379 378 378 END
START 396 397 397 397 397 397 398 397 396 398 396 396 402 401 400 401 400 400 END
START 397 398 398 398 398 397 384 383 384 384 383 382 379 379 380 380 379 378 END
START 372 373 373 373 373 373 373 373 373 372 372 371 372 372 372 372 371 370 END
START 371 372 372 372 372 372 368 368 367 368 367 367 370 369 369 370 369 368 END
START 367 368 369 368 368 368 368 369 368 368 368 367 371 372 371 372 371 370 END
START 366 366 367 366 367 366 374 374 373 374 373 372 369 368 368 369 368 367 END
START 368 369 369 369 370 370 366 366 365 366 366 365 362 362 361 362 361 360 END
START 362 363 363 362 363 362 361 361 361 361 361 360 364 364 363 364 363 363 END
START 363 363 364 364 364 363 365 365 364 365 364 364 363 363 363 363 362 361 END
START 363 364 364 364 364 364 364 365 364 364 363 362 358 358 357 358 357 356 END
START 366 367 367 367 367 366 360 360 359 360 359 359 361 360 362 361 360 360 END
START 359 359 360 360 360 360 369 368 369 369 368 368 362 362 361 361 361 360 END
START 359 360 360 359 360 360 363 362 362 363 361 361 363 364 363 364 363 362 END
START 362 363 363 363 363 362 357 358 357 358 357 356 359 359 358 359 358 358 END
START 345 346 346 345 345 344 345 344 345 345 344 344 345 345 346 346 345 344 END
START 350 352 352 351 352 352 362 362 362 362 361 360 365 365 366 365 365 364 END
START 371 372 372 372 373 371 372 372 371 371 371 370 375 375 375 375 375 374 END
START 371 372 373 372 372 372 377 377 376 377 377 376 377 375 376 376 376 375 END
START 373 374 375 374 375 374 375 374 373 374 373 372 371 370 370 370 370 369 END
START 372 373 373 373 373 373 366 365 366 366 365 364 369 369 369 370 369 369 END
START 370 370 370 370 370 370 385 386 384 385 385 385 394 394 394 394 393 393 END
START 402 404 404 404 404 404 422 422 422 422 421 421 429 429 429 429 428 428 END
START 417 415 416 416 415 415 401 401 400 401 400 400 398 399 398 399 398 398 END