START 307 307 306 306 307 305 305 305 305 305 305 305 303 304 304 304 302 303 END
START 280 281 282 281 281 281 293 293 293 294 293 292 295 295 295 296 295 294 END
START 306 305 305 304 304 304 306 306 305 306 305 305 320 320 320 320 320 320 END
START 324 324 324 323 323 323 326 326 326 327 327 326 336 336 336 336 336 336 END
START 337 337 337 337 337 337 344 344 344 344 344 343 345 345 344 344 344 343 END
START 356 356 356 355 355 356 356 356 356 356 356 355 366 366 366 366 366 366 END
START 370 370 370 368 368 368 375 375 375 375 375 374 377 377 377 376 376 375 END
START 376 376 376 375 375 375 378 378 377 377 377 376 377 376 376 376 375 375 END
START 380 380 380 379 379 379 376 376 376 375 375 375 377 377 377 376 376 376 END
START 375 375 375 374 374 374 374 374 374 373 373 373 376 376 376 375 375 375 END
START 375 375 375 374 374 374 376 376 375 375 375 374 374 374 373 373 373 372 END
START 374 374 374 374 374 374 382 382 382 381 381 381 382 382 381 381 381 380 END
START 380 380 381 380 379 379 375 375 375 375 375 375 375 375 375 375 375 375 END
START 374 374 374 373 373 373 373 373 373 372 372 371 377 377 377 376 376 375 END
START 375 375 375 374 374 374 373 372 372 372 371 371 371 371 371 371 371 370 END
START 374 374 374 373 373 373 369 368 368 368 368 367 372 372 372 372 372 372 END
START 364 363 364 363 363 363 365 365 365 365 364 364 367 367 366 366 366 365 END
START 369 369 369 369 369 369 368 368 368 367 367 366 368 368 368 368 368 367 END
START 370 370 370 369 369 369 365 366 366 365 365 365 366 366 366 365 365 364 END
START 390 390 390 389 390 390 427 427 427 427 427 427 446 446 446 445 445 444 END
START 445 445 445 444 444 444 427 427 427 427 427 426 415 415 415 415 414 413 END