START 390 390 389 389 390 390 390 389 390 390 390 390 389 390 390 390 389 390 END
START 388 389 390 389 389 389 378 378 378 378 378 377 373 374 374 373 373 373 END
START 358 359 359 358 358 357 360 359 359 360 359 359 366 365 365 366 365 365 END
START 364 365 366 365 366 366 372 372 372 372 371 371 368 368 368 368 367 366 END
START 378 379 379 378 378 378 377 377 377 377 376 376 379 379 379 379 379 379 END
START 381 382 382 381 381 381 401 400 400 401 401 400 411 410 410 411 410 410 END
START 416 417 417 417 418 418 427 427 427 427 427 426 428 428 428 428 427 427 END
START 421 420 421 420 421 421 412 413 412 412 411 411 411 412 411 412 411 411 END
START 413 412 412 411 411 411 403 402 403 404 403 403 397 397 397 397 396 395 END
START 390 389 390 389 389 389 392 391 391 391 390 390 387 386 386 385 385 385 END
START 393 394 395 394 395 394 389 388 388 388 387 387 390 390 390 390 390 389 END
START 393 393 394 392 393 392 397 397 398 397 397 397 395 395 396 396 395 395 END
START 382 383 383 382 383 383 397 397 398 397 397 397 402 402 402 401 402 401 END
START 405 406 407 406 407 407 396 395 395 394 394 393 390 390 390 390 389 388 END
START 390 389 390 389 390 390 390 390 390 389 389 389 397 397 397 396 396 396 END
START 386 387 388 387 388 388 394 394 394 394 394 394 381 380 380 380 379 379 END
START 369 369 370 369 370 369 369 368 368 367 367 366 366 365 365 366 365 365 END
START 358 358 358 357 357 356 349 349 349 349 349 349 344 345 344 344 343 343 END
START 354 356 356 355 356 356 378 378 378 379 378 378 384 385 385 384 383 383 END
START 395 396 397 396 397 396 397 397 396 396 396 395 395 396 396 396 396 396 END
START 396 397 397 396 396 395 399 399 400 399 399 399 401 401 401 401 401 401 END
START 390 391 391 390 390 390 399 398 399 398 397 397 395 396 396 396 395 395 END
START 406 407 408 407 407 407 411 410 411 410 410 409 415 415 415 415 415 415 END
START 416 415 416 415 415 415 407 407 408 408 407 407 414 414 414 415 415 414 END