START 364 365 364 363 365 364 365 364 364 365 365 365 364 364 364 364 363 364 END
START 363 364 365 363 365 364 363 364 363 363 363 362 363 364 363 363 363 362 END
START 363 364 364 363 364 363 362 362 362 362 361 361 363 364 363 364 363 363 END
START 360 361 362 361 361 361 367 367 367 367 367 366 364 364 363 364 363 362 END
START 363 364 365 364 365 365 361 362 361 361 361 360 358 359 358 359 358 358 END
START 363 364 365 364 365 364 359 360 359 360 359 358 363 363 364 364 364 363 END
START 361 362 363 362 362 361 375 375 375 375 374 374 376 376 374 375 374 373 END
START 367 368 368 368 368 368 365 364 364 365 363 364 359 359 359 360 359 359 END
START 366 367 367 366 367 366 366 367 366 366 366 365 369 368 369 369 369 368 END
START 368 369 369 369 369 368 374 374 373 374 374 373 370 371 370 371 370 369 END
START 372 373 374 373 374 373 375 374 374 374 373 373 374 374 373 374 373 373 END
START 373 373 374 373 374 373 367 366 366 367 366 366 374 373 373 374 373 372 END
START 365 365 366 365 365 365 364 363 363 364 363 362 367 366 366 367 366 366 END
START 355 356 356 356 356 356 356 357 356 357 356 355 352 352 352 352 351 351 END
START 355 357 357 356 357 356 355 354 355 355 354 353 357 356 357 357 356 355 END
START 357 357 358 357 357 357 356 355 356 356 355 355 359 358 359 359 358 358 END
START 355 356 357 356 356 356 361 360 361 361 360 359 360 360 360 360 360 359 END
START 362 363 364 362 363 363 358 359 358 358 357 357 359 359 358 360 358 358 END
START 361 362 362 362 362 361 359 358 359 360 359 358 365 364 365 365 364 363 END
START 361 362 362 362 363 362 369 368 369 368 368 367 366 366 365 366 365 364 END
START 365 366 366 366 366 366 359 359 358 359 358 357 357 357 356 357 356 356 END
START 354 355 356 355 355 355 351 351 351 352 351 351 357 356 357 357 356 355 END
START 352 353 353 352 352 352 356 354 356 356 355 355 361 360 360 360 360 359 END
START 365 366 366 366 367 366 367 366 367 367 366 366 369 369 368 369 369 368 END
START 374 375 375 374 374 374 372 372 372 373 372 372 372 373 372 373 372 372 END
START 370 372 372 371 371 371 378 377 377 377 376 376 375 374 374 374 373 373 END
START 374 374 375 374 375 374 371 370 371 371 370 369 367 366 366 366 366 365 END
START 373 374 374 373 374 373 365 364 365 365 365 364 370 370 369 370 369 368 END
START 357 358 359 358 358 358 360 360 360 360 359 359 354 354 353 354 353 352 END
START 350 351 351 351 351 350 358 357 358 358 357 356 364 363 364 364 364 363 END
START 378 380 379 379 380 379 373 373 373 374 373 372 377 377 376 377 376 375 END
START 375 376 376 375 375 375 375 374 375 375 375 374 383 382 382 383 382 382 END