START 358 358 357 357 359 358 359 358 359 359 359 359 359 360 360 359 358 359 END
START 353 353 354 353 354 353 359 359 359 359 359 358 360 360 360 360 359 359 END
START 364 365 366 365 366 365 367 366 367 367 366 366 365 364 365 365 365 364 END
START 368 369 369 368 368 368 361 361 360 361 360 360 368 368 368 368 367 367 END
START 362 363 364 363 363 362 364 365 364 364 364 362 362 363 362 363 362 362 END
START 370 372 372 372 372 372 365 366 365 365 365 364 374 375 374 375 374 374 END
START 381 382 382 381 382 381 377 378 377 378 377 377 379 378 378 379 378 377 END
START 374 376 376 376 376 376 378 377 377 378 377 377 374 374 373 374 373 372 END
START 373 374 375 375 375 374 372 372 371 372 371 370 369 368 368 369 368 368 END
START 374 376 375 375 375 376 376 376 375 377 375 375 377 377 376 376 376 376 END
START 371 372 372 372 372 372 374 373 372 373 372 372 373 372 372 373 372 372 END
START 374 375 376 375 375 375 374 373 373 373 373 372 373 372 372 373 372 371 END
START 374 375 375 375 375 375 371 371 370 371 371 370 372 371 371 372 371 371 END
START 367 368 368 367 368 367 368 368 367 368 367 367 369 369 369 369 368 368 END
START 369 371 371 371 371 371 370 370 369 370 369 368 368 369 368 368 367 367 END
START 375 375 375 375 375 375 370 370 369 370 369 369 370 371 370 371 370 370 END
START 365 367 367 366 366 365 364 365 364 365 364 364 366 365 365 366 365 365 END
START 361 362 363 363 363 362 363 364 363 363 362 362 360 361 361 361 360 359 END
START 363 364 364 364 364 364 361 362 361 362 361 360 364 364 363 364 364 363 END
START 360 361 362 361 361 360 364 364 363 364 363 363 365 365 364 365 364 363 END
START 354 355 355 355 356 355 343 343 343 343 343 342 332 333 332 332 331 330 END
START 321 322 323 322 322 322 315 315 315 315 314 313 318 317 317 318 318 317 END
START 321 321 322 321 321 321 325 324 325 326 325 325 335 335 336 336 335 335 END
START 352 353 353 353 353 353 377 378 377 378 377 377 389 388 388 389 389 388 END
START 404 406 406 405 406 405 398 398 397 398 397 396 397 397 397 397 396 396 END
START 399 397 398 397 398 397 396 396 396 396 396 395 397 396 396 396 396 396 END
START 387 388 389 388 389 388 392 390 391 391 390 390 386 386 386 385 385 385 END
START 384 385 386 385 386 385 381 380 380 380 380 379 379 379 380 379 378 378 END
START 378 380 379 379 379 378 377 377 378 377 377 376 373 373 372 373 373 372 END
START 362 362 364 363 362 362 358 358 357 358 358 357 353 353 352 353 352 352 END
START 344 345 346 345 345 345 339 338 339 338 337 337 339 338 339 339 338 338 END
START 350 351 351 351 351 350 362 362 361 363 362 362 370 370 369 370 369 369 END
START 370 372 372 371 371 372 379 379 378 379 378 378 378 378 377 377 377 376 END
START 376 377 377 377 378 377 377 377 376 377 376 376 370 370 370 370 370 369 END