START 296 296 296 296 296 296 298 297 298 298 297 298 298 298 298 298 297 299 END
START 298 300 299 299 299 299 308 307 308 307 307 307 312 312 312 312 311 311 END
START 319 320 321 320 321 320 321 320 321 321 320 320 323 323 323 324 323 323 END
START 329 329 330 329 330 329 332 333 332 333 332 332 341 341 340 342 341 340 END
START 331 332 332 331 332 332 338 338 337 338 338 337 341 341 342 341 341 340 END
START 342 343 343 343 343 343 347 346 345 347 346 345 348 349 349 349 348 347 END
START 355 357 357 356 357 356 356 356 356 357 356 355 360 360 360 360 360 359 END
START 359 360 360 360 361 360 367 366 367 367 366 366 363 364 363 363 362 362 END
START 367 367 368 367 368 368 371 371 370 371 370 370 371 371 370 371 370 369 END
START 375 376 376 376 375 375 379 379 379 379 378 378 377 377 377 378 377 377 END
START 372 373 373 372 373 372 378 378 378 378 377 377 377 376 376 376 376 375 END
START 374 375 376 375 376 376 374 374 373 373 373 372 373 372 372 373 372 371 END
START 376 377 377 376 377 376 373 372 372 373 372 371 375 375 375 376 375 375 END
START 373 374 374 374 374 373 375 376 375 376 375 375 375 375 374 375 374 374 END
START 371 373 374 373 373 373 377 376 376 377 375 375 374 374 374 374 374 373 END
START 379 379 380 379 380 379 368 368 368 369 368 368 372 372 372 373 372 371 END
START 369 370 370 370 370 369 369 370 369 369 369 369 371 371 371 371 370 370 END
START 365 367 367 367 367 366 369 369 368 369 368 368 369 368 368 369 368 368 END
START 372 373 374 372 374 372 368 368 368 368 367 366 370 371 370 371 370 370 END
START 367 368 368 367 368 367 368 368 368 368 368 368 371 371 371 371 371 370 END
START 367 368 368 368 368 368 373 373 372 372 372 371 365 364 363 364 363 363 END
START 367 368 369 368 368 367 364 363 363 364 363 363 363 364 362 363 362 362 END
START 365 366 366 365 365 364 362 363 362 363 362 362 363 363 363 364 363 362 END
START 361 363 363 362 363 362 368 368 368 368 367 367 363 363 362 363 362 361 END
START 367 368 368 368 368 368 370 371 370 371 370 369 368 368 368 369 368 368 END
START 371 371 372 371 372 371 370 370 369 371 370 369 373 374 373 374 373 373 END
START 369 370 371 370 370 370 373 372 372 373 372 371 369 368 368 369 368 367 END
START 368 369 370 369 369 369 366 366 365 366 366 364 366 366 366 366 366 365 END
START 367 368 368 368 369 368 368 369 368 369 368 368 381 382 381 382 382 381 END
START 388 389 389 389 388 388 383 383 383 383 383 383 370 370 371 370 369 369 END
START 363 364 364 364 364 364 360 360 360 360 359 358 358 359 359 359 359 358 END
START 363 364 364 364 364 363 360 360 360 360 360 359 365 365 365 365 365 364 END