START 352 353 351 351 353 352 353 352 353 353 354 354 353 353 354 354 352 353 END
START 355 357 357 356 356 357 367 366 367 367 367 366 363 362 363 363 361 362 END
START 362 364 364 363 363 363 363 364 363 364 363 363 365 366 365 365 365 364 END
START 371 372 373 372 372 372 374 374 373 373 373 372 375 375 375 375 374 374 END
START 371 372 372 372 372 372 377 377 377 377 377 376 379 378 378 378 377 376 END
START 384 385 386 385 386 385 381 380 380 380 380 379 377 376 376 377 376 376 END
START 380 381 380 380 379 379 365 366 366 365 365 365 367 367 367 367 367 367 END
START 367 368 368 367 368 367 368 368 368 368 367 367 368 368 367 368 367 366 END
START 375 376 377 376 377 376 373 374 374 374 373 372 374 374 374 374 373 373 END
START 376 377 377 376 376 376 372 372 371 372 372 371 375 374 374 375 374 374 END
START 371 372 372 372 371 371 375 375 374 376 375 374 375 375 374 375 374 374 END
START 375 376 376 376 376 375 372 371 371 372 371 370 371 371 370 371 370 370 END
START 375 376 377 376 376 375 372 372 371 372 371 370 375 374 374 375 374 373 END
START 369 371 371 370 371 370 373 372 371 372 372 371 369 368 368 368 368 367 END
START 361 362 363 362 362 362 366 365 365 365 364 364 364 365 363 364 363 363 END
START 360 360 361 360 361 360 358 359 358 359 358 358 364 364 364 364 363 363 END
START 371 373 373 372 373 372 375 375 375 376 375 375 375 375 375 375 375 374 END
START 348 349 350 349 350 349 370 370 369 370 369 369 382 381 381 381 381 380 END
START 415 416 416 416 417 416 426 427 426 427 426 426 437 438 438 437 437 436 END
START 419 418 419 418 419 418 399 399 398 399 398 398 394 393 392 392 391 390 END
START 384 383 384 383 384 384 391 390 391 390 390 389 383 381 381 381 380 379 END
START 383 384 384 383 383 383 383 381 382 382 381 381 375 376 376 375 375 374 END