START 361 362 360 360 361 360 361 359 360 361 360 361 359 360 359 359 359 359 END
START 357 358 359 358 358 357 327 327 326 326 325 324 301 301 302 301 301 300 END
START 284 286 286 286 286 285 292 293 292 293 292 292 304 304 304 305 304 303 END
START 305 306 306 305 305 305 313 312 313 313 313 312 316 316 317 317 316 316 END
START 325 326 327 327 327 326 321 321 320 321 321 320 343 343 343 344 343 343 END
START 348 349 350 349 350 349 350 350 350 351 350 349 352 352 353 353 352 351 END
START 346 347 348 346 346 346 354 354 355 355 354 354 359 358 359 358 358 357 END
START 361 362 363 362 362 362 362 361 362 362 361 361 358 357 358 358 357 356 END
START 366 366 367 366 366 366 366 367 365 366 365 365 369 369 369 370 369 369 END
START 369 370 370 370 370 369 370 371 370 371 370 369 373 374 373 373 373 372 END
START 373 374 375 374 374 374 375 374 374 374 374 373 371 370 369 371 370 369 END
START 374 375 376 375 376 375 369 368 368 368 368 368 373 372 372 373 373 372 END
START 373 374 374 373 373 373 382 382 382 382 382 382 379 379 379 379 378 377 END
START 374 375 376 375 375 375 376 376 376 375 375 374 373 372 372 373 372 372 END
START 373 375 375 374 374 374 369 368 368 369 368 368 371 371 370 371 370 370 END
START 368 370 370 370 369 370 376 376 375 377 375 376 375 375 375 376 375 375 END
START 370 371 372 371 372 371 371 370 370 370 370 369 365 365 365 365 364 364 END
START 364 365 366 365 366 366 362 360 361 361 360 360 362 362 361 362 361 360 END
START 369 370 371 370 371 370 377 378 377 378 377 377 378 379 378 378 378 377 END
START 369 370 370 369 370 370 375 375 375 375 374 374 371 371 370 371 370 369 END
START 373 374 375 374 375 374 369 368 368 368 368 368 366 366 365 366 366 365 END
START 378 379 379 379 379 378 377 378 377 378 377 377 378 379 378 379 378 377 END
START 359 361 361 361 361 361 365 365 365 365 365 365 361 361 361 362 361 360 END
START 369 369 370 369 369 369 363 364 363 364 362 362 361 361 361 361 360 360 END