START 288 289 287 287 288 288 289 288 289 289 288 289 289 289 289 289 288 289 END
START 283 284 285 284 284 284 296 296 296 296 296 295 300 301 300 300 300 299 END
START 311 312 313 312 312 312 316 316 316 316 315 315 320 320 320 321 320 319 END
START 329 330 330 329 330 329 333 333 334 335 334 333 339 339 338 340 339 338 END
START 338 340 340 339 340 339 349 348 348 349 348 347 350 350 349 351 350 349 END
START 354 355 355 355 355 355 359 359 360 359 358 358 360 359 359 360 359 359 END
START 363 364 364 364 364 364 371 370 371 371 370 370 373 373 373 374 373 373 END
START 374 375 376 375 375 374 377 377 377 378 377 376 380 379 379 379 379 378 END
START 380 381 382 381 382 382 382 381 381 381 381 380 378 377 377 378 377 376 END
START 381 381 382 381 382 382 381 381 381 381 381 380 376 376 376 377 376 375 END
START 372 373 373 372 372 372 381 381 381 381 381 380 381 381 381 381 381 380 END
START 377 378 379 378 378 378 385 385 385 384 384 383 378 379 379 378 378 377 END
START 378 380 380 379 380 378 375 375 375 375 375 374 383 383 382 383 382 382 END
START 370 370 371 370 370 370 375 375 375 375 375 374 378 379 378 378 377 377 END
START 374 375 375 374 375 374 377 376 376 377 376 376 375 374 374 375 373 373 END
START 376 378 378 377 378 377 372 371 371 371 371 371 373 372 372 373 373 372 END
START 370 370 371 370 370 369 371 370 371 371 370 370 373 373 372 373 372 372 END
START 365 366 366 366 366 366 370 370 369 370 369 368 367 366 366 366 365 365 END
START 368 370 371 370 370 370 369 369 369 369 368 368 365 365 365 366 365 364 END
START 364 365 365 365 365 364 362 362 361 362 361 361 358 358 357 358 357 356 END
START 347 348 348 347 348 348 350 351 350 350 350 348 344 342 343 343 342 341 END
START 347 348 348 348 348 347 354 353 354 354 353 353 360 359 360 360 359 359 END
START 365 365 366 365 365 365 376 376 376 376 375 376 385 384 386 386 385 384 END
START 375 376 376 376 375 375 381 380 380 380 380 380 388 388 388 387 387 387 END
START 381 382 383 382 383 382 375 376 375 374 374 374 376 376 376 376 375 375 END
START 376 377 378 377 377 376 374 374 373 374 374 373 378 377 377 378 377 377 END
START 373 373 374 373 373 373 371 370 370 371 371 370 370 370 369 370 369 368 END
START 365 366 366 366 366 366 353 353 353 353 352 352 355 355 354 354 354 353 END
START 358 359 359 358 358 358 351 351 351 352 351 351 365 364 366 366 365 364 END
START 363 364 364 364 363 363 365 365 366 366 365 364 369 369 369 369 368 367 END
START 374 375 376 375 376 376 374 374 373 374 372 372 372 371 371 372 370 370 END