START 365 366 365 365 366 365 364 363 364 364 364 364 364 364 365 365 363 364 END
START 358 360 360 359 359 358 363 364 364 364 364 363 373 373 372 373 372 371 END
START 377 378 378 378 378 378 374 374 373 373 373 372 369 369 368 369 368 368 END
START 369 370 371 370 370 369 368 367 367 367 366 365 369 369 369 369 368 368 END
START 365 366 366 365 365 364 371 371 370 371 370 370 370 371 369 370 369 369 END
START 367 368 369 368 368 368 363 364 363 364 364 363 358 358 357 358 358 357 END
START 359 360 361 359 359 359 353 354 353 354 353 353 362 361 362 362 361 361 END
START 361 362 362 362 362 362 365 364 365 365 364 363 367 367 366 366 366 365 END
START 364 366 365 365 366 366 367 367 367 367 366 366 362 362 362 362 362 361 END
START 391 391 392 392 392 392 410 411 411 412 411 411 421 421 420 421 420 420 END
START 397 398 398 398 399 397 387 386 387 388 386 386 383 383 382 382 381 380 END