START 410 410 409 409 410 409 410 409 409 410 410 410 409 409 409 409 409 410 END
START 401 400 400 399 400 400 399 399 398 399 398 397 397 398 398 399 398 398 END
START 404 405 405 404 404 404 403 404 404 404 404 404 411 411 411 411 411 411 END
START 399 398 399 398 398 398 403 403 403 403 403 402 404 404 404 404 403 402 END
START 407 408 409 408 410 410 397 397 398 398 397 397 395 395 395 396 395 395 END
START 401 400 402 401 402 402 391 392 391 391 391 390 391 392 392 393 393 393 END
START 392 391 391 390 391 391 398 398 398 398 398 398 398 398 398 398 397 397 END
START 394 395 396 394 395 396 387 386 386 385 385 384 386 386 385 386 385 385 END
START 378 380 380 379 380 380 390 391 391 390 389 389 389 389 390 390 389 389 END
START 391 392 393 392 392 392 390 390 391 391 390 390 393 393 394 393 393 393 END
START 392 393 394 393 393 393 394 394 394 394 394 393 399 399 399 399 399 399 END
START 415 415 416 415 415 415 409 410 409 410 409 409 401 401 401 402 402 402 END
START 406 405 406 404 405 405 401 401 402 402 402 401 407 407 407 407 407 406 END
START 413 412 413 411 412 412 402 403 403 403 402 401 394 394 395 395 394 394 END
START 401 400 402 401 401 402 403 403 403 403 402 401 413 413 413 414 413 413 END
START 402 402 403 403 405 405 387 387 387 387 387 386 401 401 401 401 400 399 END
START 396 395 395 394 394 394 407 407 407 405 404 404 385 385 385 385 384 384 END
START 393 394 394 393 394 394 392 392 392 392 391 390 373 373 373 373 372 372 END
START 391 392 392 390 391 390 409 409 408 408 407 407 393 393 393 394 394 394 END
START 406 407 408 407 408 408 409 409 409 408 407 406 389 388 386 384 382 381 END
START 383 383 385 385 386 386 360 361 362 363 363 363 379 379 379 379 379 379 END
START 363 363 363 361 361 361 374 375 376 379 379 380 369 370 370 371 371 371 END
START 389 389 389 386 386 386 402 402 401 401 400 399 393 393 392 393 392 392 END