START 347 348 347 347 348 347 348 347 348 348 348 348 347 347 348 348 347 348 END
START 342 343 344 343 344 343 352 352 352 351 351 350 359 359 359 359 359 358 END
START 369 370 370 369 369 369 369 369 369 370 369 369 374 373 374 374 374 373 END
START 388 389 389 388 388 388 401 402 401 401 400 400 407 407 407 407 407 406 END
START 400 401 401 400 401 401 395 395 396 396 395 394 396 397 397 397 396 395 END
START 402 401 402 401 401 401 400 400 400 400 400 400 403 402 403 402 402 402 END
START 403 402 403 402 402 402 408 408 409 409 408 408 406 406 406 406 405 404 END
START 396 395 396 396 396 396 402 402 402 403 402 401 402 402 402 402 402 401 END
START 407 408 408 407 408 407 402 403 403 403 402 401 406 406 406 407 406 406 END
START 417 415 416 415 416 416 413 414 414 414 414 413 420 420 421 421 420 420 END
START 413 412 413 412 413 413 413 413 413 414 413 412 412 412 412 412 411 411 END
START 417 416 417 416 416 416 413 412 412 413 412 411 411 411 411 412 411 411 END
START 411 410 411 410 411 410 408 408 408 409 408 408 412 412 412 413 412 412 END
START 410 408 409 409 409 409 407 407 407 407 406 406 401 400 400 401 400 399 END
START 410 409 410 409 410 410 406 406 406 406 406 405 411 412 412 412 412 411 END
START 419 418 419 417 418 418 410 410 410 410 409 409 409 409 409 409 409 408 END
START 403 402 403 402 403 403 409 409 409 409 408 407 404 404 404 404 403 402 END
START 403 402 403 402 403 402 397 397 397 397 396 396 402 403 403 403 402 402 END
START 415 414 415 414 415 415 446 446 446 446 446 446 456 457 457 457 457 456 END
START 450 449 450 449 450 449 442 442 442 442 441 441 429 428 428 428 427 427 END
START 425 424 425 424 425 425 421 421 421 421 420 419 418 418 417 418 417 417 END