START 392 392 391 392 393 392 395 394 395 395 396 396 397 397 398 398 397 398 END
START 389 390 391 390 391 390 396 396 396 396 396 396 398 398 398 397 397 397 END
START 392 393 393 393 393 393 396 395 396 395 395 395 394 393 393 393 393 393 END
START 398 399 399 399 399 399 395 394 394 394 394 394 398 397 398 398 398 397 END
START 395 396 396 395 395 395 405 404 405 404 403 403 401 400 401 400 400 399 END
START 391 392 392 392 393 392 396 396 396 396 395 395 389 389 389 388 387 387 END
START 405 406 406 406 407 407 408 407 408 408 408 407 408 408 408 408 408 407 END
START 414 412 413 412 412 412 410 410 410 410 410 409 410 410 410 410 409 409 END
START 396 395 396 396 396 397 396 395 395 395 394 394 393 393 393 394 393 392 END
START 396 396 397 396 397 396 388 387 388 387 387 386 391 391 391 391 391 391 END
START 391 392 392 391 392 391 395 395 395 394 394 393 380 380 380 379 379 379 END
START 379 379 380 379 380 380 384 384 384 383 383 383 382 381 381 381 380 380 END
START 387 388 389 388 389 389 375 375 375 375 375 374 388 388 388 387 387 387 END
START 395 395 396 395 395 395 401 400 400 400 400 399 399 399 399 399 399 398 END
START 394 395 396 395 396 396 396 396 396 397 396 395 391 390 391 390 390 389 END
START 396 396 397 396 397 397 391 390 390 389 389 388 401 400 401 400 400 400 END
START 402 402 403 402 402 401 399 399 400 399 399 399 400 400 400 400 400 399 END
START 389 388 389 388 389 388 392 392 392 392 392 391 388 388 388 388 387 387 END
START 392 393 393 393 394 394 385 385 385 385 385 385 390 390 391 390 390 390 END
START 403 404 404 403 403 403 406 407 407 406 406 405 403 402 403 402 402 402 END
START 399 398 399 398 398 398 404 404 404 405 404 403 398 398 398 398 397 396 END
START 400 401 401 401 401 401 393 393 393 393 392 392 390 389 390 390 390 389 END
START 400 398 399 398 399 398 391 391 391 391 391 391 395 394 395 395 395 394 END
START 396 396 397 396 396 396 420 420 420 421 420 420 432 432 432 431 431 431 END
START 411 412 412 411 412 412 393 394 393 393 392 392 378 377 377 378 377 376 END
START 384 383 384 383 384 384 383 383 383 383 383 383 387 386 386 387 386 386 END