START 393 394 392 392 392 393 392 392 392 393 392 392 392 392 392 392 391 392 END
START 394 395 396 395 394 394 381 380 381 381 380 380 376 375 376 376 375 375 END
START 373 374 375 374 374 373 372 372 373 372 372 371 376 376 376 377 376 375 END
START 375 376 377 377 377 376 374 374 373 374 373 372 375 374 374 375 374 373 END
START 373 374 374 375 375 374 359 359 359 359 359 358 358 358 357 359 358 357 END
START 352 353 353 352 352 352 359 358 359 359 359 358 351 351 351 351 350 350 END
START 349 349 350 349 350 349 356 355 356 356 355 354 346 346 347 347 345 345 END
START 351 352 352 351 351 351 346 345 346 346 345 344 348 348 349 349 348 347 END
START 357 357 358 357 357 357 356 356 357 356 356 355 356 357 357 357 356 355 END
START 355 356 357 356 357 356 357 356 357 357 356 356 356 355 356 356 355 354 END
START 358 359 360 359 360 359 362 361 362 362 361 360 359 358 359 359 358 358 END
START 363 364 364 364 364 363 374 375 374 375 375 374 382 382 382 382 382 381 END
START 375 376 377 376 376 376 379 378 378 379 378 378 380 380 380 379 378 378 END
START 378 378 379 378 379 378 378 378 377 377 376 376 373 372 373 374 373 372 END
START 373 374 375 374 374 374 371 370 371 372 371 370 375 375 374 375 374 374 END
START 368 369 370 369 369 369 376 375 375 376 375 375 373 373 372 373 372 371 END
START 366 368 368 367 367 367 361 360 359 360 359 358 361 361 360 361 361 360 END
START 358 359 360 359 360 359 358 357 357 358 357 356 362 363 362 363 362 361 END
START 360 361 361 360 361 360 370 369 370 370 370 369 374 374 373 374 373 372 END
START 372 373 373 372 373 372 373 372 372 372 371 371 370 370 369 370 369 369 END
START 373 374 375 374 374 374 371 371 370 371 370 370 375 375 374 375 374 374 END
START 370 371 371 370 371 370 372 372 371 372 372 371 363 362 362 363 362 361 END
START 351 352 353 352 352 352 339 338 338 339 338 337 327 327 327 327 326 326 END
START 338 339 340 339 340 339 350 350 349 351 350 350 368 369 368 370 369 368 END
START 373 374 374 373 374 373 383 382 383 384 383 382 380 381 380 381 380 379 END
START 378 379 380 379 379 379 379 379 379 378 378 378 378 377 377 377 376 375 END
START 378 379 379 378 379 378 373 372 372 373 372 372 374 373 373 374 373 373 END