START 366 367 366 366 366 366 365 364 365 365 365 365 364 364 364 364 363 364 END
START 366 367 368 367 367 367 360 361 360 361 359 359 363 364 363 364 364 363 END
START 363 364 365 363 363 363 365 364 365 365 364 364 363 363 363 363 362 362 END
START 377 378 378 378 378 378 380 379 379 380 379 379 374 374 373 374 373 372 END
START 372 373 373 372 373 372 365 364 364 365 365 364 363 363 362 363 363 362 END
START 364 365 365 364 364 364 363 364 363 363 363 363 366 367 366 366 365 365 END
START 358 358 359 358 358 357 363 364 363 364 362 362 363 363 362 363 362 362 END
START 362 364 364 364 364 363 359 359 359 359 358 357 358 359 358 359 358 357 END
START 359 359 360 359 359 359 359 358 359 359 358 358 363 363 364 364 364 363 END
START 362 362 363 362 363 362 371 371 372 372 371 371 373 373 372 373 372 371 END
START 368 369 369 368 369 369 364 363 363 364 363 362 355 356 355 355 355 354 END
START 361 362 362 362 362 362 354 355 354 355 354 354 365 364 365 365 364 364 END
START 359 360 360 360 361 360 362 362 362 363 362 361 365 365 365 365 364 364 END
START 366 368 368 368 368 367 367 367 366 367 365 365 363 363 363 363 362 362 END
START 367 368 368 367 368 367 365 365 364 365 364 364 363 364 363 364 364 363 END
START 361 362 362 361 361 361 371 371 370 371 370 370 365 365 364 365 363 363 END
START 360 361 361 361 362 361 364 363 363 363 362 361 357 357 356 356 356 356 END
START 352 353 354 353 353 352 355 355 355 356 355 354 353 352 353 353 352 352 END
START 352 353 354 353 353 353 358 358 359 359 359 358 367 366 367 367 366 365 END
START 366 367 367 367 367 367 374 373 374 374 373 372 369 370 369 369 369 368 END
START 373 374 374 374 374 373 372 371 371 372 371 371 374 374 373 374 373 373 END
START 369 370 371 370 370 370 371 370 370 371 371 370 375 374 374 375 374 374 END
START 364 365 366 365 365 366 372 371 371 371 370 370 367 367 366 367 366 366 END
START 371 372 373 372 372 372 365 364 364 364 364 363 366 366 366 366 366 365 END
START 362 363 364 363 363 362 360 360 360 361 360 360 359 359 359 359 358 358 END
START 350 351 351 351 351 350 352 352 352 352 351 351 347 347 348 348 347 346 END
START 346 347 348 347 348 347 351 350 351 351 350 350 356 356 356 356 356 355 END
START 369 370 371 370 370 370 375 374 375 376 375 375 381 381 382 382 381 380 END
START 374 375 376 374 375 374 382 381 381 381 381 380 379 379 379 378 378 377 END