START 387 387 386 386 386 385 383 382 383 382 382 382 378 377 377 377 375 376 END
START 386 386 386 385 386 385 372 372 373 372 372 371 373 373 373 374 373 373 END
START 378 378 379 377 378 377 379 379 379 380 380 380 387 386 386 386 386 385 END
START 381 382 382 382 382 382 390 391 391 390 390 389 387 387 387 386 386 385 END
START 392 393 393 393 393 393 379 378 379 379 378 378 386 386 387 387 387 387 END
START 395 395 395 395 395 395 385 384 384 385 385 385 399 398 398 397 397 396 END
START 391 392 392 391 391 391 393 393 394 393 393 393 385 384 385 384 384 384 END
START 399 400 401 400 401 401 397 396 397 396 395 395 384 384 384 384 383 383 END
START 393 392 393 392 393 393 390 390 390 390 390 390 392 393 393 393 392 392 END
START 386 387 387 387 387 387 398 398 399 399 399 399 395 394 394 394 393 393 END
START 390 391 392 391 392 392 389 389 389 388 388 387 389 388 389 388 388 388 END
START 396 397 397 396 396 396 391 391 391 391 391 391 400 401 401 401 401 401 END
START 391 391 392 391 392 392 403 403 403 403 402 402 396 396 396 396 395 394 END
START 397 398 399 398 399 399 394 394 394 394 393 392 385 385 385 385 385 384 END
START 394 395 396 395 395 395 385 384 385 385 384 384 381 382 382 382 381 381 END
START 379 379 379 378 379 378 383 383 383 383 383 383 387 387 387 387 386 386 END
START 384 384 385 384 385 385 389 389 389 388 388 387 390 390 390 389 389 389 END
START 403 403 404 403 403 403 388 389 389 389 389 389 404 405 405 405 405 405 END
START 397 396 397 397 397 397 400 400 401 401 401 401 391 392 391 391 390 390 END
START 396 397 398 397 398 398 399 399 399 399 398 398 391 390 391 390 390 389 END
START 395 396 396 396 396 396 392 392 392 392 392 392 396 396 396 396 396 396 END
START 394 395 395 394 395 394 405 404 405 404 404 404 400 400 400 400 400 399 END