START 298 296 295 294 295 294 294 293 293 293 293 294 292 292 292 292 291 292 END
START 295 296 297 296 297 296 305 304 304 304 304 303 306 306 306 306 305 305 END
START 306 306 306 305 305 305 306 306 306 306 306 305 307 307 306 306 306 306 END
START 310 310 310 309 309 309 314 314 314 314 314 313 317 317 317 317 317 316 END
START 320 319 320 319 319 319 322 322 322 322 322 321 325 325 325 325 325 324 END
START 329 328 329 328 328 328 355 355 354 354 354 353 359 359 359 359 359 359 END
START 359 359 359 358 358 358 365 365 365 365 365 364 363 364 364 363 363 362 END
START 368 368 368 367 368 368 372 372 372 371 371 371 370 370 370 370 370 369 END
START 376 376 377 376 376 376 372 372 372 372 372 371 373 373 372 372 372 371 END
START 370 369 369 368 368 368 372 372 372 372 373 372 375 375 375 375 374 374 END
START 373 373 373 372 372 372 378 378 378 377 377 376 377 377 376 376 376 375 END
START 377 377 378 377 377 376 377 377 377 376 376 376 377 378 377 377 377 376 END
START 377 377 377 376 376 376 369 369 369 368 368 368 363 363 363 362 362 361 END
START 349 349 349 348 348 348 352 352 352 351 351 351 361 361 361 360 360 360 END
START 376 376 377 376 376 376 377 377 377 376 376 375 378 379 378 378 378 378 END
START 377 377 377 376 376 376 379 379 379 379 378 378 380 380 380 379 379 379 END
START 378 377 378 377 377 376 376 376 375 375 375 374 379 379 378 378 378 377 END
START 386 386 386 385 385 385 400 400 400 400 400 399 421 421 420 420 420 420 END
START 445 445 445 444 444 444 442 442 442 442 442 441 437 437 437 437 436 436 END
START 419 419 419 418 418 418 410 410 410 410 410 409 404 403 403 404 403 402 END
START 404 403 404 403 403 402 391 389 390 390 389 389 385 385 385 386 385 384 END