START 400 400 399 399 400 399 398 397 397 397 397 397 395 396 396 396 395 395 END
START 393 394 394 394 395 394 385 384 385 384 384 384 387 387 387 387 387 386 END
START 394 395 395 394 395 394 392 392 392 392 392 392 397 398 398 397 397 397 END
START 392 393 393 392 393 392 397 397 397 397 397 396 395 395 395 395 394 394 END
START 395 396 396 396 397 396 399 399 400 400 399 399 400 400 400 400 400 400 END
START 410 411 411 410 410 410 400 400 400 400 400 400 402 402 402 402 401 401 END
START 397 396 397 396 397 397 398 398 398 399 398 397 393 393 393 393 392 392 END
START 390 392 392 391 392 392 394 393 394 393 393 393 396 396 396 396 396 395 END
START 395 395 396 395 395 395 393 393 393 393 393 393 396 395 396 395 395 395 END
START 391 392 392 391 392 392 396 396 396 396 396 396 395 394 394 394 394 393 END
START 392 393 393 393 393 393 401 401 401 401 400 400 406 405 405 405 405 405 END
START 413 414 414 413 414 413 408 409 409 409 408 408 404 404 404 405 404 404 END
START 406 405 406 405 405 405 407 407 407 408 407 407 406 406 406 406 405 405 END
START 400 399 400 399 400 400 403 403 403 403 402 402 399 399 399 399 398 398 END
START 405 406 406 405 405 404 409 409 410 410 410 410 395 394 395 395 395 395 END
START 402 401 401 401 401 401 398 397 397 397 396 395 415 414 414 413 412 411 END
START 386 385 386 385 386 386 373 372 372 372 371 371 360 359 360 360 359 358 END
START 371 372 372 372 373 372 377 376 376 377 376 376 382 381 382 382 381 381 END
START 375 375 376 375 375 375 383 383 383 384 384 384 372 373 373 373 373 373 END
START 374 375 376 375 375 375 379 379 379 379 378 378 381 381 380 381 380 379 END
START 384 384 385 384 384 384 384 384 384 385 384 384 386 386 386 386 385 385 END
START 379 380 380 379 379 379 404 404 405 405 405 405 436 436 436 436 436 435 END
START 425 425 426 425 426 426 426 426 426 426 425 424 417 416 416 416 415 415 END
START 421 420 420 419 420 420 415 415 414 415 414 414 414 413 414 414 413 413 END
START 411 409 410 409 410 409 409 408 409 409 409 408 416 416 416 416 415 415 END
START 381 380 380 379 379 379 385 386 386 386 385 385 381 380 380 381 380 379 END