START 348 348 347 347 348 348 349 348 349 350 350 349 349 349 349 349 348 349 END
START 345 346 346 345 346 345 351 351 351 351 351 350 352 352 353 352 352 351 END
START 354 355 356 355 356 355 359 358 359 359 358 358 359 358 359 359 358 358 END
START 359 360 360 359 359 359 360 360 361 362 360 360 369 368 369 369 368 368 END
START 362 362 363 362 362 362 370 370 369 370 369 369 370 370 369 369 368 367 END
START 368 368 370 369 369 369 369 370 369 369 368 368 367 367 366 367 365 365 END
START 373 374 374 373 373 372 382 382 382 383 381 381 404 404 403 404 403 403 END
START 413 414 415 414 414 414 412 413 413 413 413 412 410 411 411 411 410 409 END
START 401 400 401 400 401 400 384 384 384 385 383 383 373 373 373 374 373 372 END
START 367 366 366 366 367 365 360 360 360 359 359 358 355 354 354 355 354 354 END
START 355 356 356 356 356 355 357 356 356 356 356 355 355 355 355 355 354 353 END
START 355 356 357 356 356 356 360 359 359 360 358 357 361 360 361 360 359 359 END
START 363 364 364 363 363 363 361 361 361 362 361 361 366 365 366 366 365 364 END
START 359 360 360 359 359 358 363 364 363 364 363 363 367 367 367 368 367 367 END
START 362 363 363 363 364 363 353 353 353 353 352 352 339 339 338 339 338 337 END
START 326 326 327 326 326 326 320 320 321 321 320 320 324 323 323 324 323 323 END
START 330 332 332 331 331 331 347 347 346 347 347 346 365 366 365 365 365 364 END
START 369 370 371 370 370 370 374 374 374 374 373 372 367 367 366 366 365 364 END
START 371 373 373 373 373 373 377 376 377 378 377 376 406 407 406 406 406 406 END
START 434 435 435 435 435 434 424 423 423 424 423 422 413 414 414 414 413 412 END
START 397 396 397 397 397 396 397 397 396 397 396 395 395 394 395 395 394 394 END
START 389 391 391 390 390 390 385 384 384 383 383 383 384 383 383 383 383 382 END