START 355 355 354 355 354 355 355 354 354 355 355 354 355 355 356 356 354 356 END
START 358 359 359 358 358 358 358 357 358 358 357 356 346 346 346 347 346 345 END
START 328 329 329 328 329 328 317 316 317 317 316 316 328 329 329 329 327 327 END
START 333 334 334 333 333 333 333 332 332 333 332 332 333 333 332 334 334 333 END
START 346 347 347 346 346 346 343 342 342 343 342 342 348 348 347 349 348 348 END
START 348 349 350 349 350 349 354 354 354 355 354 353 357 358 358 358 357 356 END
START 360 361 362 362 362 362 361 360 361 361 360 359 359 358 359 359 358 358 END
START 360 361 362 361 361 360 363 364 363 364 364 363 364 364 364 365 364 364 END
START 368 369 370 369 369 368 378 377 377 378 376 376 378 378 377 377 377 376 END
START 382 383 384 383 384 383 383 383 383 383 383 382 373 372 372 373 372 371 END
START 371 372 371 371 371 370 365 365 366 365 365 365 369 368 368 369 368 368 END
START 362 363 363 362 362 362 369 369 369 369 368 368 369 369 368 369 367 368 END
START 369 370 371 370 371 370 371 371 370 371 369 369 368 368 367 368 368 367 END
START 370 371 371 370 371 371 367 367 367 367 367 366 373 373 372 372 372 372 END
START 377 377 378 377 377 376 385 386 385 386 385 385 379 378 378 379 378 378 END
START 376 377 378 377 377 377 377 377 377 376 375 375 369 368 368 368 368 367 END
START 371 373 373 372 373 372 370 370 369 370 370 369 372 371 371 371 371 370 END
START 373 374 375 374 374 373 360 359 358 359 358 358 340 340 339 340 339 338 END
START 329 329 330 329 330 330 333 332 333 333 332 332 339 338 337 339 338 338 END
START 357 358 359 358 359 358 364 364 363 365 364 363 368 367 367 368 368 367 END
START 364 365 365 365 365 364 370 370 369 370 369 368 370 370 369 369 368 368 END
START 362 363 363 362 363 362 366 367 366 366 366 365 361 362 360 361 360 360 END
START 364 365 366 365 365 365 366 366 366 366 365 365 375 375 375 376 375 375 END
START 372 373 373 373 373 373 376 376 376 376 375 375 378 377 378 378 377 376 END
START 366 367 367 367 367 367 374 374 374 375 373 373 371 371 370 370 370 369 END