START 353 353 352 352 352 353 354 352 353 353 354 354 353 354 355 354 354 355 END
START 352 351 351 350 349 349 323 323 323 322 322 321 297 297 297 297 297 296 END
START 289 289 289 288 288 288 297 298 297 297 297 296 303 303 302 303 303 302 END
START 316 315 315 314 314 314 313 313 313 313 313 312 321 321 321 321 322 321 END
START 332 332 332 331 331 331 338 338 338 339 339 338 343 343 342 343 342 342 END
START 345 344 344 343 343 343 347 347 347 347 347 346 349 349 349 349 349 348 END
START 358 357 357 356 356 356 354 354 355 355 355 354 362 362 363 362 362 362 END
START 374 372 372 371 371 371 371 371 371 371 371 371 379 379 379 379 379 378 END
START 373 372 373 372 372 372 381 381 381 380 380 380 374 374 374 373 373 373 END
START 374 373 374 372 372 372 372 372 371 371 371 370 378 378 378 378 378 377 END
START 375 374 374 373 373 373 373 373 373 372 372 372 373 373 373 372 372 372 END
START 367 367 367 366 366 366 374 374 374 373 373 373 375 375 375 374 374 374 END
START 376 376 376 376 376 376 375 375 374 374 374 374 372 372 372 371 371 371 END
START 376 375 375 374 374 374 371 371 371 370 370 370 371 371 371 371 371 370 END
START 365 365 365 364 364 364 372 372 372 371 371 371 371 371 370 370 370 369 END
START 370 370 370 369 369 369 365 365 365 364 364 363 365 365 365 365 365 364 END
START 372 372 372 371 371 371 367 367 367 367 367 366 371 371 371 371 371 370 END
START 369 369 369 368 368 368 372 371 371 371 371 370 368 368 368 367 367 366 END
START 370 370 370 369 369 369 366 366 366 365 365 364 364 364 364 364 364 363 END
START 365 365 365 364 364 364 360 360 360 359 359 359 356 356 356 356 355 355 END
START 352 352 352 351 351 351 353 353 353 352 352 352 356 356 356 356 355 355 END
START 358 358 358 357 357 357 367 367 367 367 366 366 369 368 368 368 368 367 END
START 373 373 373 372 372 372 373 373 373 372 372 372 375 375 375 375 375 374 END
START 375 375 375 374 374 374 377 377 377 376 376 376 376 376 376 376 376 375 END
START 373 373 373 373 373 373 374 374 374 373 373 372 371 370 370 370 370 369 END
START 375 375 375 374 374 374 371 371 370 370 370 370 371 371 370 370 370 369 END
START 366 366 366 365 365 365 364 364 364 363 363 363 363 363 362 362 362 361 END
START 355 355 355 354 354 354 352 351 352 351 351 350 345 345 345 344 344 343 END
START 347 347 347 347 347 347 354 354 354 354 354 353 363 363 363 363 363 362 END
START 366 366 366 365 364 364 367 367 367 367 367 366 367 367 367 366 366 366 END
START 366 367 367 366 367 366 368 368 368 368 367 367 364 365 364 364 364 363 END