START 331 332 331 331 332 332 334 332 333 334 334 334 334 334 335 334 333 335 END
START 331 332 333 332 333 332 341 341 340 342 341 340 342 342 341 342 341 341 END
START 344 344 345 345 345 345 346 346 347 347 346 345 350 351 351 352 351 351 END
START 355 356 356 355 356 355 357 357 358 358 357 356 363 362 363 363 363 362 END
START 356 357 357 358 358 358 367 365 366 366 365 365 366 366 365 366 365 365 END
START 366 367 367 367 367 367 368 369 367 368 368 367 365 366 365 366 364 364 END
START 361 362 363 361 362 361 363 363 363 364 363 363 364 365 364 365 364 364 END
START 359 360 360 360 360 359 367 367 366 367 367 366 373 373 372 372 371 371 END
START 368 369 370 369 369 369 381 382 381 381 380 380 379 379 378 379 379 378 END
START 388 389 390 389 390 389 385 385 385 385 384 384 381 380 380 382 381 381 END
START 382 383 382 382 383 382 382 382 382 381 382 381 383 383 382 382 382 381 END
START 381 381 382 381 382 381 378 379 379 378 378 377 382 383 383 382 382 382 END
START 393 394 394 394 394 393 374 374 373 374 373 373 371 371 371 371 370 370 END
START 374 375 376 375 375 374 374 373 373 373 373 373 374 373 373 373 373 372 END
START 365 366 366 366 367 366 370 369 369 370 370 369 369 368 369 370 368 368 END
START 372 373 373 372 372 372 366 366 365 366 365 365 364 365 363 364 364 363 END
START 359 359 360 359 359 358 352 352 352 352 351 351 349 349 349 349 348 348 END
START 342 344 344 343 344 343 340 339 340 340 339 338 344 344 344 344 343 343 END
START 354 355 356 356 356 356 366 366 365 367 366 366 373 373 373 373 372 372 END
START 370 371 371 371 371 370 375 375 374 375 375 374 373 372 372 372 371 370 END
START 360 361 361 361 361 361 388 387 387 388 387 387 416 415 415 415 414 414 END
START 434 435 435 435 436 435 417 417 417 416 416 415 401 400 401 401 401 400 END
START 399 397 398 397 398 397 394 394 394 395 394 393 396 396 396 396 396 395 END
START 388 389 390 389 389 389 388 387 387 387 387 386 379 378 378 378 377 377 END