START 391 391 390 390 391 390 390 389 389 389 389 389 387 387 387 387 386 386 END
START 387 388 388 388 388 388 382 383 383 382 381 381 382 382 382 382 382 382 END
START 385 386 386 385 385 384 387 387 388 387 387 387 390 390 390 390 389 389 END
START 387 388 389 388 389 388 393 394 394 393 393 392 388 388 388 387 387 386 END
START 403 404 405 404 405 405 405 405 405 404 404 403 407 408 408 408 408 408 END
START 403 401 402 401 402 402 392 392 393 393 392 392 403 403 403 404 403 402 END
START 395 394 395 394 395 395 405 405 405 405 405 404 391 391 391 391 390 389 END
START 397 398 398 397 398 398 393 393 393 392 392 391 387 387 387 387 387 387 END
START 391 392 392 391 392 392 393 393 394 394 394 393 399 399 399 399 399 398 END
START 388 389 389 388 389 388 397 396 396 396 396 395 394 393 393 393 392 392 END
START 397 398 398 398 398 398 400 399 399 399 399 398 398 397 398 398 398 397 END
START 396 397 397 396 397 396 381 381 382 382 382 382 392 392 392 392 392 392 END
START 385 386 386 385 386 386 392 393 393 392 392 392 400 400 400 400 399 399 END
START 390 391 391 390 391 391 389 388 389 388 388 387 393 393 394 393 393 393 END
START 397 397 398 397 397 396 386 386 386 386 386 386 395 394 395 395 395 394 END
START 383 383 384 383 383 383 386 386 386 386 386 385 392 391 392 391 391 391 END
START 390 390 391 390 391 391 392 393 393 392 391 391 389 388 389 388 388 388 END
START 395 396 396 395 396 396 389 388 389 389 389 389 397 398 398 397 397 397 END
START 389 390 390 388 389 389 396 396 396 396 396 396 395 394 395 394 394 393 END
START 386 387 388 387 388 388 390 390 390 390 389 389 389 388 389 388 388 387 END
START 395 396 396 396 396 395 380 381 381 380 380 380 387 387 387 387 386 386 END
START 381 382 382 381 381 381 393 393 393 393 392 392 393 393 393 393 392 392 END
START 387 388 388 388 388 388 395 394 394 394 393 393 390 390 390 389 389 389 END