START 352 352 352 352 352 351 345 344 345 345 344 345 347 348 348 349 347 349 END
START 348 349 350 349 350 349 352 352 353 353 352 352 354 355 355 355 354 353 END
START 356 357 357 357 357 356 358 356 357 357 356 356 360 360 360 360 359 359 END
START 378 379 379 379 380 379 395 395 396 396 395 394 404 403 404 404 403 403 END
START 400 400 400 400 400 399 401 400 401 400 400 400 399 399 399 399 398 397 END
START 396 395 396 395 396 396 397 397 397 398 396 395 384 383 383 383 382 382 END
START 385 386 386 385 385 385 384 383 384 383 383 382 375 376 376 375 375 374 END
START 371 372 372 371 371 371 371 372 371 371 371 371 387 387 386 387 386 386 END
START 390 391 392 391 391 391 387 387 386 387 386 385 384 384 383 383 382 382 END
START 386 387 387 387 388 388 379 378 379 378 378 377 386 386 386 386 385 385 END
START 360 362 362 361 362 361 357 357 357 358 357 357 365 365 365 365 364 364 END
START 364 365 365 364 365 364 374 372 374 374 373 373 376 377 376 377 376 376 END
START 386 387 387 386 387 386 373 373 372 373 372 372 377 376 377 377 377 376 END
START 374 375 375 374 375 374 372 371 371 372 371 371 376 376 375 376 376 375 END
START 370 370 371 371 371 370 375 374 374 375 374 373 374 373 373 374 373 373 END