START 346 347 345 345 346 346 346 344 346 346 346 346 346 346 347 347 346 347 END
START 357 356 356 355 355 355 350 351 351 351 350 350 356 356 357 357 356 356 END
START 359 358 359 357 358 358 365 365 366 366 364 364 365 364 366 365 364 364 END
START 369 370 371 370 371 370 368 369 368 368 367 367 368 368 368 368 367 367 END
START 372 373 373 372 373 372 362 363 362 363 362 361 365 366 365 366 365 364 END
START 363 364 364 364 363 362 367 367 366 367 366 366 374 374 374 375 374 373 END
START 367 368 369 368 369 368 370 370 369 370 369 368 375 374 374 374 374 373 END
START 369 370 371 370 370 370 373 374 373 374 373 372 383 382 382 383 382 382 END
START 373 374 374 374 374 374 377 377 377 377 377 376 379 379 379 378 378 377 END
START 369 369 371 370 370 370 379 380 379 380 378 378 375 374 374 374 374 373 END
START 376 377 377 377 377 376 372 371 371 372 371 370 375 374 374 375 374 374 END
START 377 377 378 377 377 377 375 375 375 376 375 375 380 379 379 379 379 378 END
START 373 375 375 375 375 375 379 378 377 378 377 377 375 374 374 375 374 374 END
START 378 379 379 379 379 378 372 371 371 372 371 371 373 373 372 374 373 372 END
START 371 372 372 371 371 371 372 371 371 372 371 371 375 375 375 375 374 373 END
START 365 367 367 366 367 366 370 369 369 370 369 368 365 364 364 364 363 362 END
START 360 362 362 362 362 362 354 354 353 353 353 352 355 356 354 355 354 354 END
START 356 356 357 356 357 356 367 365 367 367 366 366 372 372 373 373 372 372 END
START 368 369 370 369 369 368 373 373 372 372 371 371 375 374 374 375 374 373 END
START 370 372 372 371 372 371 370 369 369 370 369 369 370 369 369 370 369 369 END
START 370 372 372 371 371 370 366 367 367 367 366 366 369 369 368 369 369 368 END
START 371 371 372 371 371 370 377 378 377 378 377 377 397 398 397 397 396 396 END
START 418 419 419 419 419 419 433 432 431 432 432 431 417 415 416 415 415 415 END
START 409 408 409 409 409 408 401 401 400 402 401 401 399 398 398 399 398 397 END