START 399 399 398 398 398 397 397 396 396 396 396 396 393 393 393 393 392 393 END
START 394 395 395 394 395 394 391 390 391 390 390 389 390 390 391 391 391 391 END
START 387 388 388 387 387 387 398 398 398 398 398 398 398 397 397 397 397 396 END
START 395 396 396 396 396 396 422 421 421 421 420 420 427 426 426 426 426 425 END
START 417 418 418 417 418 418 413 413 412 413 412 411 411 411 411 412 411 411 END
START 405 403 404 403 403 403 406 405 406 406 405 405 393 393 393 394 393 393 END
START 394 392 394 393 393 393 395 396 396 395 395 394 395 395 395 394 394 394 END
START 396 397 398 397 397 397 392 392 392 391 391 390 387 387 388 388 388 388 END
START 390 391 391 390 390 390 387 386 387 387 387 387 393 394 394 393 393 393 END
START 382 383 383 382 383 382 388 389 388 388 388 387 385 384 384 384 384 384 END
START 383 384 385 384 385 385 384 384 384 383 383 383 382 382 382 382 382 382 END
START 388 389 389 387 388 388 383 383 383 383 383 383 379 379 379 379 379 379 END
START 363 364 364 363 364 364 365 366 366 365 365 365 347 346 346 346 345 345 END
START 345 346 347 346 347 346 348 348 347 348 347 347 348 349 349 349 348 348 END
START 363 364 364 363 363 363 379 380 380 381 380 380 394 394 394 394 394 393 END
START 388 388 389 388 388 388 403 403 403 402 402 402 403 402 402 401 401 401 END
START 400 400 401 400 400 400 401 401 401 401 400 400 392 393 393 393 392 392 END
START 403 402 402 401 402 401 384 384 384 384 383 383 399 398 399 399 398 398 END
START 404 403 403 403 403 403 426 426 427 427 427 427 434 433 434 434 433 433 END
START 439 437 438 437 438 437 415 415 414 415 414 413 404 404 403 404 403 403 END