START 355 356 355 354 356 355 355 353 354 354 354 354 351 351 351 351 350 351 END
START 313 314 314 314 314 314 298 298 299 299 298 297 294 293 294 294 293 292 END
START 301 301 302 302 303 302 309 309 309 309 309 308 315 314 315 315 315 314 END
START 327 328 328 327 328 327 337 338 338 338 338 337 339 338 339 340 339 338 END
START 336 337 337 336 337 336 344 343 343 344 343 342 345 344 344 345 344 344 END
START 345 346 346 345 346 346 344 345 345 345 344 343 346 346 347 346 346 345 END
START 355 356 356 356 356 356 360 360 361 361 361 360 356 356 356 357 356 356 END
START 361 362 363 362 362 361 361 362 361 362 361 361 361 360 361 361 360 359 END
START 361 362 363 362 362 362 364 365 363 364 363 363 361 362 361 361 360 360 END
START 372 373 374 373 373 373 374 375 374 374 373 373 374 374 373 374 373 373 END
START 369 370 370 369 370 369 376 376 376 377 376 376 379 378 378 379 378 377 END
START 374 376 376 376 376 376 382 381 381 381 381 380 376 376 375 376 375 375 END
START 380 381 381 381 381 380 376 377 377 376 376 375 381 379 380 380 380 379 END
START 376 376 376 376 376 376 377 376 376 377 376 376 381 381 380 380 380 380 END
START 376 377 377 377 377 376 380 380 379 380 379 378 375 375 375 374 374 374 END
START 371 371 372 371 371 371 352 351 351 352 352 351 347 347 346 348 347 347 END
START 359 360 360 360 360 359 367 366 367 367 367 366 370 370 370 370 369 369 END
START 366 367 368 367 367 368 370 370 369 370 369 369 369 369 369 369 368 368 END
START 368 369 370 369 369 369 366 366 365 366 365 364 369 370 370 371 370 369 END
START 394 395 395 395 395 395 428 429 428 429 428 428 445 443 444 444 443 443 END
START 446 446 447 446 447 446 433 434 433 434 432 432 420 421 421 420 419 419 END
START 416 414 415 415 415 414 407 407 406 407 406 406 400 399 400 400 399 398 END