START 331 331 330 330 332 331 332 331 331 332 332 332 332 332 333 333 332 333 END
START 335 336 336 335 335 335 341 341 340 341 340 340 347 347 347 348 348 347 END
START 347 348 349 348 348 347 350 350 351 350 349 349 355 356 356 356 355 355 END
START 353 354 354 354 354 354 357 357 358 357 356 355 356 355 356 356 356 356 END
START 364 365 366 365 366 365 350 349 350 351 350 349 355 354 356 356 355 354 END
START 356 357 357 357 357 356 362 361 362 363 363 362 363 362 363 364 363 363 END
START 361 362 362 362 363 362 366 366 366 366 366 365 362 363 362 363 361 361 END
START 358 360 360 360 360 360 367 367 367 367 366 366 369 369 369 369 369 368 END
START 365 366 367 366 366 366 364 364 363 364 363 363 376 377 376 377 376 376 END
START 374 375 376 374 375 374 374 375 375 376 375 375 383 382 382 383 381 381 END
START 377 378 378 378 378 378 376 375 375 376 375 375 376 377 377 377 376 376 END
START 379 381 381 380 381 380 374 373 372 374 373 372 377 376 376 377 376 376 END
START 376 377 378 377 378 377 378 378 378 379 379 378 379 379 379 380 379 379 END
START 380 381 382 382 382 381 383 382 382 382 381 381 370 369 369 369 368 368 END
START 373 374 375 374 374 374 368 368 368 368 368 367 372 373 372 373 372 371 END
START 365 366 367 366 366 366 370 371 370 371 371 370 368 367 367 368 367 367 END
START 369 370 371 370 370 370 367 367 366 366 366 365 366 367 366 366 365 365 END
START 370 371 371 371 371 371 359 359 358 359 358 358 362 362 361 361 360 360 END
START 361 362 363 362 362 362 371 370 371 371 371 370 378 378 377 377 377 376 END
START 371 373 373 372 372 372 374 373 373 373 372 372 368 368 367 368 367 366 END