START 389 389 388 388 389 388 387 386 386 386 386 386 384 384 384 384 382 384 END
START 385 386 387 386 386 386 379 379 379 379 379 379 384 385 385 384 384 384 END
START 382 382 383 382 382 381 393 393 393 394 393 393 395 395 395 394 394 393 END
START 388 390 390 390 390 390 397 396 396 396 395 395 391 390 391 390 390 390 END
START 398 399 399 398 399 398 386 386 386 386 386 386 395 395 396 395 395 395 END
START 383 384 384 383 383 383 392 393 393 392 392 392 389 388 389 388 388 388 END
START 384 384 385 385 385 385 390 390 390 389 389 388 385 385 385 385 384 384 END
START 393 394 394 393 393 394 384 384 384 384 384 384 388 388 388 387 387 387 END
START 394 395 395 394 394 394 407 408 408 408 408 408 416 416 416 416 416 415 END
START 401 401 402 401 402 402 406 406 406 406 405 404 398 397 398 398 397 397 END
START 406 405 406 405 406 405 397 397 397 398 397 396 402 402 403 402 402 402 END
START 404 402 403 402 402 402 405 405 405 405 405 405 403 402 402 402 401 401 END
START 389 388 389 388 389 389 387 387 387 387 386 385 384 384 384 384 383 382 END
START 385 386 386 386 386 386 376 375 376 375 375 375 380 380 380 380 380 380 END
START 384 385 385 384 384 384 398 398 398 399 398 398 403 403 403 403 403 402 END
START 392 393 393 393 393 393 401 400 401 400 400 399 393 393 393 393 392 392 END
START 397 398 398 398 398 398 390 390 390 391 390 389 394 393 394 394 394 394 END
START 394 395 396 394 395 394 394 393 394 393 393 393 406 405 406 405 405 405 END
START 392 393 394 393 393 393 405 405 405 404 404 404 396 396 396 396 395 394 END
START 400 401 401 401 401 401 394 394 394 394 393 393 394 393 394 394 394 394 END
START 402 400 401 400 400 400 394 394 394 395 394 394 402 401 401 401 401 401 END
START 390 389 390 389 390 389 397 397 397 397 397 396 388 387 387 388 387 386 END
START 398 399 399 399 399 399 390 389 389 388 388 387 388 388 388 388 388 388 END
START 391 392 392 391 391 391 388 389 389 389 389 389 394 394 394 393 393 393 END