START 380 380 379 379 379 380 379 378 378 379 379 378 377 377 377 377 376 376 END
START 374 375 375 375 375 375 370 370 370 370 370 369 371 371 370 371 371 370 END
START 371 373 373 372 372 372 373 373 373 374 373 373 374 373 373 374 373 373 END
START 370 371 372 371 371 370 376 376 375 376 375 375 373 372 372 373 371 371 END
START 368 370 370 370 370 370 372 371 370 371 370 370 369 369 369 369 369 368 END
START 373 375 375 374 374 374 367 367 366 367 366 366 374 375 375 376 374 374 END
START 377 379 379 378 378 378 374 374 373 374 373 373 375 375 374 375 374 373 END
START 371 372 372 372 372 372 377 376 376 376 375 375 371 370 370 371 370 369 END
START 372 373 374 373 373 372 368 367 367 368 367 367 369 369 369 370 369 369 END
START 367 368 368 368 368 367 365 366 365 366 365 365 366 366 365 366 365 364 END
START 362 363 364 363 363 363 368 368 368 368 367 366 365 365 365 365 364 363 END
START 368 369 369 368 369 368 365 365 364 365 364 363 366 366 365 366 366 365 END
START 361 362 363 362 362 362 356 356 355 356 355 355 362 363 361 362 361 360 END
START 348 349 350 349 350 349 353 352 353 352 352 351 348 348 347 348 347 347 END
START 349 350 350 349 350 350 350 349 351 351 350 349 353 353 354 354 354 353 END
START 353 354 354 353 354 353 358 357 359 359 358 358 360 359 360 360 360 359 END
START 359 360 361 360 360 359 366 365 366 366 365 365 369 370 368 369 368 368 END
START 372 373 373 372 372 372 371 371 371 371 371 370 370 370 370 371 370 370 END
START 372 373 374 373 373 372 370 370 370 371 370 370 373 373 373 373 373 372 END
START 368 370 370 370 370 370 371 371 371 372 371 370 369 368 368 368 368 368 END
START 370 371 371 371 372 371 363 364 363 364 363 362 360 360 360 360 359 359 END
START 361 362 362 362 362 361 359 359 358 359 358 358 361 360 361 362 361 360 END
START 355 356 356 356 356 356 356 355 356 356 356 354 357 357 356 357 356 356 END
START 354 355 356 355 355 355 359 359 359 360 359 358 361 360 361 361 360 360 END
START 365 365 367 365 366 365 366 365 366 367 366 366 370 371 370 371 370 370 END
START 368 369 369 369 369 368 374 375 374 375 374 374 373 373 373 373 372 371 END