START 283 283 282 282 283 282 283 282 282 282 282 282 281 281 282 282 281 282 END
START 292 293 293 293 293 293 296 296 296 296 295 295 307 307 307 307 307 306 END
START 313 312 313 312 312 312 319 319 318 319 319 318 326 326 326 326 326 326 END
START 331 330 330 329 329 330 337 337 337 337 337 337 340 341 340 340 340 339 END
START 345 346 348 346 347 346 348 347 346 348 347 346 353 354 354 354 354 353 END
START 354 355 355 354 355 354 357 357 357 357 357 356 361 360 361 361 360 360 END
START 358 358 359 358 358 358 368 368 368 368 368 367 366 367 365 366 365 364 END
START 369 369 370 369 370 370 372 372 371 371 371 370 374 374 373 374 373 373 END
START 379 379 380 379 379 379 377 376 376 377 376 376 378 377 377 378 377 377 END
START 371 373 373 372 372 372 380 380 379 380 379 379 377 376 376 377 376 375 END
START 371 372 373 372 372 372 373 372 372 372 372 371 372 371 371 372 371 371 END
START 377 378 378 377 378 377 375 375 374 374 374 374 375 375 375 375 375 374 END
START 369 370 370 369 370 369 375 375 375 376 374 374 372 372 371 372 371 370 END
START 372 373 374 373 373 373 369 368 368 368 368 367 367 367 367 367 367 366 END
START 378 378 379 378 378 378 371 371 370 372 371 370 370 370 369 370 369 369 END
START 368 368 369 368 368 368 373 373 373 374 373 373 372 372 371 371 371 370 END
START 370 371 371 371 371 370 371 370 370 371 370 369 365 364 364 364 364 363 END
START 367 368 368 368 368 367 368 368 367 368 367 367 368 369 368 368 368 367 END
START 365 366 367 366 366 366 371 371 371 371 370 370 373 373 372 373 372 372 END
START 363 364 365 364 365 364 367 366 366 366 365 365 365 365 365 365 365 365 END
START 368 369 370 369 370 369 352 352 352 352 351 350 342 342 341 342 341 340 END
START 327 328 328 327 327 327 322 321 322 322 322 321 326 326 327 326 326 325 END
START 320 320 321 321 320 321 332 332 331 332 331 331 341 342 340 342 341 340 END
START 363 364 365 364 365 364 377 377 376 378 377 377 384 384 385 385 384 384 END
START 386 388 387 387 387 386 387 387 386 387 387 386 390 390 390 389 389 388 END
START 381 382 382 381 381 381 388 389 389 388 387 387 382 382 382 381 381 381 END
START 382 383 384 383 384 383 379 379 379 378 378 377 378 378 378 378 377 377 END
START 380 380 382 380 381 380 379 379 379 380 379 379 377 376 376 377 376 376 END
START 374 375 375 374 374 374 368 367 367 367 366 366 367 367 366 367 366 366 END
START 370 371 372 371 371 371 372 372 371 371 371 370 368 370 368 369 368 368 END
START 370 371 371 370 370 370 366 366 366 367 366 365 361 362 361 362 361 361 END
START 356 357 357 357 357 357 368 369 368 368 368 367 367 367 367 367 366 365 END
START 365 366 367 367 367 367 365 365 364 365 364 364 367 367 366 367 366 365 END