START 374 375 374 374 375 374 375 374 374 374 374 374 372 372 372 372 370 371 END
START 366 367 367 366 367 367 373 373 373 373 372 371 369 368 368 369 368 368 END
START 382 382 383 382 382 382 373 373 373 374 374 374 384 384 384 384 384 384 END
START 380 381 381 380 381 380 384 383 383 384 383 383 403 403 403 403 402 402 END
START 419 420 421 420 421 421 424 424 425 424 423 423 409 409 409 409 408 408 END
START 412 411 411 410 411 410 399 399 398 399 399 398 396 396 397 397 396 396 END
START 392 391 391 390 390 390 393 392 393 393 392 392 395 395 395 394 394 394 END
START 387 388 388 388 389 388 389 389 389 389 388 388 381 380 381 380 380 379 END
START 389 390 390 389 390 389 382 382 382 382 382 382 393 394 394 394 394 393 END
START 399 399 400 399 399 399 392 393 393 393 393 392 400 399 399 399 398 398 END
START 389 390 391 390 391 390 397 396 397 396 396 396 394 394 394 393 393 393 END
START 402 402 403 401 402 401 384 383 384 383 383 383 387 386 387 387 387 387 END
START 390 388 389 388 388 388 393 394 394 394 394 393 396 396 396 395 395 394 END
START 384 386 386 386 386 386 394 394 394 394 394 393 387 386 386 386 386 386 END
START 395 395 396 395 396 395 392 392 392 391 391 391 391 391 391 391 391 391 END
START 392 393 393 391 392 391 394 394 394 394 394 394 397 397 397 396 396 396 END
START 384 385 386 385 386 386 390 389 389 389 388 388 383 382 383 382 382 381 END
START 376 377 377 376 377 377 359 359 359 358 358 357 358 358 359 359 359 359 END
START 366 366 367 366 367 366 381 380 381 382 381 381 398 397 398 398 398 397 END
START 398 399 400 399 400 400 408 408 408 407 407 406 402 402 402 401 401 400 END
START 400 401 401 401 401 401 395 394 394 394 393 392 394 394 394 395 394 394 END
START 423 422 423 422 423 422 437 436 437 437 437 437 430 430 430 430 429 430 END
START 406 405 406 405 405 405 417 416 416 417 416 416 403 403 402 403 402 401 END
START 409 408 409 408 408 408 401 401 401 401 400 399 402 402 403 403 403 403 END
START 408 407 408 407 407 406 395 396 396 397 396 396 407 407 407 407 406 406 END