START 338 339 338 338 339 338 340 338 339 339 340 340 338 339 339 339 338 339 END
START 343 345 345 345 345 345 349 349 349 350 349 348 348 347 347 348 348 347 END
START 352 354 354 354 354 354 356 355 355 355 354 354 359 359 359 360 358 358 END
START 358 360 360 359 359 358 361 361 361 362 361 361 366 365 366 366 365 364 END
START 366 366 367 366 366 366 370 370 369 370 369 369 365 366 365 366 365 364 END
START 366 366 368 367 367 366 364 365 363 364 364 363 371 371 371 372 370 370 END
START 367 369 369 368 368 368 374 374 374 375 373 373 373 372 372 372 372 371 END
START 357 358 359 359 359 358 355 355 354 355 354 353 341 341 340 341 340 340 END
START 343 345 346 345 346 346 346 345 346 346 344 344 346 346 347 347 346 346 END
START 355 356 357 356 357 356 355 355 356 356 355 355 360 360 361 361 360 359 END
START 353 354 354 354 353 353 364 364 364 364 364 362 358 358 358 357 357 356 END
START 376 376 378 377 377 377 380 379 379 379 379 378 384 383 384 384 383 383 END
START 388 388 389 388 388 388 387 386 386 387 386 386 388 388 389 388 387 387 END
START 381 382 382 382 383 381 391 392 392 392 391 392 387 386 386 386 385 384 END
START 390 391 392 391 391 391 386 385 386 385 385 385 382 382 382 381 381 381 END
START 382 383 383 383 383 382 376 376 376 375 375 375 375 376 376 375 375 375 END
START 371 373 373 373 374 373 363 362 362 363 363 362 365 365 364 365 364 363 END
START 367 368 368 367 368 367 372 373 371 372 371 370 366 367 365 366 366 365 END
START 376 377 377 377 377 376 371 370 370 371 370 370 371 372 371 371 370 370 END
START 368 368 369 368 368 368 372 372 372 372 372 372 373 372 372 373 371 371 END
START 369 370 370 370 371 370 369 368 368 369 368 367 376 376 376 377 376 376 END
START 405 407 407 406 407 406 416 415 415 415 415 415 413 412 412 413 412 412 END
START 400 399 400 400 400 399 383 383 383 384 384 383 381 380 381 382 380 379 END
START 379 377 378 378 378 377 377 377 378 377 376 375 370 370 370 370 369 369 END
START 370 371 372 371 371 371 369 368 368 369 368 368 363 363 364 364 363 363 END
START 365 366 366 365 365 364 363 365 363 364 364 363 363 363 362 363 362 361 END