START 388 389 387 388 389 389 391 390 391 392 392 392 393 393 394 394 393 394 END
START 380 381 381 380 381 381 390 390 390 390 390 389 389 389 389 389 388 388 END
START 389 390 391 390 391 391 388 387 388 387 387 386 385 385 385 384 384 384 END
START 390 391 391 390 390 390 387 388 388 388 387 388 393 393 393 393 393 392 END
START 390 391 391 390 391 391 408 408 408 408 407 407 411 410 410 410 409 409 END
START 412 413 414 413 414 413 400 400 400 400 399 399 388 388 388 389 388 388 END
START 391 390 391 390 390 390 384 384 385 384 384 384 392 393 393 393 393 392 END
START 385 385 386 385 385 384 394 394 394 394 393 394 391 391 391 390 390 390 END
START 392 393 393 393 393 393 390 389 389 388 388 388 386 385 386 385 385 385 END
START 395 395 396 395 395 395 392 392 393 392 392 392 403 403 403 403 403 402 END
START 391 392 392 391 392 391 402 402 403 402 402 402 393 393 393 393 392 392 END
START 394 395 395 395 395 395 392 392 392 392 391 390 387 386 387 387 386 386 END
START 398 399 399 398 398 398 391 391 391 391 391 391 393 394 394 394 393 393 END
START 388 389 389 388 389 388 398 398 398 398 398 398 392 392 392 391 391 390 END
START 385 387 387 387 387 387 384 384 383 382 382 381 377 376 376 376 376 376 END
START 386 387 387 387 387 387 381 381 382 381 381 381 392 392 392 393 392 392 END
START 382 383 383 382 382 382 393 393 393 393 392 392 393 392 392 392 391 391 END
START 386 386 387 387 387 387 393 392 393 392 391 391 386 385 386 385 385 384 END
START 395 395 396 395 395 395 382 381 382 381 381 381 389 389 390 389 389 390 END
START 394 395 395 394 394 394 409 409 409 409 409 409 418 418 418 417 417 416 END
START 400 401 401 401 401 401 391 391 391 390 389 389 387 386 386 387 386 386 END
START 396 395 396 395 395 395 390 390 390 389 389 389 390 390 391 390 390 390 END
START 387 388 388 387 388 387 394 394 394 394 394 393 396 395 395 395 395 394 END