START 360 361 359 360 360 361 362 361 362 362 362 361 362 362 363 363 361 363 END
START 363 362 363 361 362 362 369 369 369 369 368 368 369 369 368 369 368 368 END
START 371 371 372 371 371 370 372 372 371 372 371 371 371 371 371 372 370 370 END
START 374 375 375 374 374 374 374 373 373 374 373 373 380 379 379 380 379 379 END
START 374 375 375 375 375 374 380 379 379 380 380 379 376 375 375 376 375 374 END
START 374 375 376 375 376 375 374 375 375 374 373 373 370 370 369 370 369 369 END
START 373 375 375 374 374 374 367 366 367 367 366 366 377 377 376 376 376 375 END
START 385 384 384 382 382 382 380 381 381 380 380 379 377 377 376 376 376 375 END
START 373 372 372 371 371 372 372 372 372 372 371 371 367 367 366 366 366 366 END
START 372 371 371 370 370 370 367 367 367 367 367 367 374 375 375 374 374 374 END
START 373 372 372 370 371 371 371 371 371 372 371 371 370 370 370 370 370 369 END
START 370 369 369 368 369 369 370 370 369 369 369 368 367 367 367 367 366 366 END
START 371 370 370 369 369 369 365 365 365 365 365 364 367 367 368 368 368 367 END
START 363 362 362 361 361 361 365 366 365 365 365 364 362 363 362 362 361 361 END
START 358 360 360 359 360 360 365 365 364 364 364 363 363 363 362 363 362 361 END
START 365 366 366 366 366 365 360 360 360 361 360 359 362 363 362 362 362 362 END
START 359 360 361 360 360 359 363 363 363 363 362 362 364 363 364 364 363 362 END
START 360 361 361 360 361 360 364 365 364 365 364 363 364 364 363 363 363 361 END
START 366 367 367 367 367 366 360 360 360 360 359 359 362 363 362 362 362 361 END
START 355 356 356 355 356 355 350 349 350 350 349 349 344 345 344 345 344 343 END
START 339 340 341 340 340 340 349 348 349 349 348 347 353 352 353 352 351 351 END
START 364 364 365 364 365 365 369 369 370 369 369 368 373 373 374 374 374 373 END
START 378 379 379 378 378 378 378 378 378 378 377 377 379 379 379 379 379 379 END
START 374 375 375 374 375 374 380 379 379 380 380 378 377 377 377 377 377 376 END
START 378 379 379 379 379 378 376 376 376 376 375 375 374 374 373 374 374 373 END
START 376 376 377 376 376 376 369 368 369 369 369 369 376 376 375 376 375 375 END
START 366 367 367 366 367 366 370 371 370 370 370 369 369 369 368 369 368 368 END
START 361 362 363 362 362 362 359 358 358 358 357 356 353 354 353 353 352 352 END
START 356 357 357 357 357 356 360 358 359 360 359 358 365 365 366 366 365 365 END
START 367 368 369 368 368 367 366 365 366 367 365 365 362 363 362 362 361 361 END
START 366 367 367 367 367 366 369 370 369 370 369 368 370 370 369 369 369 368 END
START 371 373 373 372 372 372 371 371 370 371 371 370 376 377 376 377 376 376 END