START 362 362 361 361 362 362 362 361 361 362 362 362 361 361 361 361 360 360 END
START 337 338 338 337 337 337 306 307 305 306 304 304 284 285 284 285 284 283 END
START 294 295 295 295 294 294 295 295 295 295 296 295 304 304 304 304 304 304 END
START 308 308 308 307 307 306 317 317 316 317 317 316 320 320 320 319 320 319 END
START 328 327 328 327 327 327 330 330 329 330 330 329 332 333 332 332 332 331 END
START 340 339 340 339 339 339 340 340 339 339 339 338 345 345 345 345 345 344 END
START 349 349 349 348 348 348 355 355 354 355 355 354 356 356 356 356 356 355 END
START 358 358 358 357 357 357 364 364 364 363 363 362 365 365 365 365 365 364 END
START 375 375 375 374 374 374 375 375 375 375 374 374 379 379 379 378 378 378 END
START 377 377 377 376 376 376 375 375 375 374 374 373 373 373 373 372 372 372 END
START 371 371 371 370 370 370 373 373 373 373 373 372 379 380 379 379 379 379 END
START 377 377 377 376 376 376 379 379 378 378 378 377 380 380 380 380 379 379 END
START 378 378 378 377 377 376 375 375 375 375 375 374 375 375 375 374 374 373 END
START 373 373 373 372 372 372 371 371 371 370 370 369 369 369 369 368 368 367 END
START 369 369 369 368 368 368 369 369 369 368 368 368 366 366 366 365 365 365 END
START 364 364 364 363 363 363 358 358 358 357 357 357 361 361 361 360 360 360 END
START 359 359 359 358 358 358 363 363 363 363 363 362 363 363 363 363 363 362 END
START 365 365 365 364 364 364 365 365 365 364 364 363 363 363 363 362 362 362 END
START 365 365 365 364 364 364 363 363 363 363 363 362 363 363 363 363 362 362 END
START 365 364 365 364 364 364 365 365 365 365 365 364 367 367 367 367 367 366 END
START 368 368 368 367 367 367 369 369 369 368 368 368 367 367 367 366 366 366 END
START 363 362 363 362 362 362 354 354 354 353 353 352 346 346 346 345 345 344 END
START 336 335 336 335 335 334 329 329 329 329 329 328 326 326 326 326 325 325 END
START 328 328 328 328 328 328 337 337 336 336 336 336 339 339 339 339 339 338 END
START 344 344 344 344 344 344 352 352 352 351 351 351 356 356 356 356 356 355 END
START 368 368 368 367 367 367 380 380 380 380 380 379 388 388 388 388 388 387 END
START 390 390 390 389 389 389 398 398 398 398 397 397 398 398 398 398 398 397 END
START 401 401 401 400 400 400 396 396 396 395 395 395 396 396 396 396 396 396 END
START 392 391 391 390 390 390 389 389 389 389 389 388 389 389 389 389 389 388 END
START 382 382 382 382 381 382 383 383 382 382 382 381 378 378 378 378 378 377 END
START 378 378 378 377 377 377 368 368 368 368 367 367 364 364 364 364 364 363 END
START 356 356 356 355 355 355 356 356 356 355 355 355 357 357 357 357 357 356 END
START 361 361 361 360 360 360 379 378 378 378 378 378 387 387 387 386 386 386 END
START 400 400 400 400 400 400 411 410 411 411 410 410 407 407 407 407 407 406 END
START 406 404 405 404 405 404 398 398 398 399 398 398 398 398 399 399 398 397 END